95284:ApriltagsCameraLog(1):,tag,last yaw,cam yaw,calc yaw,update yaw, est yaw,x,est x,y,est y,adjust
95323:ApriltagsCameraLog(1):,7,153.335349,153.235000,153.235000,153.235000,153.357558,1.496246,1.497185,5.138120,5.140895,9.704918
95337:ApriltagsCameraLog(1):,7,153.357558,153.192000,153.192000,153.192000,153.347464,1.495938,1.496716,5.136968,5.139507,9.704918
95345:ApriltagsCameraLog(1):,7,153.347464,153.203000,153.203000,153.203000,153.334123,1.496017,1.496329,5.137263,5.138237,9.704918
95351:ApriltagsCameraLog(1):,7,153.334123,153.295000,153.295000,153.295000,153.322971,1.496674,1.496173,5.139727,5.137750,9.704918
95364:ApriltagsCameraLog(1):,7,153.322971,152.949000,152.949000,152.949000,153.321280,1.491919,1.496424,5.131621,5.138738,9.685029
95371:ApriltagsCameraLog(1):,7,153.321280,152.932000,152.932000,152.932000,153.287277,1.491796,1.494182,5.131167,5.135173,9.685029
95375:ApriltagsCameraLog(1):,7,153.287277,153.183000,153.183000,153.183000,153.254780,1.495873,1.492994,5.136727,5.133167,9.704918
95380:ApriltagsCameraLog(1):,7,153.254780,153.389000,153.389000,153.389000,153.248738,1.497342,1.494433,5.142245,5.134948,9.704918
95386:ApriltagsCameraLog(1):,7,153.248738,153.315000,153.315000,153.315000,153.262333,1.496817,1.495891,5.140263,5.138595,9.704918
95389:ApriltagsCameraLog(1):,7,153.262333,153.336000,153.336000,153.336000,153.267657,1.496966,1.496354,5.140825,5.139429,9.704918
95395:ApriltagsCameraLog(1):,7,153.267657,153.579000,153.579000,153.579000,153.274360,1.500953,1.496660,5.146209,5.140127,9.724808
95417:ApriltagsCameraLog(1):,7,153.274360,153.502000,153.502000,153.502000,153.302998,1.500412,1.498814,5.144141,5.143163,9.724808
95425:ApriltagsCameraLog(1):,7,153.302998,153.629000,153.629000,153.629000,153.321698,1.501303,1.499614,5.147552,5.143651,9.724808
95434:ApriltagsCameraLog(1):,7,153.321698,153.368000,153.368000,153.368000,153.350411,1.497193,1.500463,5.141683,5.145599,9.704918
95441:ApriltagsCameraLog(1):,7,153.350411,153.436000,153.436000,153.436000,153.352054,1.497674,1.498828,5.143505,5.143641,9.704918
95445:ApriltagsCameraLog(1):,7,153.352054,153.339000,153.339000,153.339000,153.359896,1.496987,1.498251,5.140906,5.143573,9.704918
95454:ApriltagsCameraLog(1):,7,153.359896,153.170000,153.170000,153.170000,153.357944,1.495780,1.497619,5.136379,5.142239,9.704918
95496:ApriltagsCameraLog(1):,7,153.357944,153.204000,153.204000,153.204000,153.340387,1.496024,1.496704,5.137290,5.139308,9.704918
95536:ApriltagsCameraLog(1):,7,153.340387,153.463000,153.463000,153.463000,153.317647,1.497864,1.496365,5.144229,5.138299,9.704918
95576:ApriltagsCameraLog(1):,7,153.317647,153.330000,153.330000,153.330000,153.330291,1.496923,1.497118,5.140664,5.141263,9.704918
95596:ApriltagsCameraLog(1):,7,153.330291,153.520000,153.520000,153.520000,153.329890,1.500539,1.497021,5.144624,5.140964,9.724808
95636:ApriltagsCameraLog(1):,7,153.329890,153.892000,153.892000,153.892000,153.337616,1.503124,1.498782,5.154623,5.142791,9.724808
95676:ApriltagsCameraLog(1):,7,153.337616,153.501000,153.501000,153.501000,153.388375,1.498132,1.500979,5.145248,5.148698,9.704918
95696:ApriltagsCameraLog(1):,7,153.388375,153.655000,153.655000,153.655000,153.388523,1.501484,1.499554,5.148251,5.146974,9.724808
95735:ApriltagsCameraLog(1):,7,153.388523,153.618000,153.618000,153.618000,153.422437,1.501226,1.500520,5.147257,5.147610,9.724808
95756:ApriltagsCameraLog(1):,7,153.422437,153.514000,153.514000,153.514000,153.431511,1.500496,1.500873,5.144463,5.147433,9.724808
95795:ApriltagsCameraLog(1):,7,153.431511,153.557000,153.557000,153.557000,153.438270,1.500799,1.500684,5.145618,5.145948,9.724808
95836:ApriltagsCameraLog(1):,7,153.438270,153.329000,153.329000,153.329000,153.449340,1.496916,1.500741,5.140638,5.145783,9.704918
95856:ApriltagsCameraLog(1):,7,153.449340,153.701000,153.701000,153.701000,153.438099,1.501805,1.498831,5.149487,5.143209,9.724808
95896:ApriltagsCameraLog(1):,7,153.438099,153.202000,153.202000,153.202000,153.462612,1.493742,1.500324,5.138381,5.146345,9.685029
95936:ApriltagsCameraLog(1):,7,153.462612,153.674000,153.674000,153.674000,153.438222,1.501617,1.497042,5.148761,5.142356,9.724808
95956:ApriltagsCameraLog(1):,7,153.438222,153.104000,153.104000,153.104000,153.460206,1.495305,1.499335,5.134613,5.145555,9.704918
95996:ApriltagsCameraLog(1):,7,153.460206,153.407000,153.407000,153.407000,153.426931,1.497469,1.497336,5.142728,5.140078,9.704918
96036:ApriltagsCameraLog(1):,7,153.426931,152.966000,152.966000,152.966000,153.425069,1.492043,1.497402,5.132075,5.141403,9.685029
96056:ApriltagsCameraLog(1):,7,153.425069,153.399000,153.399000,153.399000,153.382105,1.497412,1.494739,5.142513,5.136729,9.704918
96096:ApriltagsCameraLog(1):,7,153.382105,153.305000,153.305000,153.305000,153.393684,1.496745,1.496076,5.139995,5.139621,9.704918
96135:ApriltagsCameraLog(1):,7,153.393684,154.023000,154.023000,154.023000,153.366147,1.506303,1.496411,5.157035,5.139808,9.744700
96155:ApriltagsCameraLog(1):,7,153.366147,153.214000,153.214000,153.214000,153.395418,1.493828,1.501400,5.138702,5.148397,9.685029
96195:ApriltagsCameraLog(1):,7,153.395418,153.371000,153.371000,153.371000,153.284883,1.498353,1.497623,5.144034,5.143543,9.709093
96235:ApriltagsCameraLog(1):,7,153.284883,153.353000,153.353000,153.353000,153.205267,1.494824,1.497988,5.148099,5.143788,9.673550
96255:ApriltagsCameraLog(1):,7,153.205267,152.788000,152.788000,152.788000,153.191145,1.486290,1.496407,5.135326,5.145945,9.633805
96295:ApriltagsCameraLog(1):,7,153.191145,153.513000,153.513000,153.513000,153.180083,1.493661,1.491367,5.153515,5.140618,9.653677
96335:ApriltagsCameraLog(1):,7,153.180083,153.277000,153.277000,153.277000,153.223960,1.487487,1.492533,5.149493,5.147063,9.613935
96355:ApriltagsCameraLog(1):,7,153.223960,152.985000,152.985000,152.985000,153.280088,1.479757,1.490010,5.141768,5.148279,9.569946
96395:ApriltagsCameraLog(1):,7,153.280088,153.219000,153.219000,153.219000,153.327752,1.475723,1.484890,5.147992,5.145014,9.525967
96436:ApriltagsCameraLog(1):,7,153.327752,153.255000,153.255000,153.255000,153.392930,1.473706,1.480306,5.150086,5.146501,9.506091
96475:ApriltagsCameraLog(1):,7,153.392930,153.722000,153.722000,153.722000,153.436607,1.471219,1.477005,5.162393,5.148292,9.462119
96495:ApriltagsCameraLog(1):,7,153.436607,153.087000,153.087000,153.087000,153.490386,1.456645,1.474132,5.148023,5.155350,9.378393
96535:ApriltagsCameraLog(1):,7,153.490386,153.112000,153.112000,153.112000,153.465757,1.451139,1.465398,5.148707,5.151662,9.334434
96555:ApriltagsCameraLog(1):,7,153.465757,153.409000,153.409000,153.409000,153.452784,1.450917,1.458273,5.157569,5.150166,9.314550
96595:ApriltagsCameraLog(1):,7,153.452784,153.857000,153.857000,153.857000,153.460479,1.447083,1.454594,5.172581,5.153867,9.254908
96635:ApriltagsCameraLog(1):,7,153.460479,153.690000,153.690000,153.690000,153.460120,1.438026,1.450868,5.169355,5.163236,9.191062
96656:ApriltagsCameraLog(1):,7,153.460120,153.702000,153.702000,153.702000,153.478899,1.433551,1.444452,5.171914,5.166305,9.151302
96695:ApriltagsCameraLog(1):,7,153.478899,153.661000,153.661000,153.661000,153.469547,1.424177,1.439006,5.175369,5.169119,9.071801
96735:ApriltagsCameraLog(1):,7,153.469547,153.548000,153.548000,153.548000,153.486074,1.418891,1.431596,5.174749,5.172254,9.032059
96755:ApriltagsCameraLog(1):,7,153.486074,153.485000,153.485000,153.485000,153.462147,1.410527,1.425244,5.174276,5.173504,8.968198
96796:ApriltagsCameraLog(1):,7,153.462147,153.823000,153.823000,153.823000,153.421430,1.408147,1.417886,5.185069,5.173890,8.928457
96835:ApriltagsCameraLog(1):,7,153.421430,154.229000,154.229000,154.229000,153.368351,1.406107,1.413032,5.197535,5.179494,8.888722
96855:ApriltagsCameraLog(1):,7,153.368351,153.494000,153.494000,153.494000,153.416081,1.393536,1.409624,5.185845,5.188535,8.813588
96895:ApriltagsCameraLog(1):,7,153.416081,153.453000,153.453000,153.453000,153.399333,1.387596,1.401579,5.184819,5.187192,8.769554
96936:ApriltagsCameraLog(1):,7,153.399333,153.186000,153.186000,153.186000,153.403035,1.377943,1.394588,5.179350,5.186008,8.705672
96955:ApriltagsCameraLog(1):,7,153.403035,153.153000,153.153000,153.153000,153.370571,1.370932,1.386271,5.181976,5.182665,8.646102
96995:ApriltagsCameraLog(1):,7,153.370571,153.718000,153.718000,153.718000,153.316979,1.372194,1.378602,5.197012,5.182306,8.626248
97035:ApriltagsCameraLog(1):,7,153.316979,152.817000,152.817000,152.817000,153.356560,1.356304,1.375420,5.177261,5.189669,8.542505
97055:ApriltagsCameraLog(1):,7,153.356560,153.178000,153.178000,153.178000,153.280122,1.352932,1.365888,5.186080,5.183425,8.498475
97096:ApriltagsCameraLog(1):,7,153.280122,153.123000,153.123000,153.123000,153.227265,1.345787,1.359409,5.188189,5.184746,8.438909
97135:ApriltagsCameraLog(1):,7,153.227265,153.273000,153.273000,153.273000,153.192511,1.339918,1.352596,5.195241,5.186460,8.379357
97155:ApriltagsCameraLog(1):,7,153.192511,153.279000,153.279000,153.279000,153.178747,1.332007,1.346259,5.196542,5.190853,8.315461
97196:ApriltagsCameraLog(1):,7,153.178747,152.669000,152.669000,152.669000,153.177362,1.321419,1.339135,5.185474,5.193702,8.255917
97215:ApriltagsCameraLog(1):,7,153.177362,153.098000,153.098000,153.098000,153.121629,1.319564,1.330294,5.197962,5.189553,8.216229
97255:ApriltagsCameraLog(1):,7,153.121629,153.314000,153.314000,153.314000,153.139065,1.312925,1.324928,5.204236,5.193757,8.152324
97295:ApriltagsCameraLog(1):,7,153.139065,153.388000,153.388000,153.388000,153.159763,1.308826,1.318934,5.208256,5.199005,8.112638
97335:ApriltagsCameraLog(1):,7,153.159763,153.329000,153.329000,153.329000,153.174260,1.299396,1.313888,5.211430,5.203639,8.033286
97355:ApriltagsCameraLog(1):,7,153.174260,152.863000,152.863000,152.863000,153.180062,1.288676,1.306646,5.201778,5.207543,7.969369
97395:ApriltagsCameraLog(1):,7,153.180062,153.237000,153.237000,153.237000,153.153598,1.285247,1.297669,5.216146,5.204638,7.914312
97415:ApriltagsCameraLog(1):,7,153.153598,153.143000,153.143000,153.143000,153.153795,1.279021,1.291462,5.214004,5.210396,7.870207
97455:ApriltagsCameraLog(1):,7,153.153795,152.994000,152.994000,152.994000,153.151451,1.269096,1.285241,5.215193,5.212199,7.790909
97495:ApriltagsCameraLog(1):,7,153.151451,153.166000,153.166000,153.166000,153.133540,1.265556,1.277167,5.221412,5.213686,7.751271
97535:ApriltagsCameraLog(1):,7,153.133540,153.189000,153.189000,153.189000,153.167249,1.258886,1.271363,5.225372,5.217551,7.691829
97555:ApriltagsCameraLog(1):,7,153.167249,153.304000,153.304000,153.304000,153.183203,1.253851,1.265126,5.227989,5.221464,7.647694
97595:ApriltagsCameraLog(1):,7,153.183203,153.406000,153.406000,153.406000,153.239889,1.249876,1.259492,5.232564,5.224733,7.608066
97635:ApriltagsCameraLog(1):,7,153.239889,153.503000,153.503000,153.503000,153.303252,1.244729,1.254690,5.234738,5.228656,7.563932
97655:ApriltagsCameraLog(1):,7,153.303252,153.431000,153.431000,153.431000,153.361481,1.239791,1.249715,5.235398,5.231706,7.524303
97695:ApriltagsCameraLog(1):,7,153.361481,153.388000,153.388000,153.388000,153.414739,1.232743,1.244755,5.237853,5.233557,7.464873
97735:ApriltagsCameraLog(1):,7,153.414739,153.801000,153.801000,153.801000,153.435715,1.233823,1.238749,5.244742,5.235705,7.460355
97755:ApriltagsCameraLog(1):,7,153.435715,153.209000,153.209000,153.209000,153.481492,1.223821,1.236300,5.235051,5.240231,7.400917
97795:ApriltagsCameraLog(1):,7,153.481492,153.156000,153.156000,153.156000,153.438520,1.220118,1.230066,5.232765,5.237628,7.376593
97816:ApriltagsCameraLog(1):,7,153.438520,153.442000,153.442000,153.442000,153.403599,1.218267,1.225098,5.243593,5.235185,7.341497
97856:ApriltagsCameraLog(1):,7,153.403599,153.242000,153.242000,153.242000,153.408083,1.211518,1.221684,5.239228,5.239390,7.297344
97895:ApriltagsCameraLog(1):,7,153.408083,153.595000,153.595000,153.595000,153.458066,1.211121,1.216601,5.248062,5.239302,7.277536
97935:ApriltagsCameraLog(1):,7,153.458066,153.245000,153.245000,153.245000,153.602341,1.203586,1.213867,5.240456,5.243687,7.233389
97955:ApriltagsCameraLog(1):,7,153.602341,153.602000,153.602000,153.602000,153.634000,1.199798,1.208730,5.248182,5.242062,7.189254
97995:ApriltagsCameraLog(1):,7,153.634000,153.258000,153.258000,153.258000,153.871266,1.192297,1.204265,5.240773,5.245124,7.145130
98035:ApriltagsCameraLog(1):,7,153.871266,154.182000,154.182000,154.182000,154.042001,1.192590,1.198288,5.257187,5.242930,7.116416
98056:ApriltagsCameraLog(1):,7,154.042001,153.955000,153.955000,153.955000,154.208080,1.184634,1.195459,5.249980,5.250067,7.067975
98096:ApriltagsCameraLog(1):,7,154.208080,153.975000,153.975000,153.975000,154.437721,1.175662,1.190047,5.249185,5.250020,6.999768
98135:ApriltagsCameraLog(1):,7,154.437721,154.592000,154.592000,154.592000,154.536130,1.175424,1.182855,5.261069,5.249589,6.975625
98156:ApriltagsCameraLog(1):,7,154.536130,154.790000,154.790000,154.790000,154.580563,1.170730,1.179148,5.265130,5.255334,6.931632
98195:ApriltagsCameraLog(1):,7,154.580563,154.312000,154.312000,154.312000,154.623461,1.160361,1.174949,5.256069,5.260240,6.867777
98235:ApriltagsCameraLog(1):,7,154.623461,154.433000,154.433000,154.433000,154.604891,1.154101,1.167660,5.261889,5.258138,6.808158
98256:ApriltagsCameraLog(1):,7,154.604891,154.717000,154.717000,154.717000,154.585438,1.148613,1.160878,5.271056,5.260005,6.748556
98295:ApriltagsCameraLog(1):,7,154.585438,154.543000,154.543000,154.543000,154.613579,1.140887,1.154752,5.270729,5.265537,6.688971
98336:ApriltagsCameraLog(1):,7,154.613579,154.726000,154.726000,154.726000,154.605440,1.137172,1.147818,5.276665,5.268130,6.649257
98355:ApriltagsCameraLog(1):,7,154.605440,154.067000,154.067000,154.067000,154.631201,1.123728,1.142499,5.265324,5.272402,6.565515
98395:ApriltagsCameraLog(1):,7,154.631201,154.537000,154.537000,154.537000,154.617947,1.119127,1.133128,5.278140,5.268824,6.505955
98435:ApriltagsCameraLog(1):,7,154.617947,154.668000,154.668000,154.668000,154.734357,1.115149,1.126127,5.282960,5.273481,6.466258
98456:ApriltagsCameraLog(1):,7,154.734357,155.018000,155.018000,155.018000,154.821944,1.108766,1.120640,5.290926,5.278223,6.402360
98495:ApriltagsCameraLog(1):,7,154.821944,155.220000,155.220000,155.220000,154.993492,1.103987,1.114717,5.294794,5.284588,6.358320
98515:ApriltagsCameraLog(1):,7,154.993492,155.184000,155.184000,155.184000,155.080855,1.095846,1.109366,5.294969,5.289705,6.294435
98555:ApriltagsCameraLog(1):,7,155.080855,154.778000,154.778000,154.778000,155.181712,1.083752,1.102609,5.288972,5.292345,6.210695
98595:ApriltagsCameraLog(1):,7,155.181712,155.076000,155.076000,155.076000,155.203005,1.077102,1.093185,5.295718,5.290634,6.146817
98635:ApriltagsCameraLog(1):,7,155.203005,155.152000,155.152000,155.152000,155.344749,1.070521,1.085142,5.300400,5.293172,6.087239
98655:ApriltagsCameraLog(1):,7,155.344749,155.380000,155.380000,155.380000,155.379987,1.063512,1.077831,5.305679,5.296784,6.023356
98695:ApriltagsCameraLog(1):,7,155.379987,155.515000,155.515000,155.515000,155.500810,1.056092,1.070674,5.309121,5.301235,5.959479
98735:ApriltagsCameraLog(1):,7,155.500810,155.864000,155.864000,155.864000,155.667505,1.049533,1.063386,5.316589,5.305185,5.895608
98755:ApriltagsCameraLog(1):,7,155.667505,155.559000,155.559000,155.559000,155.759277,1.041350,1.056475,5.313955,5.310905,5.836018
98796:ApriltagsCameraLog(1):,7,155.759277,155.409000,155.409000,155.409000,155.841755,1.032748,1.048911,5.311991,5.312423,5.772142
98835:ApriltagsCameraLog(1):,7,155.841755,155.857000,155.857000,155.857000,155.870847,1.026567,1.040830,5.321170,5.312186,5.708271
98855:ApriltagsCameraLog(1):,7,155.870847,155.884000,155.884000,155.884000,155.911603,1.018681,1.033701,5.322467,5.316682,5.644406
98901:ApriltagsCameraLog(1):,7,155.911603,155.916000,155.916000,155.916000,155.975350,1.011850,1.026191,5.326167,5.319576,5.584805
98935:ApriltagsCameraLog(1):,7,155.975350,155.692000,155.692000,155.692000,156.014234,1.002985,1.019020,5.322886,5.322871,5.520935
98955:ApriltagsCameraLog(1):,7,156.014234,155.966000,155.966000,155.966000,155.981413,0.994770,1.011003,5.332005,5.322862,5.441482
98995:ApriltagsCameraLog(1):,7,155.981413,155.925000,155.925000,155.925000,155.912668,0.987658,1.002887,5.334374,5.327434,5.381915
99015:ApriltagsCameraLog(1):,7,155.912668,156.029000,156.029000,156.029000,155.874886,0.981081,0.995271,5.339332,5.330901,5.322369
99055:ApriltagsCameraLog(1):,7,155.874886,155.953000,155.953000,155.953000,155.833805,0.973845,0.988180,5.341086,5.335123,5.262843
99095:ApriltagsCameraLog(1):,7,155.833805,155.893000,155.893000,155.893000,155.785891,0.966672,0.981014,5.343138,5.338108,5.203338
99135:ApriltagsCameraLog(1):,7,155.785891,155.608000,155.608000,155.608000,155.704453,0.956389,0.973844,5.342339,5.340626,5.124032
99155:ApriltagsCameraLog(1):,7,155.704453,155.849000,155.849000,155.849000,155.633272,0.951330,0.965115,5.351959,5.341470,5.069108
99196:ApriltagsCameraLog(1):,7,155.633272,155.401000,155.401000,155.401000,155.559260,0.942840,0.958229,5.347401,5.346722,5.009711
99235:ApriltagsCameraLog(1):,7,155.559260,155.484000,155.484000,155.484000,155.427951,0.938507,0.950534,5.350930,5.347048,4.970126
99255:ApriltagsCameraLog(1):,7,155.427951,155.413000,155.413000,155.413000,155.371008,0.932390,0.944520,5.355200,5.348987,4.915438
99295:ApriltagsCameraLog(1):,7,155.371008,155.132000,155.132000,155.132000,155.286611,0.924520,0.938455,5.353647,5.352092,4.856140
99335:ApriltagsCameraLog(1):,7,155.286611,155.293000,155.293000,155.293000,155.177915,0.919201,0.931486,5.361845,5.352858,4.801659
99355:ApriltagsCameraLog(1):,7,155.177915,155.444000,155.444000,155.444000,155.144652,0.915068,0.925345,5.366480,5.357353,4.762183
99395:ApriltagsCameraLog(1):,7,155.144652,155.093000,155.093000,155.093000,155.147057,0.904724,0.920214,5.364923,5.361926,4.683267
99436:ApriltagsCameraLog(1):,7,155.147057,155.554000,155.554000,155.554000,155.081563,0.902592,0.912468,5.376929,5.363419,4.648769
99455:ApriltagsCameraLog(1):,7,155.081563,155.035000,155.035000,155.035000,155.136081,0.893025,0.907550,5.369329,5.370189,4.584693
99495:ApriltagsCameraLog(1):,7,155.136081,154.656000,154.656000,154.656000,155.142610,0.884937,0.900288,5.366435,5.369752,4.525587
99535:ApriltagsCameraLog(1):,7,155.142610,155.081000,155.081000,155.081000,155.159974,0.881650,0.892618,5.375427,5.368069,4.486199
99556:ApriltagsCameraLog(1):,7,155.159974,155.388000,155.388000,155.388000,155.224627,0.877942,0.887135,5.382474,5.371749,4.446825
99595:ApriltagsCameraLog(1):,7,155.224627,155.517000,155.517000,155.517000,155.491757,0.871584,0.882548,5.382019,5.377120,4.397425
99635:ApriltagsCameraLog(1):,7,155.491757,155.707000,155.707000,155.707000,155.793488,0.868769,0.877070,5.383766,5.379578,4.372769
99655:ApriltagsCameraLog(1):,7,155.793488,155.718000,155.718000,155.718000,155.979133,0.865440,0.872922,5.382669,5.381678,4.348142
99695:ApriltagsCameraLog(1):,7,155.979133,155.773000,155.773000,155.773000,156.340507,0.861198,0.869181,5.379946,5.382172,4.318723
99736:ApriltagsCameraLog(1):,7,156.340507,156.136000,156.136000,156.136000,156.478108,0.861216,0.865191,5.383324,5.381053,4.313954
99755:ApriltagsCameraLog(1):,7,156.478108,156.302000,156.302000,156.302000,156.604095,0.858342,0.863202,5.384626,5.382187,4.289469
99795:ApriltagsCameraLog(1):,7,156.604095,156.738000,156.738000,156.738000,156.820067,0.859886,0.860771,5.385782,5.383404,4.299968
99815:ApriltagsCameraLog(1):,7,156.820067,156.845000,156.845000,156.845000,156.924583,0.859188,0.860329,5.385124,5.384593,4.295414
99855:ApriltagsCameraLog(1):,7,156.924583,157.018000,157.018000,157.018000,157.127494,0.858684,0.859759,5.385495,5.384859,4.290913
99895:ApriltagsCameraLog(1):,7,157.127494,157.017000,157.017000,157.017000,157.347040,0.855351,0.859221,5.384133,5.385177,4.266634
99936:ApriltagsCameraLog(1):,7,157.347040,157.003000,157.003000,157.003000,157.660450,0.853326,0.857286,5.379239,5.384653,4.257878
99956:ApriltagsCameraLog(1):,7,157.660450,157.178000,157.178000,157.178000,157.803212,0.852852,0.855312,5.379621,5.381942,4.253581
99995:ApriltagsCameraLog(1):,7,157.803212,157.913000,157.913000,157.913000,158.231309,0.853026,0.854084,5.386356,5.380778,4.245152
100035:ApriltagsCameraLog(1):,7,158.231309,158.530000,158.530000,158.530000,159.005272,0.850995,0.853558,5.386507,5.383568,4.228949
100055:ApriltagsCameraLog(1):,7,159.005272,158.444000,158.444000,158.444000,159.235271,0.845590,0.852280,5.379019,5.385040,4.197408
100095:ApriltagsCameraLog(1):,7,159.235271,159.544000,159.544000,159.544000,159.850951,0.846005,0.848943,5.388875,5.382020,4.186298
100141:ApriltagsCameraLog(1):,7,159.850951,159.609000,159.609000,159.609000,160.615141,0.842645,0.847481,5.380355,5.385451,4.172265
100155:ApriltagsCameraLog(1):,7,160.615141,159.938000,159.938000,159.938000,160.903106,0.837721,0.845068,5.376743,5.382898,4.139057
100195:ApriltagsCameraLog(1):,7,160.903106,160.759000,160.759000,160.759000,161.445521,0.837572,0.841404,5.382115,5.379809,4.129768
100236:ApriltagsCameraLog(1):,7,161.445521,161.311000,161.311000,161.311000,162.025438,0.836687,0.839488,5.383341,5.380961,4.120989
100255:ApriltagsCameraLog(1):,7,162.025438,161.818000,161.818000,161.818000,162.272464,0.836523,0.838087,5.386262,5.382150,4.115421
100296:ApriltagsCameraLog(1):,7,162.272464,162.219000,162.219000,162.219000,162.867030,0.832887,0.837305,5.385907,5.384206,4.087337
100335:ApriltagsCameraLog(1):,7,162.867030,162.499000,162.499000,162.499000,163.236974,0.832141,0.835095,5.385320,5.385055,4.082325
100355:ApriltagsCameraLog(1):,7,163.236974,162.784000,162.784000,162.784000,163.415590,0.829009,0.833618,5.385550,5.385184,4.057358
100396:ApriltagsCameraLog(1):,7,163.415590,163.271000,163.271000,163.271000,163.793866,0.828895,0.831313,5.388061,5.385363,4.052793
100435:ApriltagsCameraLog(1):,7,163.793866,163.631000,163.631000,163.631000,164.129252,0.826729,0.830103,5.391791,5.386711,4.030393
100455:ApriltagsCameraLog(1):,7,164.129252,163.971000,163.971000,163.971000,164.298329,0.826938,0.828414,5.394484,5.389250,4.028249
100495:ApriltagsCameraLog(1):,7,164.298329,164.080000,164.080000,164.080000,164.646928,0.824089,0.827675,5.394384,5.391867,4.005948
100515:ApriltagsCameraLog(1):,7,164.646928,163.871000,163.871000,163.871000,164.760198,0.820378,0.825880,5.389506,5.393122,3.983694
100556:ApriltagsCameraLog(1):,7,164.760198,164.432000,164.432000,164.432000,164.849299,0.819441,0.823138,5.398601,5.391301,3.963474
100596:ApriltagsCameraLog(1):,7,164.849299,164.965000,164.965000,164.965000,164.939475,0.818339,0.821283,5.407243,5.394947,3.943254
100635:ApriltagsCameraLog(1):,7,164.939475,165.050000,165.050000,165.050000,165.020229,0.816748,0.819817,5.411623,5.401097,3.925093
100655:ApriltagsCameraLog(1):,7,165.020229,165.069000,165.069000,165.069000,165.057949,0.814993,0.818286,5.415015,5.406361,3.907003
100695:ApriltagsCameraLog(1):,7,165.057949,165.091000,165.091000,165.091000,165.024277,0.813897,0.816640,5.420905,5.410688,3.891233
100736:ApriltagsCameraLog(1):,7,165.024277,165.117000,165.117000,165.117000,165.010047,0.809697,0.815270,5.425052,5.415797,3.853170
100775:ApriltagsCameraLog(1):,7,165.010047,165.547000,165.547000,165.547000,165.116727,0.811229,0.812486,5.433877,5.420426,3.855550
100795:ApriltagsCameraLog(1):,7,165.116727,165.186000,165.186000,165.186000,165.342024,0.808688,0.811881,5.431633,5.427154,3.837820
100836:ApriltagsCameraLog(1):,7,165.342024,164.935000,164.935000,164.935000,165.586153,0.803265,0.810285,5.429245,5.429394,3.797484
100855:ApriltagsCameraLog(1):,7,165.586153,165.308000,165.308000,165.308000,165.704203,0.803375,0.806775,5.432268,5.429310,3.795024
100895:ApriltagsCameraLog(1):,7,165.704203,165.681000,165.681000,165.681000,166.155798,0.802853,0.805074,5.432826,5.430787,3.790282
100936:ApriltagsCameraLog(1):,7,166.155798,166.038000,166.038000,166.038000,166.519056,0.800476,0.803963,5.436216,5.431807,3.767807
100955:ApriltagsCameraLog(1):,7,166.519056,166.142000,166.142000,166.142000,166.765411,0.799461,0.802219,5.432806,5.434011,3.763413
100995:ApriltagsCameraLog(1):,7,166.765411,166.751000,166.751000,166.751000,167.211273,0.799472,0.800841,5.436770,5.433406,3.759260
101036:ApriltagsCameraLog(1):,7,167.211273,167.202000,167.202000,167.202000,167.703527,0.796718,0.800157,5.438976,5.435088,3.735119
101056:ApriltagsCameraLog(1):,7,167.703527,167.486000,167.486000,167.486000,167.971652,0.796147,0.798438,5.438155,5.437032,3.731439
101080:ApriltagsCameraLog(1):,7,167.971652,167.877000,167.877000,167.877000,168.171436,0.796343,0.797292,5.441368,5.437593,3.729691
101136:ApriltagsCameraLog(1):,7,168.171436,168.231000,168.231000,168.231000,168.749883,0.793980,0.796816,5.444557,5.439480,3.707751
101156:ApriltagsCameraLog(1):,7,168.749883,168.944000,168.944000,168.944000,168.948438,0.796720,0.795397,5.449446,5.442018,3.724811
101196:ApriltagsCameraLog(1):,7,168.948438,168.760000,168.760000,168.760000,169.437343,0.793413,0.796067,5.444770,5.445731,3.703040
101235:ApriltagsCameraLog(1):,7,169.437343,169.480000,169.480000,169.480000,170.026564,0.796213,0.794741,5.449768,5.445248,3.720481
101256:ApriltagsCameraLog(1):,7,170.026564,169.665000,169.665000,169.665000,170.378221,0.798113,0.795479,5.447009,5.447507,3.738183
101296:ApriltagsCameraLog(1):,7,170.378221,170.590000,170.590000,170.590000,171.110055,0.798386,0.796796,5.453005,5.447260,3.734781
101336:ApriltagsCameraLog(1):,7,171.110055,170.689000,170.689000,170.689000,171.953234,0.799411,0.797595,5.444013,5.450131,3.751406
101356:ApriltagsCameraLog(1):,7,171.953234,171.852000,171.852000,171.852000,172.322788,0.804936,0.798511,5.450256,5.447075,3.789340
101395:ApriltagsCameraLog(1):,7,172.322788,171.975000,171.975000,171.975000,173.152295,0.805885,0.801726,5.439136,5.448661,3.807682
101436:ApriltagsCameraLog(1):,7,173.152295,172.833000,172.833000,172.833000,173.848945,0.808988,0.803820,5.443909,5.443905,3.827547
101455:ApriltagsCameraLog(1):,7,173.848945,173.341000,173.341000,173.341000,174.177885,0.813744,0.806404,5.440742,5.443909,3.868427
101496:ApriltagsCameraLog(1):,7,174.177885,173.610000,173.610000,173.610000,174.843990,0.815631,0.810077,5.434363,5.442333,3.889945
101516:ApriltagsCameraLog(1):,7,174.843990,174.152000,174.152000,174.152000,175.067528,0.820685,0.812870,5.431820,5.438359,3.932720
101556:ApriltagsCameraLog(1):,7,175.067528,174.995000,174.995000,174.995000,175.585044,0.826474,0.816789,5.433903,5.435103,3.976418
101596:ApriltagsCameraLog(1):,7,175.585044,175.244000,175.244000,175.244000,176.092127,0.828860,0.821632,5.429857,5.434507,3.999639
101636:ApriltagsCameraLog(1):,7,176.092127,175.927000,175.927000,175.927000,176.390096,0.834731,0.825252,5.432238,5.432191,4.043654
101656:ApriltagsCameraLog(1):,7,176.390096,176.229000,176.229000,176.229000,176.731552,0.839896,0.829992,5.428903,5.432216,4.088153
101695:ApriltagsCameraLog(1):,7,176.731552,176.601000,176.601000,176.601000,177.145154,0.842885,0.834944,5.429384,5.430560,4.111328
101735:ApriltagsCameraLog(1):,7,177.145154,176.893000,176.893000,176.893000,177.464701,0.848274,0.838915,5.428527,5.429977,4.154974
101755:ApriltagsCameraLog(1):,7,177.464701,177.637000,177.637000,177.637000,177.581878,0.851973,0.843596,5.432329,5.429258,4.180321
101795:ApriltagsCameraLog(1):,7,177.581878,177.977000,177.977000,177.977000,177.929524,0.857630,0.847787,5.434895,5.430784,4.222606
101836:ApriltagsCameraLog(1):,7,177.929524,177.411000,177.411000,177.411000,178.241461,0.858778,0.852713,5.420862,5.432828,4.246605
101855:ApriltagsCameraLog(1):,7,178.241461,177.590000,177.590000,177.590000,178.227973,0.864139,0.855769,5.420914,5.426857,4.289015
101895:ApriltagsCameraLog(1):,7,178.227973,177.746000,177.746000,177.746000,178.197981,0.869458,0.859964,5.420633,5.423899,4.331462
101936:ApriltagsCameraLog(1):,7,178.197981,177.758000,177.758000,177.758000,178.133333,0.874560,0.864715,5.420624,5.422279,4.371900
101956:ApriltagsCameraLog(1):,7,178.133333,177.814000,177.814000,177.814000,178.075325,0.879761,0.869640,5.421322,5.421465,4.412341
101996:ApriltagsCameraLog(1):,7,178.075325,177.881000,177.881000,177.881000,177.879998,0.882634,0.874701,5.427378,5.421402,4.428672
102035:ApriltagsCameraLog(1):,7,177.879998,177.823000,177.823000,177.823000,177.843104,0.892664,0.878664,5.426060,5.424394,4.509604
102075:ApriltagsCameraLog(1):,7,177.843104,177.665000,177.665000,177.665000,177.842195,0.894863,0.885664,5.423391,5.425231,4.529838
102095:ApriltagsCameraLog(1):,7,177.842195,178.355000,178.355000,178.355000,177.777385,0.901299,0.890264,5.431950,5.424315,4.572189
102135:ApriltagsCameraLog(1):,7,177.777385,177.726000,177.726000,177.726000,177.750637,0.902609,0.895796,5.424082,5.428112,4.590543
102156:ApriltagsCameraLog(1):,7,177.750637,178.209000,178.209000,178.209000,177.642976,0.908776,0.899205,5.434396,5.426101,4.629202
102195:ApriltagsCameraLog(1):,7,177.642976,177.667000,177.667000,177.667000,177.691855,0.907763,0.904003,5.427982,5.430233,4.627443
102216:ApriltagsCameraLog(1):,7,177.691855,177.451000,177.451000,177.451000,177.722996,0.907305,0.905884,5.424417,5.429108,4.627443
102255:ApriltagsCameraLog(1):,7,177.722996,178.144000,178.144000,178.144000,177.752658,0.908646,0.906598,5.433322,5.426764,4.629202
102296:ApriltagsCameraLog(1):,7,177.752658,178.001000,178.001000,178.001000,177.842482,0.905731,0.907633,5.428510,5.430040,4.610779
102335:ApriltagsCameraLog(1):,7,177.842482,177.576000,177.576000,177.576000,177.882338,0.899744,0.906681,5.421727,5.429276,4.570307
102355:ApriltagsCameraLog(1):,7,177.882338,177.752000,177.752000,177.752000,177.868690,0.897589,0.903220,5.424708,5.425494,4.550072
102395:ApriltagsCameraLog(1):,7,177.868690,177.787000,177.787000,177.787000,177.957034,0.890050,0.900405,5.425574,5.425100,4.489370
102415:ApriltagsCameraLog(1):,7,177.957034,177.774000,177.774000,177.774000,177.973821,0.884847,0.895227,5.423022,5.425334,4.450817
102455:ApriltagsCameraLog(1):,7,177.973821,178.652000,178.652000,178.652000,177.974959,0.881513,0.890038,5.434760,5.424172,4.412341
102495:ApriltagsCameraLog(1):,7,177.974959,178.168000,178.168000,178.168000,178.105594,0.875448,0.885802,5.427158,5.429488,4.371900
102516:ApriltagsCameraLog(1):,7,178.105594,177.865000,177.865000,177.865000,178.066932,0.872353,0.880625,5.424962,5.428325,4.349687
102555:ApriltagsCameraLog(1):,7,178.066932,177.178000,177.178000,177.178000,177.888437,0.870814,0.876492,5.414054,5.426636,4.349687
102595:ApriltagsCameraLog(1):,7,177.888437,178.322000,178.322000,178.322000,177.635075,0.875917,0.873689,5.434692,5.420328,4.367979
102636:ApriltagsCameraLog(1):,7,177.635075,177.517000,177.517000,177.517000,177.604972,0.871700,0.874834,5.421972,5.427505,4.347748
102655:ApriltagsCameraLog(1):,7,177.604972,177.766000,177.766000,177.766000,177.490473,0.874974,0.873271,5.430904,5.424736,4.364279
102695:ApriltagsCameraLog(1):,7,177.490473,177.213000,177.213000,177.213000,177.249839,0.876463,0.874126,5.424510,5.427819,4.382758
102716:ApriltagsCameraLog(1):,7,177.249839,176.844000,176.844000,176.844000,176.995250,0.878466,0.875298,5.423555,5.426167,4.399657
102755:ApriltagsCameraLog(1):,7,176.995250,176.684000,176.684000,176.684000,176.573718,0.880945,0.876886,5.425921,5.424865,4.416796
102796:ApriltagsCameraLog(1):,7,176.573718,176.332000,176.332000,176.332000,176.081278,0.885735,0.878914,5.427556,5.425396,4.453088
102816:ApriltagsCameraLog(1):,7,176.081278,175.890000,175.890000,175.890000,175.835009,0.887859,0.882323,5.427851,5.426481,4.469635
102856:ApriltagsCameraLog(1):,7,175.835009,175.624000,175.624000,175.624000,175.356157,0.892939,0.885090,5.430764,5.427170,4.506992
102895:ApriltagsCameraLog(1):,7,175.356157,175.621000,175.621000,175.621000,174.941601,0.900918,0.889013,5.435199,5.428969,4.566025
102936:ApriltagsCameraLog(1):,7,174.941601,175.374000,175.374000,175.374000,174.593595,0.906102,0.894972,5.438337,5.432072,4.604266
102956:ApriltagsCameraLog(1):,7,174.593595,174.943000,174.943000,174.943000,174.462551,0.910983,0.900544,5.438380,5.435191,4.643018
102996:ApriltagsCameraLog(1):,7,174.462551,174.733000,174.733000,174.733000,174.253820,0.916100,0.905766,5.439495,5.436779,4.682676
103016:ApriltagsCameraLog(1):,7,174.253820,174.194000,174.194000,174.194000,174.136701,0.918336,0.910935,5.437847,5.438128,4.701946
103055:ApriltagsCameraLog(1):,7,174.136701,175.042000,175.042000,175.042000,173.652113,0.930640,0.914636,5.458728,5.437991,4.782662
103095:ApriltagsCameraLog(1):,7,173.652113,173.990000,173.990000,173.990000,173.340904,0.932165,0.922716,5.448269,5.448300,4.802902
103115:ApriltagsCameraLog(1):,7,173.340904,172.912000,172.912000,172.912000,173.070216,0.936100,0.927440,5.436967,5.448278,4.843937
103155:ApriltagsCameraLog(1):,7,173.070216,172.678000,172.678000,172.678000,172.330257,0.945140,0.931792,5.447134,5.442639,4.907087
103195:ApriltagsCameraLog(1):,7,172.330257,171.975000,171.975000,171.975000,171.670757,0.953148,0.938463,5.446590,5.444895,4.971265
103236:ApriltagsCameraLog(1):,7,171.670757,171.724000,171.724000,171.724000,171.188882,0.962064,0.945803,5.453719,5.445759,5.036678
103255:ApriltagsCameraLog(1):,7,171.188882,171.013000,171.013000,171.013000,170.950890,0.970329,0.953934,5.452669,5.449738,5.103295
103296:ApriltagsCameraLog(1):,7,170.950890,170.816000,170.816000,170.816000,170.488291,0.976632,0.962128,5.458422,5.451219,5.149329
103335:ApriltagsCameraLog(1):,7,170.488291,170.535000,170.535000,170.535000,170.324909,0.987038,0.969378,5.456786,5.454825,5.233408
103356:ApriltagsCameraLog(1):,7,170.324909,170.970000,170.970000,170.970000,170.243961,0.996023,0.978208,5.468393,5.455806,5.297376
103395:ApriltagsCameraLog(1):,7,170.243961,170.592000,170.592000,170.592000,170.209880,1.004239,0.987143,5.467844,5.462060,5.363249
103415:ApriltagsCameraLog(1):,7,170.209880,170.496000,170.496000,170.496000,170.150051,1.012038,0.995697,5.467345,5.464936,5.425766
103455:ApriltagsCameraLog(1):,7,170.150051,170.462000,170.462000,170.462000,169.985525,1.020347,1.003869,5.470469,5.466126,5.490182
103495:ApriltagsCameraLog(1):,7,169.985525,170.270000,170.270000,170.270000,169.803671,1.028880,1.012113,5.473145,5.468279,5.556742
103516:ApriltagsCameraLog(1):,7,169.803671,170.207000,170.207000,170.207000,169.740554,1.037170,1.020501,5.475681,5.470697,5.621520
103556:ApriltagsCameraLog(1):,7,169.740554,170.227000,170.227000,170.227000,169.670459,1.045567,1.028841,5.479770,5.473169,5.686433
103596:ApriltagsCameraLog(1):,7,169.670459,169.975000,169.975000,169.975000,169.730532,1.053203,1.037216,5.476179,5.476440,5.749236
103616:ApriltagsCameraLog(1):,7,169.730532,169.860000,169.860000,169.860000,169.815346,1.058057,1.045209,5.473094,5.476295,5.789634
103655:ApriltagsCameraLog(1):,7,169.815346,170.242000,170.242000,170.242000,169.979287,1.065611,1.051632,5.476609,5.474690,5.848066
103696:ApriltagsCameraLog(1):,7,169.979287,170.388000,170.388000,170.388000,170.144881,1.072877,1.058624,5.475645,5.475630,5.906578
103715:ApriltagsCameraLog(1):,7,170.144881,170.416000,170.416000,170.416000,170.225430,1.077499,1.065751,5.472838,5.475619,5.944951
103755:ApriltagsCameraLog(1):,7,170.225430,170.468000,170.468000,170.468000,170.358270,1.084661,1.071622,5.470084,5.474219,6.003613
103795:ApriltagsCameraLog(1):,7,170.358270,170.474000,170.474000,170.474000,170.525931,1.089258,1.078138,5.466856,5.472142,6.042121
103835:ApriltagsCameraLog(1):,7,170.525931,170.596000,170.596000,170.596000,170.597798,1.094025,1.083697,5.465920,5.469495,6.080694
103856:ApriltagsCameraLog(1):,7,170.597798,170.851000,170.851000,170.851000,170.608136,1.101902,1.088860,5.469748,5.467705,6.141398
103896:ApriltagsCameraLog(1):,7,170.608136,170.427000,170.427000,170.427000,170.645505,1.103374,1.095383,5.458387,5.468713,6.159808
103936:ApriltagsCameraLog(1):,7,170.645505,170.750000,170.750000,170.750000,170.594987,1.111382,1.099387,5.463599,5.463557,6.220529
103955:ApriltagsCameraLog(1):,7,170.594987,170.695000,170.695000,170.695000,170.613685,1.116724,1.105384,5.464180,5.463572,6.262817
103995:ApriltagsCameraLog(1):,7,170.613685,170.696000,170.696000,170.696000,170.644055,1.121739,1.111054,5.463379,5.463873,6.303293
104036:ApriltagsCameraLog(1):,7,170.644055,170.665000,170.665000,170.665000,170.663906,1.126294,1.116396,5.459421,5.463623,6.341981
104056:ApriltagsCameraLog(1):,7,170.663906,170.789000,170.789000,170.789000,170.666234,1.134004,1.121345,5.460722,5.461522,6.402711
104096:ApriltagsCameraLog(1):,7,170.666234,170.379000,170.379000,170.379000,170.672818,1.138783,1.127674,5.453992,5.461116,6.444970
104135:ApriltagsCameraLog(1):,7,170.672818,170.375000,170.375000,170.375000,170.582010,1.146290,1.133237,5.452636,5.457567,6.505694
104156:ApriltagsCameraLog(1):,7,170.582010,170.455000,170.455000,170.455000,170.497368,1.151852,1.139768,5.455952,5.455114,6.547973
104195:ApriltagsCameraLog(1):,7,170.497368,170.739000,170.739000,170.739000,170.333408,1.160223,1.145810,5.463132,5.455538,6.610517
104236:ApriltagsCameraLog(1):,7,170.333408,170.468000,170.468000,170.468000,170.307518,1.168165,1.153024,5.461213,5.459321,6.674982
104255:ApriltagsCameraLog(1):,7,170.307518,170.355000,170.355000,170.355000,170.267874,1.172999,1.160595,5.457983,5.460262,6.715441
104296:ApriltagsCameraLog(1):,7,170.267874,170.168000,170.168000,170.168000,170.260158,1.180641,1.166797,5.455232,5.459122,6.778054
104335:ApriltagsCameraLog(1):,7,170.260158,170.474000,170.474000,170.474000,170.367153,1.188634,1.173721,5.460481,5.457182,6.838736
104356:ApriltagsCameraLog(1):,7,170.367153,171.095000,171.095000,171.095000,170.406475,1.196644,1.181180,5.470093,5.458819,6.897524
104395:ApriltagsCameraLog(1):,7,170.406475,171.217000,171.217000,171.217000,170.569039,1.201439,1.188943,5.469437,5.464413,6.936142
104435:ApriltagsCameraLog(1):,7,170.569039,170.359000,170.359000,170.359000,170.709191,1.205134,1.195205,5.450034,5.466891,6.976618
104456:ApriltagsCameraLog(1):,7,170.709191,170.517000,170.517000,170.517000,170.672309,1.210410,1.200188,5.452625,5.458473,7.017095
104496:ApriltagsCameraLog(1):,7,170.672309,170.458000,170.458000,170.458000,170.605369,1.217825,1.205302,5.450077,5.455555,7.077813
104536:ApriltagsCameraLog(1):,7,170.605369,170.495000,170.495000,170.495000,170.551060,1.223318,1.211568,5.452554,5.452825,7.120109
104556:ApriltagsCameraLog(1):,7,170.551060,170.538000,170.538000,170.538000,170.529353,1.231323,1.217443,5.454753,5.452694,7.182667
104595:ApriltagsCameraLog(1):,7,170.529353,170.428000,170.428000,170.428000,170.508393,1.236151,1.224383,5.451472,5.453724,7.223136
104616:ApriltagsCameraLog(1):,7,170.508393,170.507000,170.507000,170.507000,170.486245,1.241712,1.230268,5.454896,5.452602,7.265477
104655:ApriltagsCameraLog(1):,7,170.486245,170.803000,170.803000,170.803000,170.487184,1.249698,1.235990,5.460291,5.453749,7.326174
104695:ApriltagsCameraLog(1):,7,170.487184,170.549000,170.549000,170.549000,170.595114,1.256813,1.242852,5.453332,5.457003,7.386874
104715:ApriltagsCameraLog(1):,7,170.595114,170.749000,170.749000,170.749000,170.657843,1.264656,1.249832,5.456627,5.455166,7.447577
104756:ApriltagsCameraLog(1):,7,170.657843,170.025000,170.025000,170.025000,170.807512,1.267523,1.257245,5.434290,5.455887,7.484425
104796:ApriltagsCameraLog(1):,7,170.807512,170.626000,170.626000,170.626000,170.848130,1.275747,1.262440,5.444244,5.445116,7.543412
104836:ApriltagsCameraLog(1):,7,170.848130,170.963000,170.963000,170.963000,170.855825,1.286367,1.269094,5.450378,5.444685,7.624401
104855:ApriltagsCameraLog(1):,7,170.855825,171.093000,171.093000,171.093000,170.882658,1.297016,1.277734,5.454319,5.447522,7.707111
104896:ApriltagsCameraLog(1):,7,170.882658,171.138000,171.138000,171.138000,170.887964,1.304227,1.287380,5.451685,5.450904,7.766143
104935:ApriltagsCameraLog(1):,7,170.887964,170.624000,170.624000,170.624000,170.864205,1.313748,1.295804,5.440497,5.451279,7.848838
104955:ApriltagsCameraLog(1):,7,170.864205,170.877000,170.877000,170.877000,170.810731,1.322135,1.304788,5.447767,5.445909,7.911304
104995:ApriltagsCameraLog(1):,7,170.810731,171.042000,171.042000,171.042000,170.713006,1.332849,1.313462,5.452612,5.446837,7.994034
105036:ApriltagsCameraLog(1):,7,170.713006,170.455000,170.455000,170.455000,170.668466,1.340158,1.323161,5.442318,5.449707,8.058350
105060:ApriltagsCameraLog(1):,7,170.668466,170.556000,170.556000,170.556000,170.605186,1.350781,1.331668,5.445586,5.446032,8.141137
105096:ApriltagsCameraLog(1):,7,170.605186,170.133000,170.133000,170.133000,170.554390,1.357931,1.341225,5.436532,5.445817,8.203706
105116:ApriltagsCameraLog(1):,7,170.554390,170.635000,170.635000,170.635000,170.454259,1.369704,1.349594,5.452126,5.441204,8.288444
105156:ApriltagsCameraLog(1):,7,170.454259,170.389000,170.389000,170.389000,170.508012,1.377217,1.359655,5.447315,5.446655,8.351074
105196:ApriltagsCameraLog(1):,7,170.508012,170.643000,170.643000,170.643000,170.558439,1.385580,1.368436,5.454858,5.446991,8.413722
105235:ApriltagsCameraLog(1):,7,170.558439,170.429000,170.429000,170.429000,170.603796,1.392737,1.377012,5.448274,5.450915,8.474390
105256:ApriltagsCameraLog(1):,7,170.603796,170.660000,170.660000,170.660000,170.599780,1.405659,1.384876,5.451982,5.449602,8.575511
105296:ApriltagsCameraLog(1):,7,170.599780,170.528000,170.528000,170.528000,170.547792,1.410863,1.395268,5.450326,5.450786,8.617935
105315:ApriltagsCameraLog(1):,7,170.547792,170.312000,170.312000,170.312000,170.519496,1.418423,1.403065,5.446085,5.450561,8.680601
105355:ApriltagsCameraLog(1):,7,170.519496,170.967000,170.967000,170.967000,170.435066,1.427416,1.410749,5.464055,5.448337,8.743284
105396:ApriltagsCameraLog(1):,7,170.435066,170.692000,170.692000,170.692000,170.425658,1.432421,1.419113,5.458707,5.456164,8.785769
105415:ApriltagsCameraLog(1):,7,170.425658,170.429000,170.429000,170.429000,170.426744,1.439932,1.425769,5.453195,5.457424,8.848488
105456:ApriltagsCameraLog(1):,7,170.426744,170.213000,170.213000,170.213000,170.384231,1.445003,1.432851,5.449263,5.455311,8.891014
105495:ApriltagsCameraLog(1):,7,170.384231,171.063000,171.063000,171.063000,170.313229,1.454224,1.438932,5.472601,5.452297,8.953768
105515:ApriltagsCameraLog(1):,7,170.313229,170.822000,170.822000,170.822000,170.343531,1.458909,1.446634,5.465514,5.462407,8.994182
105556:ApriltagsCameraLog(1):,7,170.343531,170.356000,170.356000,170.356000,170.206003,1.464475,1.452777,5.460003,5.463940,9.041132
105595:ApriltagsCameraLog(1):,7,170.206003,170.064000,170.064000,170.064000,169.997198,1.469450,1.458626,5.453972,5.461971,9.083766
105615:ApriltagsCameraLog(1):,7,169.997198,170.731000,170.731000,170.731000,169.863493,1.479188,1.464042,5.477821,5.457977,9.151235
105656:ApriltagsCameraLog(1):,7,169.863493,169.858000,169.858000,169.858000,169.713337,1.482234,1.471671,5.464265,5.467857,9.181050
105695:ApriltagsCameraLog(1):,7,169.713337,169.310000,169.310000,169.310000,169.469719,1.487300,1.476953,5.453778,5.466063,9.226387
105716:ApriltagsCameraLog(1):,7,169.469719,169.309000,169.309000,169.309000,169.340632,1.493232,1.482146,5.457801,5.459937,9.271827
105755:ApriltagsCameraLog(1):,7,169.340632,169.869000,169.869000,169.869000,169.204702,1.505381,1.487690,5.478486,5.458876,9.360317
105796:ApriltagsCameraLog(1):,7,169.204702,170.032000,170.032000,170.032000,169.309941,1.511015,1.496580,5.484499,5.468641,9.403285
105836:ApriltagsCameraLog(1):,7,169.309941,169.769000,169.769000,169.769000,169.464154,1.517756,1.503846,5.473536,5.476526,9.461042
105876:ApriltagsCameraLog(1):,7,169.464154,169.352000,169.352000,169.352000,169.641946,1.522635,1.510796,5.463772,5.475009,9.503994
105895:ApriltagsCameraLog(1):,7,169.641946,169.589000,169.589000,169.589000,169.670765,1.530005,1.516721,5.466354,5.469396,9.561780
105936:ApriltagsCameraLog(1):,7,169.670765,169.598000,169.598000,169.598000,169.902208,1.534098,1.523363,5.460686,5.467874,9.596902
105956:ApriltagsCameraLog(1):,7,169.902208,169.874000,169.874000,169.874000,169.966337,1.543608,1.528732,5.461474,5.464283,9.672523
105995:ApriltagsCameraLog(1):,7,169.966337,170.530000,170.530000,170.530000,170.100944,1.551592,1.536169,5.475829,5.462875,9.730583
106036:ApriltagsCameraLog(1):,7,170.100944,171.224000,171.224000,171.224000,170.313043,1.559491,1.543909,5.491417,5.469318,9.788701
106055:ApriltagsCameraLog(1):,7,170.313043,169.860000,169.860000,169.860000,170.444905,1.562695,1.551796,5.452509,5.480299,9.829060
106096:ApriltagsCameraLog(1):,7,170.444905,170.488000,170.488000,170.488000,170.477864,1.568654,1.557301,5.469221,5.466426,9.869421
106116:ApriltagsCameraLog(1):,7,170.477864,170.515000,170.515000,170.515000,170.506157,1.575370,1.562979,5.463712,5.467820,9.925302
106156:ApriltagsCameraLog(1):,7,170.506157,170.781000,170.781000,170.781000,170.469758,1.581164,1.569174,5.472897,5.465764,9.967990
106196:ApriltagsCameraLog(1):,7,170.469758,170.746000,170.746000,170.746000,170.404808,1.586541,1.575177,5.473597,5.469317,10.010697
106216:ApriltagsCameraLog(1):,7,170.404808,172.415000,170.404808,172.415000,170.387621,1.594853,1.580863,5.470167,5.471446,20.156807
106255:ApriltagsCameraLog(1):,7,170.387621,169.169000,169.169000,169.169000,170.390895,1.592797,1.587847,5.434967,5.470692,10.078403
106296:ApriltagsCameraLog(1):,7,170.390895,170.469000,170.469000,170.469000,170.273288,1.600369,1.590507,5.473661,5.452856,10.121191
106336:ApriltagsCameraLog(1):,7,170.273288,170.149000,170.149000,170.149000,170.310886,1.602432,1.595454,5.464077,5.463251,10.141363
106355:ApriltagsCameraLog(1):,7,170.310886,170.514000,170.514000,170.514000,170.288780,1.610448,1.598943,5.473273,5.463667,10.201880
106396:ApriltagsCameraLog(1):,7,170.288780,170.721000,170.721000,170.721000,170.359242,1.615721,1.604704,5.478411,5.468460,10.242227
106436:ApriltagsCameraLog(1):,7,170.359242,171.747000,171.747000,171.747000,170.385868,1.616334,1.610229,5.505522,5.473417,10.239810
106456:ApriltagsCameraLog(1):,7,170.385868,170.584000,170.584000,170.584000,170.537012,1.620561,1.613455,5.473625,5.489436,10.282575
106495:ApriltagsCameraLog(1):,7,170.537012,171.356000,171.356000,171.356000,170.551974,1.621029,1.617005,5.493469,5.481529,10.280166
106516:ApriltagsCameraLog(1):,7,170.551974,169.622000,169.622000,169.622000,170.604139,1.623620,1.619056,5.442374,5.487486,10.320524
106555:ApriltagsCameraLog(1):,7,170.604139,169.752000,169.752000,169.752000,170.465305,1.626355,1.621518,5.445693,5.464949,10.340703
106596:ApriltagsCameraLog(1):,7,170.465305,170.151000,170.151000,170.151000,170.318528,1.629963,1.623995,5.459355,5.455336,10.363278
106616:ApriltagsCameraLog(1):,7,170.318528,169.467000,169.467000,169.467000,170.256745,1.634246,1.626975,5.441017,5.457351,10.406050
106655:ApriltagsCameraLog(1):,7,170.256745,170.036000,170.036000,170.036000,170.122464,1.635665,1.630666,5.460131,5.449208,10.408499
106696:ApriltagsCameraLog(1):,7,170.122464,170.051000,170.051000,170.051000,170.010678,1.643632,1.633159,5.461755,5.454672,10.471478
106717:ApriltagsCameraLog(1):,7,170.010678,170.554000,170.554000,170.554000,169.965476,1.647245,1.638394,5.478610,5.458216,10.494140
106756:ApriltagsCameraLog(1):,7,169.965476,169.642000,169.642000,169.642000,169.971675,1.648885,1.642863,5.453836,5.468394,10.516826
106796:ApriltagsCameraLog(1):,7,169.971675,168.765000,168.765000,168.765000,169.960358,1.649739,1.645895,5.427531,5.461124,10.536987
106836:ApriltagsCameraLog(1):,7,169.960358,169.674000,169.674000,169.674000,169.938481,1.655978,1.647974,5.450913,5.444346,10.574802
106856:ApriltagsCameraLog(1):,7,169.938481,169.685000,169.685000,169.685000,169.973450,1.658041,1.651972,5.448285,5.447635,10.592493
106895:ApriltagsCameraLog(1):,7,169.973450,169.718000,169.718000,169.718000,170.054692,1.657645,1.655006,5.446763,5.447965,10.590048
106936:ApriltagsCameraLog(1):,7,170.054692,169.174000,169.174000,169.174000,170.044270,1.656131,1.656326,5.428172,5.447366,10.587632
106956:ApriltagsCameraLog(1):,7,170.044270,170.173000,170.173000,170.173000,169.960936,1.660463,1.656294,5.457296,5.437769,10.607810
106995:ApriltagsCameraLog(1):,7,169.960936,170.225000,170.225000,170.225000,169.977740,1.660545,1.658394,5.458837,5.447529,10.607810
107036:ApriltagsCameraLog(1):,7,169.977740,169.715000,169.715000,169.715000,170.009041,1.657186,1.659480,5.444175,5.453181,10.587632
107055:ApriltagsCameraLog(1):,7,170.009041,169.721000,169.721000,169.721000,169.984529,1.657197,1.658343,5.444352,5.448675,10.587632
107096:ApriltagsCameraLog(1):,7,169.984529,170.713000,170.713000,170.713000,169.961787,1.658735,1.657775,5.473718,5.446512,10.587632
107136:ApriltagsCameraLog(1):,7,169.961787,169.574000,169.574000,169.574000,170.026616,1.656926,1.658336,5.440003,5.460112,10.587632
107156:ApriltagsCameraLog(1):,7,170.026616,169.699000,169.699000,169.699000,169.987555,1.657157,1.657667,5.443701,5.450055,10.587632
107195:ApriltagsCameraLog(1):,7,169.987555,170.288000,170.288000,170.288000,169.962653,1.658138,1.657419,5.461134,5.446878,10.587632
107236:ApriltagsCameraLog(1):,7,169.962653,169.537000,169.537000,169.537000,169.990730,1.656856,1.657797,5.438908,5.454005,10.587632
107256:ApriltagsCameraLog(1):,7,169.990730,170.094000,170.094000,170.094000,169.951574,1.657835,1.657354,5.455391,5.446455,10.587632
107295:ApriltagsCameraLog(1):,7,169.951574,170.492000,170.492000,170.492000,169.963865,1.658436,1.657599,5.467174,5.450923,10.587632
107316:ApriltagsCameraLog(1):,7,169.963865,169.259000,169.259000,169.259000,169.999443,1.653811,1.658052,5.431159,5.459046,10.567454
107356:ApriltagsCameraLog(1):,7,169.999443,170.452000,170.452000,170.452000,169.954567,1.658379,1.656015,5.465989,5.445090,10.587632
107396:ApriltagsCameraLog(1):,7,169.954567,170.179000,170.179000,170.179000,169.979221,1.657970,1.657240,5.457907,5.455535,10.587632
107436:ApriltagsCameraLog(1):,7,169.979221,169.385000,169.385000,169.385000,170.004822,1.654064,1.657607,5.434880,5.456720,10.567454
107455:ApriltagsCameraLog(1):,7,170.004822,170.171000,170.171000,170.171000,169.952103,1.657957,1.655889,5.457670,5.445792,10.587632
107495:ApriltagsCameraLog(1):,7,169.952103,170.057000,170.057000,170.057000,169.970994,1.657775,1.656933,5.454296,5.451729,10.587632
107516:ApriltagsCameraLog(1):,7,169.970994,170.069000,170.069000,170.069000,169.978416,1.657794,1.657355,5.454651,5.453012,10.587632
107555:ApriltagsCameraLog(1):,7,169.978416,170.350000,170.350000,170.350000,169.996233,1.658231,1.657575,5.462969,5.453831,10.587632
107596:ApriltagsCameraLog(1):,7,169.996233,169.675000,169.675000,169.675000,170.027626,1.657113,1.657916,5.442991,5.458399,10.587632
107615:ApriltagsCameraLog(1):,7,170.027626,170.001000,170.001000,170.001000,169.997238,1.657682,1.657536,5.452638,5.450694,10.587632
107656:ApriltagsCameraLog(1):,7,169.997238,169.498000,169.498000,169.498000,169.997563,1.656781,1.657609,5.437755,5.451666,10.587632
107695:ApriltagsCameraLog(1):,7,169.997563,169.532000,169.532000,169.532000,169.954451,1.656846,1.657223,5.438760,5.444709,10.587632
107735:ApriltagsCameraLog(1):,7,169.954451,169.900000,169.900000,169.900000,169.917994,1.657512,1.657045,5.449649,5.441734,10.587632
107756:ApriltagsCameraLog(1):,7,169.917994,169.813000,169.813000,169.813000,169.916441,1.657361,1.657278,5.447074,5.445692,10.587632
107796:ApriltagsCameraLog(1):,7,169.916441,170.357000,170.357000,170.357000,169.907514,1.658241,1.657319,5.463176,5.446383,10.587632
107836:ApriltagsCameraLog(1):,7,169.907514,170.178000,170.178000,170.178000,169.946304,1.657968,1.657810,5.457877,5.454778,10.587632
107855:ApriltagsCameraLog(1):,7,169.946304,170.356000,170.356000,170.356000,169.966299,1.658240,1.657892,5.463147,5.456327,10.587632
107895:ApriltagsCameraLog(1):,7,169.966299,169.735000,169.735000,169.735000,169.999930,1.657222,1.658077,5.444766,5.459737,10.587632
107935:ApriltagsCameraLog(1):,7,169.999930,169.457000,169.457000,169.457000,169.977067,1.654205,1.657665,5.437007,5.452251,10.567454
107955:ApriltagsCameraLog(1):,7,169.977067,169.597000,169.597000,169.597000,169.932107,1.654471,1.655967,5.441142,5.444621,10.567454
107996:ApriltagsCameraLog(1):,7,169.932107,169.766000,169.766000,169.766000,169.903138,1.654778,1.655223,5.446135,5.442880,10.567454
108036:ApriltagsCameraLog(1):,7,169.903138,170.597000,170.597000,170.597000,169.891282,1.658581,1.654999,5.470283,5.444507,10.587632
108056:ApriltagsCameraLog(1):,7,169.891282,169.793000,169.793000,169.793000,169.952185,1.657326,1.656862,5.446483,5.457385,10.587632
108095:ApriltagsCameraLog(1):,7,169.952185,170.081000,170.081000,170.081000,169.938447,1.657814,1.657101,5.455006,5.451934,10.587632
108116:ApriltagsCameraLog(1):,7,169.938447,170.184000,170.184000,170.184000,169.960749,1.657978,1.657459,5.458055,5.453470,10.587632
108156:ApriltagsCameraLog(1):,7,169.960749,170.158000,170.158000,170.158000,169.980879,1.657937,1.657723,5.457285,5.455762,10.587632
108196:ApriltagsCameraLog(1):,7,169.980879,170.131000,170.131000,170.131000,169.996164,1.657894,1.657831,5.456486,5.456523,10.587632
108215:ApriltagsCameraLog(1):,7,169.996164,170.544000,170.544000,170.544000,170.007800,1.658509,1.657862,5.468713,5.456505,10.587632
108256:ApriltagsCameraLog(1):,7,170.007800,170.049000,170.049000,170.049000,170.054074,1.657762,1.658212,5.454059,5.462608,10.587632
108295:ApriltagsCameraLog(1):,7,170.054074,169.810000,169.810000,169.810000,170.053636,1.654856,1.657987,5.447435,5.458333,10.567454
108316:ApriltagsCameraLog(1):,7,170.053636,169.914000,169.914000,169.914000,170.032574,1.655035,1.656432,5.450508,5.452881,10.567454
108355:ApriltagsCameraLog(1):,7,170.032574,169.939000,169.939000,169.939000,170.022323,1.657578,1.655735,5.450803,5.451694,10.587632
108396:ApriltagsCameraLog(1):,7,170.022323,169.783000,169.783000,169.783000,170.015132,1.654808,1.656657,5.446637,5.451249,10.567454
108416:ApriltagsCameraLog(1):,7,170.015132,170.313000,170.313000,170.313000,169.995065,1.658176,1.655737,5.461874,5.448941,10.587632
108456:ApriltagsCameraLog(1):,7,169.995065,169.727000,169.727000,169.727000,170.022502,1.654708,1.656973,5.444983,5.455404,10.567454
108496:ApriltagsCameraLog(1):,7,170.022502,170.657000,170.657000,170.657000,169.996956,1.658661,1.655853,5.472060,5.450191,10.587632
108516:ApriltagsCameraLog(1):,7,169.996956,170.610000,170.610000,170.610000,170.053917,1.658599,1.657315,5.470668,5.461118,10.587632
108556:ApriltagsCameraLog(1):,7,170.053917,170.857000,170.857000,170.857000,170.101907,1.658916,1.657978,5.477983,5.465890,10.587632
108595:ApriltagsCameraLog(1):,7,170.101907,170.330000,170.330000,170.330000,170.187070,1.658201,1.658483,5.462377,5.471933,10.587632
108615:ApriltagsCameraLog(1):,7,170.187070,170.290000,170.290000,170.290000,170.201131,1.658141,1.658336,5.461193,5.467155,10.587632
108656:ApriltagsCameraLog(1):,7,170.201131,170.325000,170.325000,170.325000,170.208800,1.658194,1.658236,5.462229,5.464174,10.587632
108696:ApriltagsCameraLog(1):,7,170.208800,170.476000,170.476000,170.476000,170.208828,1.658414,1.658214,5.466700,5.463202,10.587632
108716:ApriltagsCameraLog(1):,7,170.208828,170.715000,170.715000,170.715000,170.221022,1.658737,1.658317,5.473777,5.464950,10.587632
108756:ApriltagsCameraLog(1):,7,170.221022,170.141000,170.141000,170.141000,170.272443,1.657910,1.658544,5.456782,5.469363,10.587632
108796:ApriltagsCameraLog(1):,7,170.272443,169.921000,169.921000,169.921000,170.261963,1.657548,1.658233,5.450270,5.463072,10.587632
108816:ApriltagsCameraLog(1):,7,170.261963,170.482000,170.482000,170.482000,170.242581,1.658422,1.657908,5.466877,5.456670,10.587632
108855:ApriltagsCameraLog(1):,7,170.242581,170.053000,170.053000,170.053000,170.264106,1.657768,1.658175,5.454177,5.461773,10.587632
108896:ApriltagsCameraLog(1):,7,170.264106,170.402000,170.402000,170.402000,170.245888,1.658307,1.657978,5.464509,5.457975,10.587632
108936:ApriltagsCameraLog(1):,7,170.245888,170.102000,170.102000,170.102000,170.259360,1.657848,1.658147,5.455628,5.461242,10.587632
108956:ApriltagsCameraLog(1):,7,170.259360,170.378000,170.378000,170.378000,170.245780,1.658272,1.658001,5.463798,5.458434,10.587632
108996:ApriltagsCameraLog(1):,7,170.245780,170.387000,170.387000,170.387000,170.257190,1.658285,1.658139,5.464065,5.461116,10.587632
109016:ApriltagsCameraLog(1):,7,170.257190,170.035000,170.035000,170.035000,170.268393,1.657739,1.658214,5.453644,5.462590,10.587632
109056:ApriltagsCameraLog(1):,7,170.268393,169.327000,169.327000,169.327000,170.248251,1.656445,1.657985,5.432697,5.458117,10.587632
109095:ApriltagsCameraLog(1):,7,170.248251,169.310000,169.310000,169.310000,170.168748,1.653915,1.657308,5.432665,5.445401,10.567454
109116:ApriltagsCameraLog(1):,7,170.168748,170.248000,170.248000,170.248000,170.094510,1.658077,1.655655,5.459949,5.439022,10.587632
109156:ApriltagsCameraLog(1):,7,170.094510,169.854000,169.854000,169.854000,170.107756,1.657432,1.656879,5.448288,5.449484,10.587632
109196:ApriltagsCameraLog(1):,7,170.107756,169.991000,169.991000,169.991000,170.085857,1.657666,1.657157,5.452342,5.448886,10.587632
109236:ApriltagsCameraLog(1):,7,170.085857,169.740000,169.740000,169.740000,170.077671,1.654732,1.657410,5.445367,5.450614,10.567454
109256:ApriltagsCameraLog(1):,7,170.077671,169.929000,169.929000,169.929000,170.048480,1.655061,1.656078,5.450951,5.447987,10.567454
109296:ApriltagsCameraLog(1):,7,170.048480,169.673000,169.673000,169.673000,170.038151,1.654611,1.655568,5.443387,5.449469,10.567454
109316:ApriltagsCameraLog(1):,7,170.038151,170.644000,170.644000,170.644000,170.006584,1.658644,1.655098,5.471675,5.446427,10.587632
109356:ApriltagsCameraLog(1):,7,170.006584,170.603000,170.603000,170.603000,170.061592,1.658589,1.656935,5.470460,5.459041,10.587632
109396:ApriltagsCameraLog(1):,7,170.061592,170.288000,170.288000,170.288000,170.108315,1.658138,1.657787,5.461134,5.464747,10.587632
109435:ApriltagsCameraLog(1):,7,170.108315,170.101000,170.101000,170.101000,170.123822,1.657846,1.657960,5.455598,5.462940,10.587632
109456:ApriltagsCameraLog(1):,7,170.123822,170.047000,170.047000,170.047000,170.121852,1.657758,1.657904,5.454000,5.459269,10.587632
