562:ApriltagsCameraLog(1):,tag,last yaw,cam yaw,calc yaw,update yaw, est yaw,x,est x,y,est y,adjust,frame,dist
892:ApriltagsCameraLog(1):,7,-44.980000,-4.021000,-44.980000,-4.021000,-44.980000,2.554459,0.000000,3.089977,0.000000,25.579795,157504,3.572474
1080:ApriltagsCameraLog(1):,7,-44.980000,-3.935000,-44.980000,-3.935000,-38.153500,2.554459,1.709588,3.089977,1.125275,25.579795,157511,3.572474
1107:ApriltagsCameraLog(1):,7,-38.153500,-3.931000,-38.153500,-3.931000,-32.450417,2.828232,2.370457,3.415562,1.985709,25.579795,157514,3.572474
1140:ApriltagsCameraLog(1):,7,-32.450417,-3.972000,-32.450417,-3.972000,-27.697181,3.025938,2.745406,3.710953,2.644779,25.579795,157518,3.572474
1163:ApriltagsCameraLog(1):,7,-27.697181,-3.936000,-27.697181,-3.936000,-23.742984,3.167615,2.976713,3.971170,3.149368,25.579795,157520,3.572474
1193:ApriltagsCameraLog(1):,7,-23.742984,-3.976000,-23.742984,-3.976000,-20.441820,3.268711,3.130903,4.195987,3.544222,25.579795,157525,3.572474
1220:ApriltagsCameraLog(1):,7,-20.441820,-4.014000,-20.441820,-4.014000,-17.697517,3.341071,3.238602,4.388650,3.860597,25.579795,157528,3.572474
1259:ApriltagsCameraLog(1):,7,-17.697517,-3.956000,-17.697517,-3.956000,-15.416930,3.392697,3.315992,4.551770,4.118824,25.579795,157534,3.572474
1284:ApriltagsCameraLog(1):,7,-15.416930,-4.015000,-15.416930,-4.015000,-13.506775,3.429618,3.372324,4.689082,4.331698,25.579795,157537,3.572474
1327:ApriltagsCameraLog(1):,7,-13.506775,-3.998000,-13.506775,-3.998000,-11.924813,3.456316,3.413273,4.805146,4.508185,25.579795,157543,3.572474
1377:ApriltagsCameraLog(1):,7,-11.924813,-4.078000,-11.924813,-4.078000,-10.603677,3.475488,3.443336,4.901899,4.655293,25.579795,157552,3.572474
1401:ApriltagsCameraLog(1):,7,-10.603677,-3.924000,-10.603677,-3.924000,-9.516064,3.489448,3.465255,4.983081,4.777759,25.579795,157556,3.572474
1436:ApriltagsCameraLog(1):,7,-9.516064,-4.026000,-9.516064,-4.026000,-8.584054,3.499532,3.481521,5.050140,4.879883,25.579795,157560,3.572474
1458:ApriltagsCameraLog(1):,7,-8.584054,-3.969000,-8.584054,-3.969000,-7.824378,3.507160,3.493346,5.107749,4.964688,25.579795,157562,3.572474
1479:ApriltagsCameraLog(1):,7,-7.824378,-3.951000,-7.824378,-3.951000,-7.181815,3.512684,3.502257,5.154792,5.036010,25.579795,157564,3.572474
1499:ApriltagsCameraLog(1):,7,-7.181815,-4.027000,-7.181815,-4.027000,-7.156750,3.516869,3.509131,5.194637,5.095240,25.579795,157566,3.572474
1531:ApriltagsCameraLog(1):,7,-7.156750,-3.899000,-7.156750,-3.899000,-7.132470,3.517023,3.514346,5.196193,5.144822,25.579795,157569,3.572474
1549:ApriltagsCameraLog(1):,7,-7.132470,-4.056000,-7.132470,-4.056000,-7.107384,3.517172,3.516403,5.197699,5.170463,25.579795,157570,3.572474
1565:ApriltagsCameraLog(1):,7,-7.107384,-4.038000,-7.107384,-4.038000,-7.083712,3.517325,3.517147,5.199256,5.184068,25.579795,157571,3.572474
1583:ApriltagsCameraLog(1):,7,-7.083712,-4.069000,-7.083712,-4.069000,-7.060083,3.517469,3.517436,5.200725,5.191658,25.579795,157572,3.572474
1604:ApriltagsCameraLog(1):,7,-7.060083,-3.870000,-7.060083,-3.870000,-7.036878,3.517611,3.517570,5.202191,5.196190,25.579795,157573,3.572474
1618:ApriltagsCameraLog(1):,7,-7.036878,-3.958000,-7.036878,-3.958000,-7.012310,3.517751,3.517673,5.203631,5.199189,25.579795,157574,3.572474
1640:ApriltagsCameraLog(1):,7,-7.012310,-3.841000,-7.012310,-3.841000,-6.988614,3.517898,3.517771,5.205156,5.201409,25.579795,157575,3.572474
1657:ApriltagsCameraLog(1):,7,-6.988614,-3.923000,-6.988614,-3.923000,-6.964195,3.518040,3.517886,5.206627,5.203280,25.579795,157576,3.572474
1681:ApriltagsCameraLog(1):,7,-6.964195,-3.947000,-6.964195,-3.947000,-6.940601,3.518185,3.518007,5.208142,5.204951,25.579795,157577,3.572474
1694:ApriltagsCameraLog(1):,7,-6.940601,-3.986000,-6.940601,-3.986000,-6.917377,3.518324,3.518137,5.209607,5.206544,25.579795,157578,3.572474
1719:ApriltagsCameraLog(1):,7,-6.917377,-3.968000,-6.917377,-3.968000,-6.894635,3.518461,3.518270,5.211048,5.208073,25.579795,157579,3.572474
1739:ApriltagsCameraLog(1):,7,-6.894635,-3.892000,-6.894635,-3.892000,-6.871930,3.518595,3.518403,5.212460,5.209558,25.579795,157580,3.572474
1760:ApriltagsCameraLog(1):,7,-6.871930,-3.961000,-6.871930,-3.961000,-6.848812,3.518727,3.518536,5.213870,5.211006,25.579795,157581,3.572474
1781:ApriltagsCameraLog(1):,7,-6.848812,-3.894000,-6.848812,-3.894000,-6.826408,3.518862,3.518668,5.215305,5.212435,25.579795,157582,3.572474
1801:ApriltagsCameraLog(1):,7,-6.826408,-3.976000,-6.826408,-3.976000,-6.803659,3.518992,3.518801,5.216696,5.213867,25.579795,157583,3.572474
1817:ApriltagsCameraLog(1):,7,-6.803659,-3.883000,-6.803659,-3.883000,-6.781722,3.519123,3.518931,5.218108,5.215279,25.579795,157584,3.572474
1835:ApriltagsCameraLog(1):,7,-6.781722,-3.876000,-6.781722,-3.876000,-6.759233,3.519249,3.519062,5.219470,5.216691,25.579795,157585,3.572474
1855:ApriltagsCameraLog(1):,7,-6.759233,-3.922000,-6.759233,-3.922000,-6.736865,3.519377,3.519190,5.220866,5.218078,25.579795,157586,3.572474
1884:ApriltagsCameraLog(1):,7,-6.736865,-3.936000,-6.736865,-3.936000,-6.715027,3.519505,3.519318,5.222255,5.219469,25.579795,157587,3.572474
1897:ApriltagsCameraLog(1):,7,-6.715027,-3.830000,-6.715027,-3.830000,-6.693468,3.519629,3.519445,5.223611,5.220860,25.579795,157588,3.572474
1915:ApriltagsCameraLog(1):,7,-6.693468,-3.936000,-6.693468,-3.936000,-6.671253,3.519750,3.519571,5.224950,5.222233,25.579795,157589,3.572474
1936:ApriltagsCameraLog(1):,7,-6.671253,-3.982000,-6.671253,-3.982000,-6.650033,3.519875,3.519693,5.226329,5.223589,25.579795,157590,3.572474
1956:ApriltagsCameraLog(1):,7,-6.650033,-3.987000,-6.650033,-3.987000,-6.629334,3.519994,3.519816,5.227647,5.224957,25.579795,157591,3.572474
1976:ApriltagsCameraLog(1):,7,-6.629334,-4.037000,-6.629334,-4.037000,-6.608835,3.520110,3.519936,5.228932,5.226300,25.579795,157592,3.572474
1992:ApriltagsCameraLog(1):,7,-6.608835,-3.946000,-6.608835,-3.946000,-6.578882,3.520224,3.520052,5.230206,5.227614,25.579795,157593,3.572474
2015:ApriltagsCameraLog(1):,7,-6.578882,-3.878000,-6.578882,-3.878000,-6.568379,3.520389,3.520167,5.232066,5.228908,25.579795,157594,3.572474
2037:ApriltagsCameraLog(1):,7,-6.568379,-4.027000,-6.568379,-4.027000,-6.547507,3.517924,3.520315,5.233009,5.230484,25.559483,157595,3.569935
2054:ApriltagsCameraLog(1):,7,-6.547507,-3.946000,-6.547507,-3.946000,-6.517937,3.520561,3.519147,5.234014,5.231772,25.579795,157596,3.572474
2078:ApriltagsCameraLog(1):,7,-6.517937,-4.083000,-6.517937,-4.083000,-6.497907,3.520723,3.519879,5.235851,5.232877,25.579795,157597,3.572474
2105:ApriltagsCameraLog(1):,7,-6.497907,-4.105000,-6.497907,-4.105000,-6.479094,3.520832,3.520332,5.237095,5.234355,25.579795,157598,3.572474
2122:ApriltagsCameraLog(1):,7,-6.479094,-3.968000,-6.479094,-3.968000,-6.460598,3.520934,3.520610,5.238264,5.235720,25.579795,157599,3.572474
2142:ApriltagsCameraLog(1):,7,-6.460598,-3.954000,-6.460598,-3.954000,-6.441183,3.521033,3.520800,5.239413,5.236988,25.579795,157600,3.572474
2162:ApriltagsCameraLog(1):,7,-6.441183,-3.882000,-6.441183,-3.882000,-6.421810,3.521138,3.520943,5.240619,5.238198,25.579795,157601,3.572474
2182:ApriltagsCameraLog(1):,7,-6.421810,-3.929000,-6.421810,-3.929000,-6.402029,3.521241,3.521067,5.241822,5.239406,25.579795,157602,3.572474
2203:ApriltagsCameraLog(1):,7,-6.402029,-4.032000,-6.402029,-4.032000,-6.382765,3.521347,3.521180,5.243051,5.240612,25.579795,157603,3.572474
2227:ApriltagsCameraLog(1):,7,-6.382765,-3.992000,-6.382765,-3.992000,-6.364450,3.521449,3.521288,5.244248,5.241830,25.579795,157604,3.572474
2242:ApriltagsCameraLog(1):,7,-6.364450,-4.113000,-6.364450,-4.113000,-6.345967,3.521546,3.521394,5.245386,5.243037,25.579795,157605,3.572474
2263:ApriltagsCameraLog(1):,7,-6.345967,-3.869000,-6.345967,-3.869000,-6.328566,3.521643,3.521493,5.246534,5.244210,25.579795,157606,3.572474
2282:ApriltagsCameraLog(1):,7,-6.328566,-4.000000,-6.328566,-4.000000,-6.309407,3.521735,3.521593,5.247615,5.245370,25.579795,157607,3.572474
2304:ApriltagsCameraLog(1):,7,-6.309407,-3.941000,-6.309407,-3.941000,-6.291413,3.521835,3.521686,5.248806,5.246491,25.579795,157608,3.572474
2325:ApriltagsCameraLog(1):,7,-6.291413,-3.903000,-6.291413,-3.903000,-6.273101,3.521929,3.521784,5.249924,5.247647,25.579795,157609,3.572474
2342:ApriltagsCameraLog(1):,7,-6.273101,-3.941000,-6.273101,-3.941000,-6.254636,3.522024,3.521880,5.251061,5.248783,25.579795,157610,3.572474
2361:ApriltagsCameraLog(1):,7,-6.254636,-3.951000,-6.254636,-3.951000,-6.236610,3.522119,3.521975,5.252209,5.249921,25.579795,157611,3.572474
2382:ApriltagsCameraLog(1):,7,-6.236610,-4.050000,-6.236610,-4.050000,-6.218800,3.522212,3.522070,5.253329,5.251063,25.579795,157612,3.572474
2403:ApriltagsCameraLog(1):,7,-6.218800,-3.871000,-6.218800,-3.871000,-6.201897,3.522303,3.522162,5.254436,5.252195,25.579795,157613,3.572474
2423:ApriltagsCameraLog(1):,7,-6.201897,-3.948000,-6.201897,-3.948000,-6.183736,3.522390,3.522256,5.255486,5.253313,25.579795,157614,3.572474
2441:ApriltagsCameraLog(1):,7,-6.183736,-4.022000,-6.183736,-4.022000,-6.166314,3.522482,3.522344,5.256615,5.254398,25.579795,157615,3.572474
2461:ApriltagsCameraLog(1):,7,-6.166314,-4.007000,-6.166314,-4.007000,-6.149601,3.522571,3.522434,5.257697,5.255505,25.579795,157616,3.572474
2482:ApriltagsCameraLog(1):,7,-6.149601,-4.087000,-6.149601,-4.087000,-6.132901,3.522655,3.522523,5.258736,5.256600,25.579795,157617,3.572474
2502:ApriltagsCameraLog(1):,7,-6.132901,-4.137000,-6.132901,-4.137000,-6.116951,3.522739,3.522608,5.259774,5.257667,25.579795,157618,3.572474
2522:ApriltagsCameraLog(1):,7,-6.116951,-3.949000,-6.116951,-3.949000,-6.101513,3.522819,3.522692,5.260765,5.258719,25.579795,157619,3.572474
2542:ApriltagsCameraLog(1):,7,-6.101513,-3.915000,-6.101513,-3.915000,-6.084736,3.522897,3.522775,5.261724,5.259741,25.579795,157620,3.572474
2562:ApriltagsCameraLog(1):,7,-6.084736,-3.983000,-6.084736,-3.983000,-6.067826,3.522980,3.522854,5.262767,5.260731,25.579795,157621,3.572474
2582:ApriltagsCameraLog(1):,7,-6.067826,-4.035000,-6.067826,-4.035000,-6.051574,3.523064,3.522936,5.263818,5.261748,25.579795,157622,3.572474
2606:ApriltagsCameraLog(1):,7,-6.051574,-3.966000,-6.051574,-3.966000,-6.035852,3.523145,3.523018,5.264828,5.262782,25.579795,157623,3.572474
2621:ApriltagsCameraLog(1):,7,-6.035852,-4.020000,-6.035852,-4.020000,-6.019716,3.520696,3.523100,5.266073,5.263804,25.559483,157624,3.569935
2641:ApriltagsCameraLog(1):,7,-6.019716,-4.017000,-6.019716,-4.017000,-6.004113,3.523302,3.521918,5.266809,5.264959,25.579795,157625,3.572474
2662:ApriltagsCameraLog(1):,7,-6.004113,-3.977000,-6.004113,-3.977000,-5.988619,3.523378,3.522626,5.267778,5.265872,25.579795,157626,3.572474
2682:ApriltagsCameraLog(1):,7,-5.988619,-3.969000,-5.988619,-3.969000,-5.972935,3.523454,3.523018,5.268742,5.266818,25.579795,157627,3.572474
2701:ApriltagsCameraLog(1):,7,-5.972935,-4.030000,-5.972935,-4.030000,-5.957311,3.523530,3.523253,5.269716,5.267776,25.579795,157628,3.572474
2722:ApriltagsCameraLog(1):,7,-5.957311,-3.991000,-5.957311,-3.991000,-5.942282,3.523606,3.523408,5.270688,5.268744,25.579795,157629,3.572474
2742:ApriltagsCameraLog(1):,7,-5.942282,-3.986000,-5.942282,-3.986000,-5.927066,3.523678,3.523523,5.271622,5.269714,25.579795,157630,3.572474
2761:ApriltagsCameraLog(1):,7,-5.927066,-4.037000,-5.927066,-4.037000,-5.911929,3.523751,3.523617,5.272568,5.270667,25.579795,157631,3.572474
2782:ApriltagsCameraLog(1):,7,-5.911929,-3.813000,-5.911929,-3.813000,-5.897306,3.523824,3.523700,5.273509,5.271616,25.579795,157632,3.572474
2802:ApriltagsCameraLog(1):,7,-5.897306,-3.865000,-5.897306,-3.865000,-5.881059,3.523894,3.523779,5.274418,5.272561,25.579795,157633,3.572474
2822:ApriltagsCameraLog(1):,7,-5.881059,-3.937000,-5.881059,-3.937000,-5.865340,3.523971,3.523853,5.275428,5.273489,25.579795,157634,3.572474
2842:ApriltagsCameraLog(1):,7,-5.865340,-3.931000,-5.865340,-3.931000,-5.850303,3.524046,3.523928,5.276405,5.274457,25.579795,157635,3.572474
2862:ApriltagsCameraLog(1):,7,-5.850303,-4.038000,-5.850303,-4.038000,-5.835335,3.524117,3.524003,5.277340,5.275430,25.579795,157636,3.572474
2881:ApriltagsCameraLog(1):,7,-5.835335,-3.921000,-5.835335,-3.921000,-5.821314,3.524188,3.524075,5.278271,5.276384,25.579795,157637,3.572474
2901:ApriltagsCameraLog(1):,7,-5.821314,-3.954000,-5.821314,-3.954000,-5.806494,3.524253,3.524147,5.279143,5.277326,25.579795,157638,3.572474
2922:ApriltagsCameraLog(1):,7,-5.806494,-3.994000,-5.806494,-3.994000,-5.792044,3.524323,3.524215,5.280064,5.278234,25.579795,157639,3.572474
2941:ApriltagsCameraLog(1):,7,-5.792044,-3.889000,-5.792044,-3.889000,-5.778017,3.524390,3.524283,5.280962,5.279148,25.579795,157640,3.572474
2962:ApriltagsCameraLog(1):,7,-5.778017,-3.955000,-5.778017,-3.955000,-5.763285,3.524455,3.524352,5.281835,5.280054,25.579795,157641,3.572474
2987:ApriltagsCameraLog(1):,7,-5.763285,-3.939000,-5.763285,-3.939000,-5.749179,3.524524,3.524418,5.282751,5.280943,25.579795,157642,3.572474
3002:ApriltagsCameraLog(1):,7,-5.749179,-4.004000,-5.749179,-4.004000,-5.735058,3.524589,3.524485,5.283628,5.281846,25.579795,157643,3.572474
3021:ApriltagsCameraLog(1):,7,-5.735058,-3.956000,-5.735058,-3.956000,-5.721550,3.524654,3.524550,5.284506,5.282736,25.579795,157644,3.572474
3041:ApriltagsCameraLog(1):,7,-5.721550,-4.015000,-5.721550,-4.015000,-5.707776,3.524716,3.524616,5.285346,5.283620,25.579795,157645,3.572474
3061:ApriltagsCameraLog(1):,7,-5.707776,-3.979000,-5.707776,-3.979000,-5.694566,3.524779,3.524679,5.286202,5.284482,25.579795,157646,3.572474
3081:ApriltagsCameraLog(1):,7,-5.694566,-4.021000,-5.694566,-4.021000,-5.681179,3.524839,3.524742,5.287024,5.285341,25.579795,157647,3.572474
3101:ApriltagsCameraLog(1):,7,-5.681179,-3.976000,-5.681179,-3.976000,-5.668221,3.524900,3.524803,5.287856,5.286182,25.579795,157648,3.572474
3121:ApriltagsCameraLog(1):,7,-5.668221,-3.901000,-5.668221,-3.901000,-5.655015,3.524959,3.524864,5.288662,5.287018,25.579795,157649,3.572474
3141:ApriltagsCameraLog(1):,7,-5.655015,-3.899000,-5.655015,-3.899000,-5.641330,3.525018,3.524924,5.289483,5.287839,25.579795,157650,3.572474
3161:ApriltagsCameraLog(1):,7,-5.641330,-3.902000,-5.641330,-3.902000,-5.627736,3.525080,3.524984,5.290334,5.288660,25.579795,157651,3.572474
3181:ApriltagsCameraLog(1):,7,-5.627736,-3.973000,-5.627736,-3.973000,-5.614270,3.525141,3.525044,5.291180,5.289497,25.579795,157652,3.572474
3201:ApriltagsCameraLog(1):,7,-5.614270,-3.913000,-5.614270,-3.913000,-5.601459,3.525201,3.525105,5.292017,5.290337,25.579795,157653,3.572474
3222:ApriltagsCameraLog(1):,7,-5.601459,-3.896000,-5.601459,-3.896000,-5.588283,3.525258,3.525165,5.292814,5.291177,25.579795,157654,3.572474
3242:ApriltagsCameraLog(1):,7,-5.588283,-3.866000,-5.588283,-3.866000,-5.575076,3.525317,3.525224,5.293633,5.291994,25.579795,157655,3.572474
3261:ApriltagsCameraLog(1):,7,-5.575076,-3.878000,-5.575076,-3.878000,-5.561740,3.525375,3.525283,5.294455,5.292813,25.579795,157656,3.572474
3281:ApriltagsCameraLog(1):,7,-5.561740,-3.903000,-5.561740,-3.903000,-5.548600,3.525434,3.525341,5.295284,5.293633,25.579795,157657,3.572474
3301:ApriltagsCameraLog(1):,7,-5.548600,-3.785000,-5.548600,-3.785000,-5.535755,3.525492,3.525399,5.296101,5.294458,25.579795,157658,3.572474
3321:ApriltagsCameraLog(1):,7,-5.535755,-3.967000,-5.535755,-3.967000,-5.522095,3.525548,3.525458,5.296900,5.295279,25.579795,157659,3.572474
3342:ApriltagsCameraLog(1):,7,-5.522095,-3.952000,-5.522095,-3.952000,-5.509953,3.525608,3.525514,5.297750,5.296089,25.579795,157660,3.572474
3361:ApriltagsCameraLog(1):,7,-5.509953,-3.927000,-5.509953,-3.927000,-5.497789,3.525661,3.525573,5.298505,5.296919,25.579795,157661,3.572474
3381:ApriltagsCameraLog(1):,7,-5.497789,-3.944000,-5.497789,-3.944000,-5.485525,3.525714,3.525628,5.299262,5.297711,25.579795,157662,3.572474
3401:ApriltagsCameraLog(1):,7,-5.485525,-4.029000,-5.485525,-4.029000,-5.473489,3.525767,3.525681,5.300025,5.298486,25.579795,157663,3.572474
3421:ApriltagsCameraLog(1):,7,-5.473489,-3.928000,-5.473489,-3.928000,-5.462205,3.525819,3.525734,5.300773,5.299255,25.579795,157664,3.572474
3441:ApriltagsCameraLog(1):,7,-5.462205,-3.982000,-5.462205,-3.982000,-5.450225,3.525868,3.525787,5.301475,5.300013,25.579795,157665,3.572474
3461:ApriltagsCameraLog(1):,7,-5.450225,-4.027000,-5.450225,-4.027000,-5.438757,3.525919,3.525837,5.302220,5.300744,25.579795,157666,3.572474
3481:ApriltagsCameraLog(1):,7,-5.438757,-3.991000,-5.438757,-3.991000,-5.427727,3.525968,3.525887,5.302934,5.301482,25.579795,157667,3.572474
3501:ApriltagsCameraLog(1):,7,-5.427727,-3.623000,-5.427727,-3.623000,-5.416503,3.526015,3.525937,5.303620,5.302207,25.579795,157668,3.572474
3521:ApriltagsCameraLog(1):,7,-5.416503,-3.909000,-5.416503,-3.909000,-5.402511,3.526063,3.525987,5.304318,5.302913,25.579795,157669,3.572474
3541:ApriltagsCameraLog(1):,7,-5.402511,-4.063000,-5.402511,-4.063000,-5.390847,3.526122,3.526034,5.305188,5.303615,25.579795,157670,3.572474
3561:ApriltagsCameraLog(1):,7,-5.390847,-3.858000,-5.390847,-3.858000,-5.380468,3.526172,3.526087,5.305914,5.304401,25.579795,157671,3.572474
3581:ApriltagsCameraLog(1):,7,-5.380468,-3.834000,-5.380468,-3.834000,-5.368579,3.526216,3.526140,5.306560,5.305157,25.579795,157672,3.572474
3601:ApriltagsCameraLog(1):,7,-5.368579,-3.987000,-5.368579,-3.987000,-5.356596,3.526266,3.526187,5.307299,5.305858,25.579795,157673,3.572474
3621:ApriltagsCameraLog(1):,7,-5.356596,-3.905000,-5.356596,-3.905000,-5.345893,3.526316,3.526235,5.308045,5.306578,25.579795,157674,3.572474
3641:ApriltagsCameraLog(1):,7,-5.345893,-3.980000,-5.345893,-3.980000,-5.334637,3.526361,3.526285,5.308711,5.307311,25.579795,157675,3.572474
3662:ApriltagsCameraLog(1):,7,-5.334637,-4.062000,-5.334637,-4.062000,-5.324050,3.526407,3.526331,5.309411,5.308010,25.579795,157676,3.572474
3681:ApriltagsCameraLog(1):,7,-5.324050,-3.989000,-5.324050,-3.989000,-5.314182,3.526451,3.526377,5.310070,5.308710,25.579795,157677,3.572474
3701:ApriltagsCameraLog(1):,7,-5.314182,-4.033000,-5.314182,-4.033000,-5.303823,3.526492,3.526422,5.310683,5.309389,25.579795,157678,3.572474
3721:ApriltagsCameraLog(1):,7,-5.303823,-3.961000,-5.303823,-3.961000,-5.293887,3.526535,3.526464,5.311328,5.310036,25.579795,157679,3.572474
3745:ApriltagsCameraLog(1):,7,-5.293887,-3.919000,-5.293887,-3.919000,-5.283469,3.526576,3.526507,5.311946,5.310682,25.579795,157680,3.572474
3761:ApriltagsCameraLog(1):,7,-5.283469,-4.016000,-5.283469,-4.016000,-5.272806,3.526619,3.526549,5.312594,5.311313,25.579795,157681,3.572474
3781:ApriltagsCameraLog(1):,7,-5.272806,-4.039000,-5.272806,-4.039000,-5.262978,3.524133,3.526591,5.313491,5.311953,25.559483,157682,3.569935
3801:ApriltagsCameraLog(1):,7,-5.262978,-3.872000,-5.262978,-3.872000,-5.253397,3.526703,3.525371,5.313869,5.312735,25.579795,157683,3.572474
3821:ApriltagsCameraLog(1):,7,-5.253397,-3.881000,-5.253397,-3.881000,-5.242602,3.526742,3.526044,5.314465,5.313294,25.579795,157684,3.572474
3841:ApriltagsCameraLog(1):,7,-5.242602,-3.919000,-5.242602,-3.919000,-5.231961,3.526786,3.526400,5.315137,5.313876,25.579795,157685,3.572474
3861:ApriltagsCameraLog(1):,7,-5.231961,-3.850000,-5.231961,-3.850000,-5.221698,3.526829,3.526600,5.315799,5.314504,25.579795,157686,3.572474
3881:ApriltagsCameraLog(1):,7,-5.221698,-3.963000,-5.221698,-3.963000,-5.210979,3.526871,3.526722,5.316438,5.315150,25.579795,157687,3.572474
3901:ApriltagsCameraLog(1):,7,-5.210979,-3.984000,-5.210979,-3.984000,-5.201219,3.526914,3.526803,5.317105,5.315793,25.579795,157688,3.572474
3921:ApriltagsCameraLog(1):,7,-5.201219,-3.898000,-5.201219,-3.898000,-5.191698,3.526953,3.526866,5.317712,5.316448,25.579795,157689,3.572474
3941:ApriltagsCameraLog(1):,7,-5.191698,-3.821000,-5.191698,-3.821000,-5.181584,3.529521,3.526916,5.318074,5.317079,25.600108,157690,3.575014
3961:ApriltagsCameraLog(1):,7,-5.181584,-3.838000,-5.181584,-3.838000,-5.170960,3.527032,3.528224,5.318934,5.317561,25.579795,157691,3.572474
3981:ApriltagsCameraLog(1):,7,-5.170960,-3.810000,-5.170960,-3.810000,-5.160541,3.527074,3.527636,5.319595,5.318254,25.579795,157692,3.572474
4001:ApriltagsCameraLog(1):,7,-5.160541,-3.838000,-5.160541,-3.838000,-5.149986,3.527116,3.527363,5.320243,5.318928,25.579795,157693,3.572474
4021:ApriltagsCameraLog(1):,7,-5.149986,-3.869000,-5.149986,-3.869000,-5.139730,3.527157,3.527247,5.320900,5.319587,25.579795,157694,3.572474
4041:ApriltagsCameraLog(1):,7,-5.139730,-3.866000,-5.139730,-3.866000,-5.129794,3.527198,3.527209,5.321538,5.320244,25.579795,157695,3.572474
4061:ApriltagsCameraLog(1):,7,-5.129794,-3.936000,-5.129794,-3.936000,-5.119912,3.527237,3.527211,5.322156,5.320891,25.579795,157696,3.572474
4081:ApriltagsCameraLog(1):,7,-5.119912,-4.019000,-5.119912,-4.019000,-5.110650,3.527276,3.527231,5.322771,5.321523,25.579795,157697,3.572474
4101:ApriltagsCameraLog(1):,7,-5.110650,-4.149000,-5.110650,-4.149000,-5.102103,3.527312,3.527259,5.323347,5.322147,25.579795,157698,3.572474
4125:ApriltagsCameraLog(1):,7,-5.102103,-4.170000,-5.102103,-4.170000,-5.094631,3.524816,3.527291,5.324105,5.322747,25.559483,157699,3.569935
4142:ApriltagsCameraLog(1):,7,-5.094631,-4.067000,-5.094631,-4.067000,-5.087375,3.527375,3.526059,5.324344,5.323436,25.579795,157700,3.572474
4161:ApriltagsCameraLog(1):,7,-5.087375,-4.094000,-5.087375,-4.094000,-5.079381,3.527403,3.526721,5.324796,5.323884,25.579795,157701,3.572474
4181:ApriltagsCameraLog(1):,7,-5.079381,-4.051000,-5.079381,-4.051000,-5.071659,3.527434,3.527066,5.325293,5.324337,25.579795,157702,3.572474
4201:ApriltagsCameraLog(1):,7,-5.071659,-3.914000,-5.071659,-3.914000,-5.063663,3.527464,3.527255,5.325774,5.324814,25.579795,157703,3.572474
4221:ApriltagsCameraLog(1):,7,-5.063663,-4.050000,-5.063663,-4.050000,-5.054666,3.527495,3.527364,5.326271,5.325293,25.579795,157704,3.572474
4241:ApriltagsCameraLog(1):,7,-5.054666,-4.014000,-5.054666,-4.014000,-5.046794,3.527530,3.527434,5.326831,5.325781,25.579795,157705,3.572474
4261:ApriltagsCameraLog(1):,7,-5.046794,-3.932000,-5.046794,-3.932000,-5.038704,3.527560,3.527487,5.327321,5.326306,25.579795,157706,3.572474
4281:ApriltagsCameraLog(1):,7,-5.038704,-3.858000,-5.038704,-3.858000,-5.030041,3.527592,3.527529,5.327825,5.326813,25.579795,157707,3.572474
4301:ApriltagsCameraLog(1):,7,-5.030041,-3.954000,-5.030041,-3.954000,-5.020871,3.527625,3.527565,5.328364,5.327319,25.579795,157708,3.572474
4321:ApriltagsCameraLog(1):,7,-5.020871,-3.951000,-5.020871,-3.951000,-5.012516,3.527660,3.527600,5.328935,5.327841,25.579795,157709,3.572474
4340:ApriltagsCameraLog(1):,7,-5.012516,-4.086000,-5.012516,-4.086000,-5.004203,3.527692,3.527635,5.329454,5.328387,25.579795,157710,3.572474
4361:ApriltagsCameraLog(1):,7,-5.004203,-3.919000,-5.004203,-3.919000,-4.997002,3.527723,3.527668,5.329972,5.328921,25.579795,157711,3.572474
4381:ApriltagsCameraLog(1):,7,-4.997002,-3.833000,-4.997002,-3.833000,-4.988562,3.527751,3.527700,5.330420,5.329446,25.579795,157712,3.572474
4401:ApriltagsCameraLog(1):,7,-4.988562,-3.950000,-4.988562,-3.950000,-4.979519,3.527783,3.527730,5.330945,5.329933,25.579795,157713,3.572474
4421:ApriltagsCameraLog(1):,7,-4.979519,-3.984000,-4.979519,-3.984000,-4.971455,3.527817,3.527761,5.331508,5.330439,25.579795,157714,3.572474
4441:ApriltagsCameraLog(1):,7,-4.971455,-4.043000,-4.971455,-4.043000,-4.963716,3.527847,3.527794,5.332010,5.330973,25.579795,157715,3.572474
4461:ApriltagsCameraLog(1):,7,-4.963716,-3.849000,-4.963716,-3.849000,-4.956496,3.527876,3.527825,5.332492,5.331491,25.579795,157716,3.572474
4481:ApriltagsCameraLog(1):,7,-4.956496,-3.853000,-4.956496,-3.853000,-4.947826,3.527904,3.527855,5.332941,5.331991,25.579795,157717,3.572474
4506:ApriltagsCameraLog(1):,7,-4.947826,-4.044000,-4.947826,-4.044000,-4.939255,3.527936,3.527884,5.333481,5.332466,25.579795,157718,3.572474
4521:ApriltagsCameraLog(1):,7,-4.939255,-3.890000,-4.939255,-3.890000,-4.932232,3.527968,3.527914,5.334014,5.332973,25.579795,157719,3.572474
4541:ApriltagsCameraLog(1):,7,-4.932232,-3.943000,-4.932232,-3.943000,-4.924069,3.525464,3.527946,5.334670,5.333493,25.559483,157720,3.569935
4561:ApriltagsCameraLog(1):,7,-4.924069,-3.850000,-4.924069,-3.850000,-4.916374,3.528025,3.526710,5.334959,5.334092,25.579795,157721,3.572474
4581:ApriltagsCameraLog(1):,7,-4.916374,-3.823000,-4.916374,-3.823000,-4.908024,3.528053,3.527371,5.335438,5.334519,25.579795,157722,3.572474
4601:ApriltagsCameraLog(1):,7,-4.908024,-3.807000,-4.908024,-3.807000,-4.899528,3.528084,3.527717,5.335958,5.334976,25.579795,157723,3.572474
4621:ApriltagsCameraLog(1):,7,-4.899528,-3.897000,-4.899528,-3.897000,-4.890975,3.528115,3.527905,5.336487,5.335465,25.579795,157724,3.572474
4641:ApriltagsCameraLog(1):,7,-4.890975,-3.868000,-4.890975,-3.868000,-4.883186,3.528147,3.528015,5.337019,5.335975,25.579795,157725,3.572474
4661:ApriltagsCameraLog(1):,7,-4.883186,-3.845000,-4.883186,-3.845000,-4.875233,3.528176,3.528085,5.337504,5.336496,25.579795,157726,3.572474
4681:ApriltagsCameraLog(1):,7,-4.875233,-3.827000,-4.875233,-3.827000,-4.867163,3.528205,3.528135,5.337999,5.337000,25.579795,157727,3.572474
4701:ApriltagsCameraLog(1):,7,-4.867163,-3.891000,-4.867163,-3.891000,-4.859015,3.528234,3.528174,5.338501,5.337499,25.579795,157728,3.572474
4721:ApriltagsCameraLog(1):,7,-4.859015,-3.855000,-4.859015,-3.855000,-4.851428,3.528264,3.528209,5.339008,5.338000,25.579795,157729,3.572474
4761:ApriltagsCameraLog(1):,7,-4.851428,-3.845000,-4.851428,-3.845000,-4.843620,3.528292,3.528241,5.339481,5.338504,25.579795,157730,3.572474
4781:ApriltagsCameraLog(1):,7,-4.843620,-3.939000,-4.843620,-3.939000,-4.835795,3.528320,3.528270,5.339967,5.338992,25.579795,157732,3.572474
4801:ApriltagsCameraLog(1):,7,-4.835795,-4.051000,-4.835795,-4.051000,-4.828760,3.528348,3.528299,5.340454,5.339479,25.579795,157733,3.572474
4821:ApriltagsCameraLog(1):,7,-4.828760,-3.873000,-4.828760,-3.873000,-4.822649,3.528374,3.528327,5.340892,5.339966,25.579795,157734,3.572474
4840:ApriltagsCameraLog(1):,7,-4.822649,-4.010000,-4.822649,-4.010000,-4.815204,3.528396,3.528354,5.341272,5.340429,25.579795,157735,3.572474
4861:ApriltagsCameraLog(1):,7,-4.815204,-3.977000,-4.815204,-3.977000,-4.808879,3.528423,3.528378,5.341735,5.340850,25.579795,157736,3.572474
4881:ApriltagsCameraLog(1):,7,-4.808879,-4.003000,-4.808879,-4.003000,-4.802348,3.528445,3.528404,5.342129,5.341293,25.579795,157737,3.572474
4901:ApriltagsCameraLog(1):,7,-4.802348,-3.919000,-4.802348,-3.919000,-4.796069,3.528469,3.528427,5.342536,5.341711,25.579795,157738,3.572474
4921:ApriltagsCameraLog(1):,7,-4.796069,-3.866000,-4.796069,-3.866000,-4.779187,3.528491,3.528451,5.342927,5.342123,25.579795,157739,3.572474
4941:ApriltagsCameraLog(1):,7,-4.779187,-3.947000,-4.779187,-3.947000,-4.771948,3.531083,3.528475,5.343766,5.342525,25.600108,157740,3.575014
4961:ApriltagsCameraLog(1):,7,-4.771948,-4.050000,-4.771948,-4.050000,-4.765398,3.528577,3.529783,5.344428,5.343136,25.579795,157741,3.572474
4981:ApriltagsCameraLog(1):,7,-4.765398,-4.089000,-4.765398,-4.089000,-4.759692,3.528601,3.529184,5.344836,5.343786,25.579795,157742,3.572474
5001:ApriltagsCameraLog(1):,7,-4.759692,-3.969000,-4.759692,-3.969000,-4.754334,3.531152,3.528896,5.344980,5.344313,25.600108,157743,3.575014
5021:ApriltagsCameraLog(1):,7,-4.754334,-3.921000,-4.754334,-3.921000,-4.748091,3.528640,3.530026,5.345525,5.344638,25.579795,157744,3.572474
5041:ApriltagsCameraLog(1):,7,-4.748091,-3.903000,-4.748091,-3.903000,-4.741519,3.528662,3.529336,5.345913,5.345087,25.579795,157745,3.572474
5061:ApriltagsCameraLog(1):,7,-4.741519,-3.956000,-4.741519,-3.956000,-4.734859,3.528685,3.529002,5.346322,5.345502,25.579795,157746,3.572474
5081:ApriltagsCameraLog(1):,7,-4.734859,-3.969000,-4.734859,-3.969000,-4.728661,3.528708,3.528846,5.346737,5.345913,25.579795,157747,3.572474
5101:ApriltagsCameraLog(1):,7,-4.728661,-3.922000,-4.728661,-3.922000,-4.732613,3.528730,3.528780,5.347123,5.346326,25.579795,157748,3.572474
5121:ApriltagsCameraLog(1):,7,-4.732613,-3.890000,-4.732613,-3.890000,-4.726246,3.528716,3.528758,5.346877,5.346724,25.579795,157749,3.572474
5141:ApriltagsCameraLog(1):,7,-4.726246,-3.871000,-4.726246,-3.871000,-4.719681,3.528738,3.528738,5.347273,5.346801,25.579795,157750,3.572474
5161:ApriltagsCameraLog(1):,7,-4.719681,-4.015000,-4.719681,-4.015000,-4.703020,3.528761,3.528740,5.347682,5.347037,25.579795,157751,3.572474
5181:ApriltagsCameraLog(1):,7,-4.703020,-3.973000,-4.703020,-3.973000,-4.707527,3.528819,3.528753,5.348719,5.347359,25.579795,157752,3.572474
5201:ApriltagsCameraLog(1):,7,-4.707527,-3.887000,-4.707527,-3.887000,-4.701751,3.528804,3.528790,5.348438,5.348039,25.579795,157753,3.572474
5221:ApriltagsCameraLog(1):,7,-4.701751,-4.032000,-4.701751,-4.032000,-4.695352,3.528824,3.528799,5.348798,5.348239,25.579795,157754,3.572474
5241:ApriltagsCameraLog(1):,7,-4.695352,-4.073000,-4.695352,-4.073000,-4.680128,3.528846,3.528813,5.349196,5.348518,25.579795,157755,3.572474
5261:ApriltagsCameraLog(1):,7,-4.680128,-4.033000,-4.680128,-4.033000,-4.675263,3.528899,3.528831,5.350144,5.348857,25.579795,157756,3.572474
5284:ApriltagsCameraLog(1):,7,-4.675263,-3.993000,-4.675263,-3.993000,-4.670125,3.528916,3.528869,5.350447,5.349500,25.579795,157757,3.572474
5301:ApriltagsCameraLog(1):,7,-4.670125,-4.082000,-4.670125,-4.082000,-4.664717,3.528933,3.528895,5.350767,5.349974,25.579795,157758,3.572474
5321:ApriltagsCameraLog(1):,7,-4.664717,-4.061000,-4.664717,-4.061000,-4.660041,3.528952,3.528916,5.351104,5.350370,25.579795,157759,3.572474
5341:ApriltagsCameraLog(1):,7,-4.660041,-3.919000,-4.660041,-3.919000,-4.655239,3.528968,3.528936,5.351395,5.350737,25.579795,157760,3.572474
5361:ApriltagsCameraLog(1):,7,-4.655239,-4.006000,-4.655239,-4.006000,-4.649372,3.528984,3.528954,5.351694,5.351066,25.579795,157761,3.572474
5381:ApriltagsCameraLog(1):,7,-4.649372,-3.898000,-4.649372,-3.898000,-4.644225,3.529004,3.528971,5.352059,5.351380,25.579795,157762,3.572474
5401:ApriltagsCameraLog(1):,7,-4.644225,-4.056000,-4.644225,-4.056000,-4.638281,3.529022,3.528990,5.352379,5.351719,25.579795,157763,3.572474
5421:ApriltagsCameraLog(1):,7,-4.638281,-4.065000,-4.638281,-4.065000,-4.633608,3.529042,3.529008,5.352749,5.352049,25.579795,157764,3.572474
5441:ApriltagsCameraLog(1):,7,-4.633608,-4.067000,-4.633608,-4.067000,-4.629042,3.529058,3.529027,5.353040,5.352399,25.579795,157765,3.572474
5461:ApriltagsCameraLog(1):,7,-4.629042,-4.033000,-4.629042,-4.033000,-4.624526,3.529074,3.529044,5.353325,5.352720,25.579795,157766,3.572474
5481:ApriltagsCameraLog(1):,7,-4.624526,-3.905000,-4.624526,-3.905000,-4.619782,3.529089,3.529060,5.353606,5.353022,25.579795,157767,3.572474
5501:ApriltagsCameraLog(1):,7,-4.619782,-3.965000,-4.619782,-3.965000,-4.614082,3.529105,3.529077,5.353901,5.353314,25.579795,157768,3.572474
5521:ApriltagsCameraLog(1):,7,-4.614082,-3.935000,-4.614082,-3.935000,-4.608891,3.529124,3.529092,5.354256,5.353607,25.579795,157769,3.572474
5541:ApriltagsCameraLog(1):,7,-4.608891,-3.916000,-4.608891,-3.916000,-4.603508,3.529142,3.529110,5.354579,5.353932,25.579795,157770,3.572474
5560:ApriltagsCameraLog(1):,7,-4.603508,-3.899000,-4.603508,-3.899000,-4.598019,3.529160,3.529128,5.354914,5.354255,25.579795,157771,3.572474
5581:ApriltagsCameraLog(1):,7,-4.598019,-3.831000,-4.598019,-3.831000,-4.592441,3.531710,3.529146,5.355053,5.354585,25.600108,157772,3.575014
5600:ApriltagsCameraLog(1):,7,-4.592441,-3.983000,-4.592441,-3.983000,-4.586383,3.529197,3.530430,5.355603,5.354810,25.579795,157773,3.572474
5621:ApriltagsCameraLog(1):,7,-4.586383,-3.909000,-4.586383,-3.909000,-4.581547,3.529217,3.529816,5.355981,5.355210,25.579795,157774,3.572474
5641:ApriltagsCameraLog(1):,7,-4.581547,-3.831000,-4.581547,-3.831000,-4.576174,3.529234,3.529519,5.356282,5.355597,25.579795,157775,3.572474
5664:ApriltagsCameraLog(1):,7,-4.576174,-3.783000,-4.576174,-3.783000,-4.570238,3.529252,3.529379,5.356616,5.355940,25.579795,157776,3.572474
5681:ApriltagsCameraLog(1):,7,-4.570238,-3.973000,-4.570238,-3.973000,-4.563975,3.529271,3.529317,5.356986,5.356279,25.579795,157777,3.572474
5701:ApriltagsCameraLog(1):,7,-4.563975,-4.016000,-4.563975,-4.016000,-4.559235,3.529292,3.529296,5.357376,5.356632,25.579795,157778,3.572474
5721:ApriltagsCameraLog(1):,7,-4.559235,-3.953000,-4.559235,-3.953000,-4.554866,3.529308,3.529296,5.357671,5.357004,25.579795,157779,3.572474
5742:ApriltagsCameraLog(1):,7,-4.554866,-3.909000,-4.554866,-3.909000,-4.550041,3.529323,3.529304,5.357943,5.357337,25.579795,157780,3.572474
5761:ApriltagsCameraLog(1):,7,-4.550041,-3.949000,-4.550041,-3.949000,-4.534913,3.529338,3.529315,5.358243,5.357640,25.579795,157781,3.572474
5781:ApriltagsCameraLog(1):,7,-4.534913,-3.895000,-4.534913,-3.895000,-4.530135,3.529388,3.529328,5.359185,5.357942,25.579795,157782,3.572474
5800:ApriltagsCameraLog(1):,7,-4.530135,-3.848000,-4.530135,-3.848000,-4.524975,3.529404,3.529362,5.359483,5.358563,25.579795,157783,3.572474
5821:ApriltagsCameraLog(1):,7,-4.524975,-3.848000,-4.524975,-3.848000,-4.519490,3.529421,3.529386,5.359804,5.359023,25.579795,157784,3.572474
5841:ApriltagsCameraLog(1):,7,-4.519490,-3.789000,-4.519490,-3.789000,-4.514048,3.529439,3.529406,5.360146,5.359413,25.579795,157785,3.572474
5861:ApriltagsCameraLog(1):,7,-4.514048,-3.834000,-4.514048,-3.834000,-4.508190,3.529457,3.529425,5.360484,5.359779,25.579795,157786,3.572474
5881:ApriltagsCameraLog(1):,7,-4.508190,-3.965000,-4.508190,-3.965000,-4.502727,3.529476,3.529443,5.360849,5.360132,25.579795,157787,3.572474
5901:ApriltagsCameraLog(1):,7,-4.502727,-3.971000,-4.502727,-3.971000,-4.498322,3.529494,3.529461,5.361189,5.360490,25.579795,157788,3.572474
5921:ApriltagsCameraLog(1):,7,-4.498322,-3.972000,-4.498322,-3.972000,-4.493999,3.529508,3.529479,5.361464,5.360840,25.579795,157789,3.572474
5941:ApriltagsCameraLog(1):,7,-4.493999,-4.068000,-4.493999,-4.068000,-4.489716,3.529522,3.529495,5.361733,5.361152,25.579795,157790,3.572474
5961:ApriltagsCameraLog(1):,7,-4.489716,-4.021000,-4.489716,-4.021000,-4.486212,3.529536,3.529510,5.361999,5.361442,25.579795,157791,3.572474
5980:ApriltagsCameraLog(1):,7,-4.486212,-4.003000,-4.486212,-4.003000,-4.482370,3.529548,3.529524,5.362218,5.361721,25.579795,157792,3.572474
6000:ApriltagsCameraLog(1):,7,-4.482370,-3.933000,-4.482370,-3.933000,-4.478418,3.529560,3.529537,5.362457,5.361969,25.579795,157793,3.572474
6021:ApriltagsCameraLog(1):,7,-4.478418,-3.991000,-4.478418,-3.991000,-4.473954,3.529573,3.529550,5.362703,5.362213,25.579795,157794,3.572474
6045:ApriltagsCameraLog(1):,7,-4.473954,-3.957000,-4.473954,-3.957000,-4.469975,3.529587,3.529562,5.362981,5.362458,25.579795,157795,3.572474
6060:ApriltagsCameraLog(1):,7,-4.469975,-4.002000,-4.469975,-4.002000,-4.465762,3.529600,3.529576,5.363229,5.362719,25.579795,157796,3.572474
6081:ApriltagsCameraLog(1):,7,-4.465762,-3.939000,-4.465762,-3.939000,-4.461932,3.532146,3.529589,5.363293,5.362974,25.600108,157797,3.575014
6101:ApriltagsCameraLog(1):,7,-4.461932,-3.953000,-4.461932,-3.953000,-4.457645,3.529626,3.530868,5.363730,5.363127,25.579795,157798,3.572474
6120:ApriltagsCameraLog(1):,7,-4.457645,-3.847000,-4.457645,-3.847000,-4.453498,3.529640,3.530248,5.363996,5.363431,25.579795,157799,3.572474
6140:ApriltagsCameraLog(1):,7,-4.453498,-3.967000,-4.453498,-3.967000,-4.448560,3.529653,3.529946,5.364255,5.363716,25.579795,157800,3.572474
6160:ApriltagsCameraLog(1):,7,-4.448560,-3.991000,-4.448560,-3.991000,-4.444591,3.529669,3.529800,5.364562,5.363986,25.579795,157801,3.572474
6181:ApriltagsCameraLog(1):,7,-4.444591,-4.037000,-4.444591,-4.037000,-4.440839,3.529681,3.529736,5.364809,5.364274,25.579795,157802,3.572474
6200:ApriltagsCameraLog(1):,7,-4.440839,-4.153000,-4.440839,-4.153000,-4.437474,3.529693,3.529710,5.365043,5.364542,25.579795,157803,3.572474
6220:ApriltagsCameraLog(1):,7,-4.453498,-4.020000,-4.453498,-4.020000,-4.435034,3.529653,3.529702,5.364255,5.364792,25.579795,157804,3.572474
6241:ApriltagsCameraLog(1):,7,-4.435034,-4.066000,-4.435034,-4.066000,-4.437539,3.529712,3.529694,5.365404,5.364265,25.579795,157805,3.572474
6260:ApriltagsCameraLog(1):,7,-4.437539,-3.760000,-4.437539,-3.760000,-4.434613,3.529704,3.529705,5.365248,5.364835,25.579795,157806,3.572474
6281:ApriltagsCameraLog(1):,7,-4.434613,-3.871000,-4.434613,-3.871000,-4.429329,3.529713,3.529706,5.365431,5.365042,25.579795,157807,3.572474
6301:ApriltagsCameraLog(1):,7,-4.429329,-4.002000,-4.429329,-4.002000,-4.424920,3.527198,3.529710,5.365956,5.365236,25.559483,157808,3.569935
6321:ApriltagsCameraLog(1):,7,-4.424920,-3.885000,-4.424920,-3.885000,-4.421636,3.529744,3.528455,5.366034,5.365601,25.579795,157809,3.572474
6341:ApriltagsCameraLog(1):,7,-4.421636,-3.906000,-4.421636,-3.906000,-4.417473,3.529754,3.529101,5.366239,5.365814,25.579795,157810,3.572474
6361:ApriltagsCameraLog(1):,7,-4.417473,-3.849000,-4.417473,-3.849000,-4.413505,3.529768,3.529429,5.366498,5.366025,25.579795,157811,3.572474
6381:ApriltagsCameraLog(1):,7,-4.413505,-4.001000,-4.413505,-4.001000,-4.409126,3.529780,3.529599,5.366745,5.366261,25.579795,157812,3.572474
6400:ApriltagsCameraLog(1):,7,-4.409126,-4.037000,-4.409126,-4.037000,-4.405959,3.529794,3.529691,5.367018,5.366503,25.579795,157813,3.572474
6421:ApriltagsCameraLog(1):,7,-4.405959,-4.053000,-4.405959,-4.053000,-4.403097,3.529804,3.529743,5.367215,5.366760,25.579795,157814,3.572474
6440:ApriltagsCameraLog(1):,7,-4.403097,-3.991000,-4.403097,-3.991000,-4.400381,3.529813,3.529774,5.367393,5.366987,25.579795,157815,3.572474
6461:ApriltagsCameraLog(1):,7,-4.400381,-3.993000,-4.400381,-3.993000,-4.397205,3.529822,3.529794,5.367562,5.367190,25.579795,157816,3.572474
6481:ApriltagsCameraLog(1):,7,-4.397205,-4.024000,-4.397205,-4.024000,-4.394069,3.529832,3.529809,5.367760,5.367376,25.579795,157817,3.572474
6500:ApriltagsCameraLog(1):,7,-4.394069,-4.035000,-4.394069,-4.035000,-4.391198,3.529841,3.529821,5.367955,5.367568,25.579795,157818,3.572474
6520:ApriltagsCameraLog(1):,7,-4.391198,-3.939000,-4.391198,-3.939000,-4.388435,3.529850,3.529832,5.368134,5.367762,25.579795,157819,3.572474
6541:ApriltagsCameraLog(1):,7,-4.388435,-3.924000,-4.388435,-3.924000,-4.384948,3.529859,3.529842,5.368306,5.367948,25.579795,157820,3.572474
6560:ApriltagsCameraLog(1):,7,-4.384948,-3.926000,-4.384948,-3.926000,-4.381372,3.529870,3.529851,5.368523,5.368127,25.579795,157821,3.572474
6581:ApriltagsCameraLog(1):,7,-4.381372,-3.858000,-4.381372,-3.858000,-4.377839,3.529881,3.529861,5.368746,5.368325,25.579795,157822,3.572474
6601:ApriltagsCameraLog(1):,7,-4.377839,-3.952000,-4.377839,-3.952000,-4.373806,3.529892,3.529872,5.368966,5.368536,25.579795,157823,3.572474
6621:ApriltagsCameraLog(1):,7,-4.373806,-3.878000,-4.373806,-3.878000,-4.370534,3.529905,3.529883,5.369217,5.368751,25.579795,157824,3.572474
6641:ApriltagsCameraLog(1):,7,-4.370534,-3.831000,-4.370534,-3.831000,-4.366713,3.529915,3.529895,5.369421,5.368984,25.579795,157825,3.572474
6661:ApriltagsCameraLog(1):,7,-4.366713,-4.002000,-4.366713,-4.002000,-4.362557,3.529927,3.529906,5.369659,5.369202,25.579795,157826,3.572474
6681:ApriltagsCameraLog(1):,7,-4.362557,-3.972000,-4.362557,-3.972000,-4.359760,3.529940,3.529917,5.369918,5.369431,25.579795,157827,3.572474
6701:ApriltagsCameraLog(1):,7,-4.359760,-3.850000,-4.359760,-3.850000,-4.356751,3.529949,3.529929,5.370092,5.369674,25.579795,157828,3.572474
6721:ApriltagsCameraLog(1):,7,-4.356751,-4.006000,-4.356751,-4.006000,-4.352820,3.529958,3.529940,5.370279,5.369883,25.579795,157829,3.572474
6741:ApriltagsCameraLog(1):,7,-4.352820,-3.952000,-4.352820,-3.952000,-4.350129,3.529970,3.529949,5.370524,5.370081,25.579795,157830,3.572474
6761:ApriltagsCameraLog(1):,7,-4.350129,-4.071000,-4.350129,-4.071000,-4.347041,3.529978,3.529961,5.370692,5.370303,25.579795,157831,3.572474
6781:ApriltagsCameraLog(1):,7,-4.347041,-3.993000,-4.347041,-3.993000,-4.344899,3.529988,3.529970,5.370884,5.370497,25.579795,157832,3.572474
6800:ApriltagsCameraLog(1):,7,-4.344899,-3.712000,-4.344899,-3.712000,-4.342169,3.527462,3.529980,5.371210,5.370691,25.559483,157833,3.569935
6820:ApriltagsCameraLog(1):,7,-4.342169,-3.901000,-4.342169,-3.901000,-4.337276,3.530003,3.528722,5.371187,5.370957,25.579795,157834,3.572474
6841:ApriltagsCameraLog(1):,7,-4.337276,-3.963000,-4.337276,-3.963000,-4.333892,3.530018,3.529363,5.371492,5.371070,25.579795,157835,3.572474
6860:ApriltagsCameraLog(1):,7,-4.333892,-4.081000,-4.333892,-4.081000,-4.331014,3.527496,3.529691,5.371895,5.371280,25.559483,157836,3.569935
6881:ApriltagsCameraLog(1):,7,-4.331014,-4.023000,-4.331014,-4.023000,-4.329073,3.530037,3.528594,5.371882,5.371590,25.579795,157837,3.572474
6901:ApriltagsCameraLog(1):,7,-4.329073,-3.840000,-4.329073,-3.840000,-4.326699,3.530043,3.529316,5.372003,5.371734,25.579795,157838,3.572474
6921:ApriltagsCameraLog(1):,7,-4.326699,-3.908000,-4.326699,-3.908000,-4.322923,3.530051,3.529680,5.372151,5.371867,25.579795,157839,3.572474
6940:ApriltagsCameraLog(1):,7,-4.322923,-3.824000,-4.322923,-3.824000,-4.319704,3.530062,3.529866,5.372386,5.372008,25.579795,157840,3.572474
6961:ApriltagsCameraLog(1):,7,-4.319704,-4.023000,-4.319704,-4.023000,-4.315858,3.530072,3.529965,5.372586,5.372197,25.579795,157841,3.572474
6980:ApriltagsCameraLog(1):,7,-4.315858,-3.982000,-4.315858,-3.982000,-4.313586,3.527551,3.530019,5.373017,5.372391,25.559483,157842,3.569935
7001:ApriltagsCameraLog(1):,7,-4.313586,-3.842000,-4.313586,-3.842000,-4.311012,3.530091,3.528786,5.372967,5.372708,25.579795,157843,3.572474
7021:ApriltagsCameraLog(1):,7,-4.311012,-3.993000,-4.311012,-3.993000,-4.307373,3.530099,3.529439,5.373128,5.372835,25.579795,157844,3.572474
7041:ApriltagsCameraLog(1):,7,-4.307373,-3.965000,-4.307373,-3.965000,-4.304934,3.530110,3.529769,5.373354,5.372980,25.579795,157845,3.572474
7061:ApriltagsCameraLog(1):,7,-4.304934,-3.886000,-4.304934,-3.886000,-4.302297,3.530117,3.529940,5.373506,5.373167,25.579795,157846,3.572474
7081:ApriltagsCameraLog(1):,7,-4.302297,-4.039000,-4.302297,-4.039000,-4.299067,3.530125,3.530029,5.373670,5.373336,25.579795,157847,3.572474
7101:ApriltagsCameraLog(1):,7,-4.299067,-3.996000,-4.299067,-3.996000,-4.297050,3.530135,3.530077,5.373872,5.373503,25.579795,157848,3.572474
7120:ApriltagsCameraLog(1):,7,-4.297050,-3.993000,-4.297050,-3.993000,-4.294714,3.530141,3.530107,5.373997,5.373687,25.579795,157849,3.572474
7144:ApriltagsCameraLog(1):,7,-4.294714,-3.918000,-4.294714,-3.918000,-4.292374,3.530148,3.530124,5.374143,5.373842,25.579795,157850,3.572474
7161:ApriltagsCameraLog(1):,7,-4.292374,-3.944000,-4.292374,-3.944000,-4.289469,3.530155,3.530137,5.374288,5.373992,25.579795,157851,3.572474
7181:ApriltagsCameraLog(1):,7,-4.289469,-3.923000,-4.289469,-3.923000,-4.286789,3.530164,3.530146,5.374469,5.374140,25.579795,157852,3.572474
7201:ApriltagsCameraLog(1):,7,-4.286789,-3.942000,-4.286789,-3.942000,-4.283967,3.530172,3.530156,5.374636,5.374305,25.579795,157853,3.572474
7221:ApriltagsCameraLog(1):,7,-4.283967,-4.039000,-4.283967,-4.039000,-4.281314,3.530181,3.530164,5.374812,5.374471,25.579795,157854,3.572474
7240:ApriltagsCameraLog(1):,7,-4.281314,-3.913000,-4.281314,-3.913000,-4.279434,3.530189,3.530173,5.374977,5.374641,25.579795,157855,3.572474
7260:ApriltagsCameraLog(1):,7,-4.279434,-3.960000,-4.279434,-3.960000,-4.276591,3.530194,3.530181,5.375094,5.374809,25.579795,157856,3.572474
7280:ApriltagsCameraLog(1):,7,-4.276591,-3.886000,-4.276591,-3.886000,-4.274135,3.530203,3.530188,5.375271,5.374952,25.579795,157857,3.572474
7301:ApriltagsCameraLog(1):,7,-4.274135,-3.865000,-4.274135,-3.865000,-4.271124,3.530210,3.530196,5.375424,5.375112,25.579795,157858,3.572474
7321:ApriltagsCameraLog(1):,7,-4.271124,-3.847000,-4.271124,-3.847000,-4.267973,3.530219,3.530204,5.375612,5.375268,25.579795,157859,3.572474
7341:ApriltagsCameraLog(1):,7,-4.267973,-3.931000,-4.267973,-3.931000,-4.264707,3.530229,3.530212,5.375808,5.375440,25.579795,157860,3.572474
7360:ApriltagsCameraLog(1):,7,-4.264707,-4.013000,-4.264707,-4.013000,-4.262118,3.530239,3.530221,5.376012,5.375624,25.579795,157861,3.572474
7381:ApriltagsCameraLog(1):,7,-4.262118,-3.949000,-4.262118,-3.949000,-4.260186,3.530246,3.530230,5.376173,5.375818,25.579795,157862,3.572474
7400:ApriltagsCameraLog(1):,7,-4.260186,-3.882000,-4.260186,-3.882000,-4.257771,3.530252,3.530239,5.376293,5.375995,25.579795,157863,3.572474
7420:ApriltagsCameraLog(1):,7,-4.257771,-3.971000,-4.257771,-3.971000,-4.254856,3.530259,3.530246,5.376443,5.376144,25.579795,157864,3.572474
7441:ApriltagsCameraLog(1):,7,-4.254856,-3.978000,-4.254856,-3.978000,-4.242654,3.530268,3.530253,5.376625,5.376294,25.579795,157865,3.572474
7461:ApriltagsCameraLog(1):,7,-4.242654,-3.995000,-4.242654,-3.995000,-4.240523,3.530304,3.530261,5.377385,5.376459,25.579795,157866,3.572474
7481:ApriltagsCameraLog(1):,7,-4.240523,-3.926000,-4.240523,-3.926000,-4.238549,3.530311,3.530284,5.377518,5.376922,25.579795,157867,3.572474
7501:ApriltagsCameraLog(1):,7,-4.238549,-3.982000,-4.238549,-3.982000,-4.246124,3.530317,3.530298,5.377641,5.377220,25.579795,157868,3.572474
7521:ApriltagsCameraLog(1):,7,-4.246124,-4.068000,-4.246124,-4.068000,-4.244152,3.530294,3.530308,5.377169,5.377430,25.579795,157869,3.572474
7541:ApriltagsCameraLog(1):,7,-4.244152,-4.011000,-4.244152,-4.011000,-4.232852,3.530300,3.530301,5.377292,5.377300,25.579795,157870,3.572474
7561:ApriltagsCameraLog(1):,7,-4.232852,-3.932000,-4.232852,-3.932000,-4.231053,3.530334,3.530300,5.377995,5.377296,25.579795,157871,3.572474
7581:ApriltagsCameraLog(1):,7,-4.231053,-3.905000,-4.231053,-3.905000,-4.228671,3.530339,3.530318,5.378107,5.377645,25.579795,157872,3.572474
7601:ApriltagsCameraLog(1):,7,-4.228671,-4.109000,-4.228671,-4.109000,-4.226160,3.530346,3.530329,5.378256,5.377876,25.579795,157873,3.572474
7620:ApriltagsCameraLog(1):,7,-4.226160,-4.058000,-4.226160,-4.058000,-4.225251,3.530353,3.530338,5.378412,5.378066,25.579795,157874,3.572474
7640:ApriltagsCameraLog(1):,7,-4.225251,-4.097000,-4.225251,-4.097000,-4.223953,3.530356,3.530346,5.378469,5.378239,25.579795,157875,3.572474
7661:ApriltagsCameraLog(1):,7,-4.223953,-4.116000,-4.223953,-4.116000,-4.232968,3.527827,3.530351,5.378737,5.378354,25.559483,157876,3.569935
7680:ApriltagsCameraLog(1):,7,-4.232968,-4.058000,-4.232968,-4.058000,-4.232138,3.530333,3.529089,5.377988,5.378547,25.579795,157877,3.572474
7700:ApriltagsCameraLog(1):,7,-4.232138,-3.932000,-4.232138,-3.932000,-4.230842,3.530336,3.529711,5.378040,5.378266,25.579795,157878,3.572474
7720:ApriltagsCameraLog(1):,7,-4.230842,-4.004000,-4.230842,-4.004000,-4.228524,3.530340,3.530023,5.378121,5.378152,25.579795,157879,3.572474
7741:ApriltagsCameraLog(1):,7,-4.228524,-3.854000,-4.228524,-3.854000,-4.226782,3.530346,3.530181,5.378265,5.378136,25.579795,157880,3.572474
7761:ApriltagsCameraLog(1):,7,-4.226782,-4.005000,-4.226782,-4.005000,-4.223890,3.530352,3.530264,5.378373,5.378200,25.579795,157881,3.572474
7781:ApriltagsCameraLog(1):,7,-4.223890,-4.066000,-4.223890,-4.066000,-4.222192,3.530360,3.530308,5.378554,5.378287,25.579795,157882,3.572474
7801:ApriltagsCameraLog(1):,7,-4.222192,-3.950000,-4.222192,-3.950000,-4.220980,3.530365,3.530334,5.378659,5.378420,25.579795,157883,3.572474
7821:ApriltagsCameraLog(1):,7,-4.220980,-4.042000,-4.220980,-4.042000,-4.208878,3.530369,3.530350,5.378735,5.378540,25.579795,157884,3.572474
7840:ApriltagsCameraLog(1):,7,-4.208878,-4.064000,-4.208878,-4.064000,-4.207506,3.530404,3.530359,5.379489,5.378637,25.579795,157885,3.572474
7860:ApriltagsCameraLog(1):,7,-4.207506,-4.033000,-4.207506,-4.033000,-4.206326,3.530408,3.530382,5.379574,5.379063,25.579795,157886,3.572474
7881:ApriltagsCameraLog(1):,7,-4.206326,-3.960000,-4.206326,-3.960000,-4.204982,3.530412,3.530396,5.379648,5.379318,25.579795,157887,3.572474
7901:ApriltagsCameraLog(1):,7,-4.204982,-3.904000,-4.204982,-3.904000,-4.203081,3.530416,3.530404,5.379731,5.379483,25.579795,157888,3.572474
7920:ApriltagsCameraLog(1):,7,-4.203081,-3.979000,-4.203081,-3.979000,-4.200761,3.530421,3.530410,5.379850,5.379607,25.579795,157889,3.572474
7940:ApriltagsCameraLog(1):,7,-4.200761,-4.093000,-4.200761,-4.093000,-4.199040,3.527895,3.530416,5.380180,5.379728,25.559483,157890,3.569935
7960:ApriltagsCameraLog(1):,7,-4.199040,-3.757000,-4.199040,-3.757000,-4.198217,3.530433,3.529156,5.380101,5.379955,25.579795,157891,3.572474
7980:ApriltagsCameraLog(1):,7,-4.198217,-3.993000,-4.198217,-3.993000,-4.194794,3.527902,3.529795,5.380339,5.380026,25.559483,157892,3.569935
8000:ApriltagsCameraLog(1):,7,-4.194794,-4.028000,-4.194794,-4.028000,-4.193227,3.530446,3.528849,5.380366,5.380184,25.579795,157893,3.572474
8020:ApriltagsCameraLog(1):,7,-4.193227,-3.902000,-4.193227,-3.902000,-4.191946,3.530450,3.529647,5.380463,5.380274,25.579795,157894,3.572474
8041:ApriltagsCameraLog(1):,7,-4.191946,-3.994000,-4.191946,-3.994000,-4.189696,3.530454,3.530049,5.380543,5.380368,25.579795,157895,3.572474
8060:ApriltagsCameraLog(1):,7,-4.189696,-3.832000,-4.189696,-3.832000,-4.188178,3.530460,3.530252,5.380683,5.380455,25.579795,157896,3.572474
8081:ApriltagsCameraLog(1):,7,-4.188178,-3.978000,-4.188178,-3.978000,-4.185415,3.530465,3.530356,5.380778,5.380569,25.579795,157897,3.572474
8101:ApriltagsCameraLog(1):,7,-4.185415,-4.023000,-4.185415,-4.023000,-4.183806,3.527940,3.530411,5.381135,5.380673,25.559483,157898,3.569935
8120:ApriltagsCameraLog(1):,7,-4.183806,-4.090000,-4.183806,-4.090000,-4.182557,3.530478,3.529176,5.381050,5.380906,25.579795,157899,3.572474
8140:ApriltagsCameraLog(1):,7,-4.182557,-3.962000,-4.182557,-3.962000,-4.181839,3.530481,3.529827,5.381128,5.380978,25.579795,157900,3.572474
8160:ApriltagsCameraLog(1):,7,-4.181839,-3.932000,-4.181839,-3.932000,-4.180134,3.530483,3.530154,5.381173,5.381052,25.579795,157901,3.572474
8181:ApriltagsCameraLog(1):,7,-4.180134,-3.969000,-4.180134,-3.969000,-4.168209,3.527955,3.530319,5.381464,5.381112,25.559483,157902,3.569935
8200:ApriltagsCameraLog(1):,7,-4.168209,-4.044000,-4.168209,-4.044000,-4.166584,3.530523,3.529137,5.382022,5.381290,25.579795,157903,3.572474
8220:ApriltagsCameraLog(1):,7,-4.166584,-3.955000,-4.166584,-3.955000,-4.175578,3.530528,3.529831,5.382123,5.381655,25.579795,157904,3.572474
8244:ApriltagsCameraLog(1):,7,-4.175578,-3.903000,-4.175578,-3.903000,-4.163944,3.530502,3.530180,5.381563,5.381888,25.579795,157905,3.572474
8260:ApriltagsCameraLog(1):,7,-4.163944,-3.952000,-4.163944,-3.952000,-4.161901,3.530535,3.530340,5.382287,5.381725,25.579795,157906,3.572474
8280:ApriltagsCameraLog(1):,7,-4.161901,-3.905000,-4.161901,-3.905000,-4.160199,3.530541,3.530438,5.382414,5.382006,25.579795,157907,3.572474
8301:ApriltagsCameraLog(1):,7,-4.160199,-3.965000,-4.160199,-3.965000,-4.158219,3.530546,3.530490,5.382520,5.382210,25.579795,157908,3.572474
8321:ApriltagsCameraLog(1):,7,-4.158219,-4.127000,-4.158219,-4.127000,-4.156720,3.530552,3.530518,5.382644,5.382365,25.579795,157909,3.572474
8340:ApriltagsCameraLog(1):,7,-4.156720,-3.940000,-4.156720,-3.940000,-4.156490,3.530556,3.530535,5.382737,5.382505,25.579795,157910,3.572474
8361:ApriltagsCameraLog(1):,7,-4.156490,-4.013000,-4.156490,-4.013000,-4.154810,3.530557,3.530546,5.382752,5.382621,25.579795,157911,3.572474
8381:ApriltagsCameraLog(1):,7,-4.154810,-3.963000,-4.154810,-3.963000,-4.153710,3.530562,3.530551,5.382856,5.382686,25.579795,157912,3.572474
8401:ApriltagsCameraLog(1):,7,-4.153710,-3.969000,-4.153710,-3.969000,-4.152231,3.530565,3.530557,5.382925,5.382771,25.579795,157913,3.572474
8421:ApriltagsCameraLog(1):,7,-4.152231,-4.077000,-4.152231,-4.077000,-4.150809,3.530569,3.530561,5.383017,5.382848,25.579795,157914,3.572474
8441:ApriltagsCameraLog(1):,7,-4.150809,-4.093000,-4.150809,-4.093000,-4.160237,3.530573,3.530565,5.383105,5.382932,25.579795,157915,3.572474
8461:ApriltagsCameraLog(1):,7,-4.160237,-3.991000,-4.160237,-3.991000,-4.159793,3.530546,3.530569,5.382518,5.383019,25.579795,157916,3.572474
8480:ApriltagsCameraLog(1):,7,-4.159793,-3.958000,-4.159793,-3.958000,-4.158557,3.530547,3.530557,5.382546,5.382768,25.579795,157917,3.572474
8500:ApriltagsCameraLog(1):,7,-4.158557,-4.061000,-4.158557,-4.061000,-4.157001,3.530551,3.530552,5.382623,5.382657,25.579795,157918,3.572474
8520:ApriltagsCameraLog(1):,7,-4.157001,-4.016000,-4.157001,-4.016000,-4.156256,3.530555,3.530551,5.382720,5.382640,25.579795,157919,3.572474
8541:ApriltagsCameraLog(1):,7,-4.156256,-3.964000,-4.156256,-3.964000,-4.155168,3.530557,3.530553,5.382766,5.382680,25.579795,157920,3.572474
8560:ApriltagsCameraLog(1):,7,-4.155168,-3.857000,-4.155168,-3.857000,-4.153685,3.530561,3.530556,5.382834,5.382723,25.579795,157921,3.572474
8580:ApriltagsCameraLog(1):,7,-4.153685,-3.966000,-4.153685,-3.966000,-4.151383,3.530565,3.530558,5.382926,5.382778,25.579795,157922,3.572474
8601:ApriltagsCameraLog(1):,7,-4.151383,-3.856000,-4.151383,-3.856000,-4.149945,3.530571,3.530562,5.383070,5.382852,25.579795,157923,3.572474
8621:ApriltagsCameraLog(1):,7,-4.149945,-4.028000,-4.149945,-4.028000,-4.147665,3.530576,3.530567,5.383159,5.382961,25.579795,157924,3.572474
8640:ApriltagsCameraLog(1):,7,-4.147665,-4.084000,-4.147665,-4.084000,-4.146736,3.530582,3.530571,5.383301,5.383060,25.579795,157925,3.572474
8660:ApriltagsCameraLog(1):,7,-4.146736,-3.982000,-4.146736,-3.982000,-4.146249,3.530585,3.530577,5.383359,5.383181,25.579795,157926,3.572474
8680:ApriltagsCameraLog(1):,7,-4.146249,-3.995000,-4.146249,-3.995000,-4.144975,3.530586,3.530581,5.383389,5.383270,25.579795,157927,3.572474
8700:ApriltagsCameraLog(1):,7,-4.144975,-3.884000,-4.144975,-3.884000,-4.143812,3.530590,3.530584,5.383469,5.383330,25.579795,157928,3.572474
8720:ApriltagsCameraLog(1):,7,-4.143812,-4.043000,-4.143812,-4.043000,-4.141796,3.530593,3.530587,5.383541,5.383399,25.579795,157929,3.572474
8741:ApriltagsCameraLog(1):,7,-4.141796,-3.938000,-4.141796,-3.938000,-4.141030,3.530599,3.530590,5.383667,5.383470,25.579795,157930,3.572474
8760:ApriltagsCameraLog(1):,7,-4.141030,-3.965000,-4.141030,-3.965000,-4.139454,3.530601,3.530595,5.383714,5.383568,25.579795,157931,3.572474
8780:ApriltagsCameraLog(1):,7,-4.139454,-3.953000,-4.139454,-3.953000,-4.138101,3.530606,3.530598,5.383813,5.383641,25.579795,157932,3.572474
8800:ApriltagsCameraLog(1):,7,-4.138101,-4.014000,-4.138101,-4.014000,-4.136665,3.530610,3.530602,5.383897,5.383727,25.579795,157933,3.572474
8821:ApriltagsCameraLog(1):,7,-4.136665,-3.977000,-4.136665,-3.977000,-4.135713,3.530614,3.530606,5.383986,5.383812,25.579795,157934,3.572474
8840:ApriltagsCameraLog(1):,7,-4.135713,-4.033000,-4.135713,-4.033000,-4.134482,3.530616,3.530610,5.384046,5.383899,25.579795,157935,3.572474
8860:ApriltagsCameraLog(1):,7,-4.134482,-4.106000,-4.134482,-4.106000,-4.133695,3.530620,3.530613,5.384122,5.383972,25.579795,157936,3.572474
8880:ApriltagsCameraLog(1):,7,-4.133695,-4.043000,-4.133695,-4.043000,-4.133480,3.530622,3.530617,5.384171,5.384047,25.579795,157937,3.572474
8901:ApriltagsCameraLog(1):,7,-4.133480,-3.988000,-4.133480,-3.988000,-4.132778,3.530623,3.530619,5.384185,5.384109,25.579795,157938,3.572474
8920:ApriltagsCameraLog(1):,7,-4.132778,-4.150000,-4.132778,-4.150000,-4.131655,3.530625,3.530621,5.384228,5.384147,25.579795,157939,3.572474
8940:ApriltagsCameraLog(1):,7,-4.131655,-4.017000,-4.131655,-4.017000,-4.131797,3.530628,3.530623,5.384298,5.384188,25.579795,157940,3.572474
8960:ApriltagsCameraLog(1):,7,-4.131797,-4.064000,-4.131797,-4.064000,-4.130907,3.530628,3.530626,5.384289,5.384243,25.579795,157941,3.572474
8980:ApriltagsCameraLog(1):,7,-4.130907,-3.978000,-4.130907,-3.978000,-4.130387,3.530630,3.530627,5.384345,5.384266,25.579795,157942,3.572474
9000:ApriltagsCameraLog(1):,7,-4.130387,-3.823000,-4.130387,-3.823000,-4.129205,3.530632,3.530628,5.384377,5.384306,25.579795,157943,3.572474
9020:ApriltagsCameraLog(1):,7,-4.129205,-3.893000,-4.129205,-3.893000,-4.126830,3.530635,3.530630,5.384451,5.384341,25.579795,157944,3.572474
9041:ApriltagsCameraLog(1):,7,-4.126830,-3.797000,-4.126830,-3.797000,-4.125016,3.533175,3.530633,5.384416,5.384396,25.600108,157945,3.575014
9060:ApriltagsCameraLog(1):,7,-4.125016,-3.920000,-4.125016,-3.920000,-4.122473,3.530647,3.531904,5.384712,5.384403,25.579795,157946,3.572474
9080:ApriltagsCameraLog(1):,7,-4.122473,-3.811000,-4.122473,-3.811000,-4.120902,3.530654,3.531276,5.384870,5.384558,25.579795,157947,3.572474
9100:ApriltagsCameraLog(1):,7,-4.120902,-3.852000,-4.120902,-3.852000,-4.118498,3.530659,3.530965,5.384968,5.384715,25.579795,157948,3.572474
9121:ApriltagsCameraLog(1):,7,-4.118498,-3.768000,-4.118498,-3.768000,-4.116430,3.530665,3.530812,5.385118,5.384842,25.579795,157949,3.572474
9141:ApriltagsCameraLog(1):,7,-4.116430,-3.917000,-4.116430,-3.917000,-4.113727,3.530671,3.530739,5.385247,5.384980,25.579795,157950,3.572474
9160:ApriltagsCameraLog(1):,7,-4.113727,-3.820000,-4.113727,-3.820000,-4.112201,3.530679,3.530706,5.385415,5.385113,25.579795,157951,3.572474
9181:ApriltagsCameraLog(1):,7,-4.112201,-3.904000,-4.112201,-3.904000,-4.109934,3.530683,3.530693,5.385510,5.385264,25.579795,157952,3.572474
9200:ApriltagsCameraLog(1):,7,-4.109934,-4.040000,-4.109934,-4.040000,-4.108337,3.530690,3.530688,5.385651,5.385387,25.579795,157953,3.572474
9221:ApriltagsCameraLog(1):,7,-4.108337,-4.000000,-4.108337,-4.000000,-4.107806,3.530694,3.530689,5.385751,5.385519,25.579795,157954,3.572474
9242:ApriltagsCameraLog(1):,7,-4.107806,-4.033000,-4.107806,-4.033000,-4.106970,3.530696,3.530692,5.385784,5.385635,25.579795,157955,3.572474
9261:ApriltagsCameraLog(1):,7,-4.106970,-4.076000,-4.106970,-4.076000,-4.106396,3.533232,3.530694,5.385654,5.385709,25.600108,157956,3.575014
9280:ApriltagsCameraLog(1):,7,-4.106396,-3.969000,-4.106396,-3.969000,-4.106161,3.530700,3.531963,5.385872,5.385681,25.579795,157957,3.572474
9300:ApriltagsCameraLog(1):,7,-4.106161,-4.108000,-4.106161,-4.108000,-4.105096,3.530700,3.531331,5.385886,5.385777,25.579795,157958,3.572474
9320:ApriltagsCameraLog(1):,7,-4.105096,-4.031000,-4.105096,-4.031000,-4.105119,3.530703,3.531016,5.385953,5.385832,25.579795,157959,3.572474
9345:ApriltagsCameraLog(1):,7,-4.105119,-3.982000,-4.105119,-3.982000,-4.104544,3.530703,3.530860,5.385951,5.385892,25.579795,157960,3.572474
9360:ApriltagsCameraLog(1):,7,-4.104544,-3.922000,-4.104544,-3.922000,-4.103593,3.530705,3.530782,5.385987,5.385922,25.579795,157961,3.572474
9381:ApriltagsCameraLog(1):,7,-4.103593,-3.910000,-4.103593,-3.910000,-4.102184,3.530708,3.530743,5.386046,5.385954,25.579795,157962,3.572474
9402:ApriltagsCameraLog(1):,7,-4.102184,-3.932000,-4.102184,-3.932000,-4.100693,3.530712,3.530726,5.386134,5.386000,25.579795,157963,3.572474
9421:ApriltagsCameraLog(1):,7,-4.100693,-3.956000,-4.100693,-3.956000,-4.099385,3.530716,3.530719,5.386227,5.386067,25.579795,157964,3.572474
9440:ApriltagsCameraLog(1):,7,-4.099385,-3.998000,-4.099385,-3.998000,-4.098272,3.530720,3.530717,5.386308,5.386147,25.579795,157965,3.572474
9460:ApriltagsCameraLog(1):,7,-4.098272,-3.875000,-4.098272,-3.875000,-4.097494,3.530723,3.530719,5.386378,5.386228,25.579795,157966,3.572474
9481:ApriltagsCameraLog(1):,7,-4.097494,-4.097000,-4.097494,-4.097000,-4.095768,3.528191,3.530721,5.386608,5.386303,25.559483,157967,3.569935
9500:ApriltagsCameraLog(1):,7,-4.095768,-4.029000,-4.095768,-4.029000,-4.085778,3.530730,3.529456,5.386534,5.386455,25.579795,157968,3.572474
9520:ApriltagsCameraLog(1):,7,-4.085778,-4.003000,-4.085778,-4.003000,-4.085260,3.530758,3.530093,5.387156,5.386494,25.579795,157969,3.572474
9540:ApriltagsCameraLog(1):,7,-4.085260,-4.106000,-4.085260,-4.106000,-4.084556,3.530759,3.530426,5.387188,5.386825,25.579795,157970,3.572474
9561:ApriltagsCameraLog(1):,7,-4.084556,-4.075000,-4.084556,-4.075000,-4.084723,3.530761,3.530592,5.387232,5.387006,25.579795,157971,3.572474
9580:ApriltagsCameraLog(1):,7,-4.084723,-3.940000,-4.084723,-3.940000,-4.084647,3.530761,3.530677,5.387222,5.387119,25.579795,157972,3.572474
9600:ApriltagsCameraLog(1):,7,-4.084647,-3.830000,-4.084647,-3.830000,-4.083525,3.530761,3.530719,5.387226,5.387170,25.579795,157973,3.572474
9620:ApriltagsCameraLog(1):,7,-4.083525,-4.034000,-4.083525,-4.034000,-4.081558,3.530764,3.530740,5.387296,5.387198,25.579795,157974,3.572474
9640:ApriltagsCameraLog(1):,7,-4.081558,-4.036000,-4.081558,-4.036000,-4.081189,3.530770,3.530752,5.387419,5.387247,25.579795,157975,3.572474
9660:ApriltagsCameraLog(1):,7,-4.081189,-3.966000,-4.081189,-3.966000,-4.080839,3.530771,3.530761,5.387442,5.387333,25.579795,157976,3.572474
9681:ApriltagsCameraLog(1):,7,-4.080839,-4.089000,-4.080839,-4.089000,-4.079948,3.528238,3.530766,5.387644,5.387387,25.559483,157977,3.569935
9700:ApriltagsCameraLog(1):,7,-4.079948,-4.052000,-4.079948,-4.052000,-4.080018,3.530774,3.529502,5.387519,5.387516,25.579795,157978,3.572474
9721:ApriltagsCameraLog(1):,7,-4.080018,-3.966000,-4.080018,-3.966000,-4.079801,3.530774,3.530138,5.387515,5.387517,25.579795,157979,3.572474
9740:ApriltagsCameraLog(1):,7,-4.079801,-3.977000,-4.079801,-3.977000,-4.078918,3.530775,3.530456,5.387528,5.387516,25.579795,157980,3.572474
9760:ApriltagsCameraLog(1):,7,-4.078918,-3.989000,-4.078918,-3.989000,-4.078127,3.530777,3.530615,5.387583,5.387522,25.579795,157981,3.572474
9780:ApriltagsCameraLog(1):,7,-4.078127,-4.051000,-4.078127,-4.051000,-4.077436,3.530779,3.530696,5.387632,5.387552,25.579795,157982,3.572474
9800:ApriltagsCameraLog(1):,7,-4.077436,-4.056000,-4.077436,-4.056000,-4.077231,3.530781,3.530738,5.387676,5.387592,25.579795,157983,3.572474
9820:ApriltagsCameraLog(1):,7,-4.077231,-3.948000,-4.077231,-3.948000,-4.077066,3.528248,3.530759,5.387869,5.387634,25.559483,157984,3.569935
9840:ApriltagsCameraLog(1):,7,-4.077066,-3.975000,-4.077066,-3.975000,-4.076064,3.530782,3.529504,5.387699,5.387753,25.579795,157985,3.572474
9880:ApriltagsCameraLog(1):,7,-4.076064,-3.946000,-4.076064,-3.946000,-4.075280,3.530785,3.530143,5.387761,5.387725,25.579795,157987,3.572474
9900:ApriltagsCameraLog(1):,7,-4.075280,-3.955000,-4.075280,-3.955000,-4.074277,3.530787,3.530464,5.387810,5.387743,25.579795,157988,3.572474
9920:ApriltagsCameraLog(1):,7,-4.074277,-4.028000,-4.074277,-4.028000,-4.073351,3.530790,3.530626,5.387872,5.387776,25.579795,157989,3.572474
9940:ApriltagsCameraLog(1):,7,-4.073351,-3.995000,-4.073351,-3.995000,-4.073000,3.530793,3.530708,5.387930,5.387824,25.579795,157990,3.572474
9960:ApriltagsCameraLog(1):,7,-4.073000,-3.951000,-4.073000,-3.951000,-4.072395,3.530794,3.530750,5.387952,5.387877,25.579795,157991,3.572474
9980:ApriltagsCameraLog(1):,7,-4.072395,-4.017000,-4.072395,-4.017000,-4.071453,3.530795,3.530772,5.387990,5.387914,25.579795,157992,3.572474
10001:ApriltagsCameraLog(1):,7,-4.071453,-3.851000,-4.071453,-3.851000,-4.071030,3.533332,3.530784,5.387868,5.387952,25.600108,157993,3.575014
10021:ApriltagsCameraLog(1):,7,-4.071030,-3.823000,-4.071030,-3.823000,-4.069325,3.533333,3.532057,5.387894,5.387907,25.600108,157994,3.575014
10040:ApriltagsCameraLog(1):,7,-4.069325,-3.879000,-4.069325,-3.879000,-4.067415,3.530804,3.532695,5.388181,5.387899,25.579795,157995,3.572474
10060:ApriltagsCameraLog(1):,7,-4.067415,-3.933000,-4.067415,-3.933000,-4.065953,3.530809,3.531750,5.388300,5.388042,25.579795,157996,3.572474
10080:ApriltagsCameraLog(1):,7,-4.065953,-4.057000,-4.065953,-4.057000,-4.064922,3.528280,3.531280,5.388571,5.388171,25.559483,157997,3.569935
10100:ApriltagsCameraLog(1):,7,-4.064922,-3.931000,-4.064922,-3.931000,-4.064860,3.530816,3.529780,5.388455,5.388371,25.579795,157998,3.572474
10121:ApriltagsCameraLog(1):,7,-4.064860,-3.761000,-4.064860,-3.761000,-4.063822,3.530816,3.530298,5.388459,5.388412,25.579795,157999,3.572474
10140:ApriltagsCameraLog(1):,7,-4.063822,-3.920000,-4.063822,-3.920000,-4.061473,3.530819,3.530557,5.388524,5.388435,25.579795,158000,3.572474
10161:ApriltagsCameraLog(1):,7,-4.061473,-4.041000,-4.061473,-4.041000,-4.060375,3.530826,3.530688,5.388670,5.388479,25.579795,158001,3.572474
10180:ApriltagsCameraLog(1):,7,-4.060375,-4.097000,-4.060375,-4.097000,-4.060225,3.530829,3.530757,5.388738,5.388574,25.579795,158002,3.572474
10200:ApriltagsCameraLog(1):,7,-4.060225,-4.062000,-4.060225,-4.062000,-4.060510,3.530829,3.530793,5.388748,5.388656,25.579795,158003,3.572474
10220:ApriltagsCameraLog(1):,7,-4.060510,-3.949000,-4.060510,-3.949000,-4.060522,3.530828,3.530811,5.388730,5.388702,25.579795,158004,3.572474
10240:ApriltagsCameraLog(1):,7,-4.060522,-3.997000,-4.060522,-3.997000,-4.059656,3.530828,3.530820,5.388729,5.388716,25.579795,158005,3.572474
10260:ApriltagsCameraLog(1):,7,-4.059656,-4.004000,-4.059656,-4.004000,-4.059170,3.530831,3.530824,5.388783,5.388722,25.579795,158006,3.572474
10280:ApriltagsCameraLog(1):,7,-4.059170,-3.940000,-4.059170,-3.940000,-4.058742,3.530832,3.530827,5.388813,5.388753,25.579795,158007,3.572474
10301:ApriltagsCameraLog(1):,7,-4.058742,-3.938000,-4.058742,-3.938000,-4.057821,3.530833,3.530830,5.388840,5.388783,25.579795,158008,3.572474
10320:ApriltagsCameraLog(1):,7,-4.057821,-3.833000,-4.057821,-3.833000,-4.056892,3.530836,3.530832,5.388897,5.388811,25.579795,158009,3.572474
10340:ApriltagsCameraLog(1):,7,-4.056892,-3.877000,-4.056892,-3.877000,-4.055155,3.530838,3.530834,5.388955,5.388854,25.579795,158010,3.572474
10361:ApriltagsCameraLog(1):,7,-4.055155,-3.910000,-4.055155,-3.910000,-4.053773,3.530843,3.530836,5.389063,5.388905,25.579795,158011,3.572474
10380:ApriltagsCameraLog(1):,7,-4.053773,-3.957000,-4.053773,-3.957000,-4.052657,3.530847,3.530840,5.389149,5.388984,25.579795,158012,3.572474
10401:ApriltagsCameraLog(1):,7,-4.052657,-3.878000,-4.052657,-3.878000,-4.051915,3.530850,3.530844,5.389219,5.389067,25.579795,158013,3.572474
10420:ApriltagsCameraLog(1):,7,-4.051915,-4.005000,-4.051915,-4.005000,-4.050566,3.530852,3.530847,5.389265,5.389143,25.579795,158014,3.572474
10440:ApriltagsCameraLog(1):,7,-4.050566,-3.977000,-4.050566,-3.977000,-4.050212,3.530856,3.530850,5.389349,5.389204,25.579795,158015,3.572474
10461:ApriltagsCameraLog(1):,7,-4.050212,-3.970000,-4.050212,-3.970000,-4.049644,3.530857,3.530853,5.389371,5.389277,25.579795,158016,3.572474
10480:ApriltagsCameraLog(1):,7,-4.049644,-3.921000,-4.049644,-3.921000,-4.049026,3.530858,3.530855,5.389407,5.389324,25.579795,158017,3.572474
10501:ApriltagsCameraLog(1):,7,-4.049026,-3.923000,-4.049026,-3.923000,-4.048033,3.530860,3.530857,5.389445,5.389365,25.579795,158018,3.572474
10521:ApriltagsCameraLog(1):,7,-4.048033,-3.924000,-4.048033,-3.924000,-4.047063,3.530863,3.530859,5.389507,5.389405,25.579795,158019,3.572474
10541:ApriltagsCameraLog(1):,7,-4.047063,-3.970000,-4.047063,-3.970000,-4.046108,3.530866,3.530861,5.389567,5.389456,25.579795,158020,3.572474
10560:ApriltagsCameraLog(1):,7,-4.046108,-3.839000,-4.046108,-3.839000,-4.045518,3.530868,3.530863,5.389627,5.389512,25.579795,158021,3.572474
10580:ApriltagsCameraLog(1):,7,-4.045518,-4.002000,-4.045518,-4.002000,-4.043916,3.530870,3.530866,5.389664,5.389569,25.579795,158022,3.572474
10601:ApriltagsCameraLog(1):,7,-4.043916,-3.844000,-4.043916,-3.844000,-4.043591,3.530874,3.530868,5.389763,5.389616,25.579795,158023,3.572474
10620:ApriltagsCameraLog(1):,7,-4.043591,-3.925000,-4.043591,-3.925000,-4.042042,3.530875,3.530871,5.389784,5.389690,25.579795,158024,3.572474
10640:ApriltagsCameraLog(1):,7,-4.042042,-3.845000,-4.042042,-3.845000,-4.041134,3.530879,3.530873,5.389880,5.389737,25.579795,158025,3.572474
10660:ApriltagsCameraLog(1):,7,-4.041134,-3.934000,-4.041134,-3.934000,-4.039613,3.530882,3.530876,5.389937,5.389809,25.579795,158026,3.572474
10680:ApriltagsCameraLog(1):,7,-4.039613,-3.757000,-4.039613,-3.757000,-4.038793,3.530886,3.530879,5.390032,5.389873,25.579795,158027,3.572474
10700:ApriltagsCameraLog(1):,7,-4.038793,-3.885000,-4.038793,-3.885000,-4.036607,3.530888,3.530883,5.390083,5.389952,25.579795,158028,3.572474
10720:ApriltagsCameraLog(1):,7,-4.036607,-3.945000,-4.036607,-3.945000,-4.035431,3.530894,3.530886,5.390219,5.390017,25.579795,158029,3.572474
10740:ApriltagsCameraLog(1):,7,-4.035431,-3.924000,-4.035431,-3.924000,-4.034729,3.530898,3.530890,5.390292,5.390118,25.579795,158030,3.572474
10760:ApriltagsCameraLog(1):,7,-4.034729,-3.935000,-4.034729,-3.935000,-4.033870,3.530900,3.530894,5.390336,5.390205,25.579795,158031,3.572474
10780:ApriltagsCameraLog(1):,7,-4.033870,-4.082000,-4.033870,-4.082000,-4.033103,3.528368,3.530897,5.390568,5.390270,25.559483,158032,3.569935
10800:ApriltagsCameraLog(1):,7,-4.033103,-4.091000,-4.033103,-4.091000,-4.033483,3.530904,3.529633,5.390437,5.390419,25.579795,158033,3.572474
10825:ApriltagsCameraLog(1):,7,-4.033483,-4.023000,-4.033483,-4.023000,-4.033929,3.530903,3.530268,5.390413,5.390428,25.579795,158034,3.572474
10840:ApriltagsCameraLog(1):,7,-4.033929,-4.092000,-4.033929,-4.092000,-4.033844,3.530902,3.530586,5.390386,5.390421,25.579795,158035,3.572474
10860:ApriltagsCameraLog(1):,7,-4.033844,-3.937000,-4.033844,-3.937000,-4.034296,3.530902,3.530744,5.390391,5.390403,25.579795,158036,3.572474
10881:ApriltagsCameraLog(1):,7,-4.034296,-3.970000,-4.034296,-3.970000,-4.033541,3.530901,3.530823,5.390363,5.390397,25.579795,158037,3.572474
10901:ApriltagsCameraLog(1):,7,-4.033541,-3.912000,-4.033541,-3.912000,-4.023048,3.530903,3.530862,5.390410,5.390380,25.579795,158038,3.572474
10920:ApriltagsCameraLog(1):,7,-4.023048,-3.954000,-4.023048,-3.954000,-4.022109,3.530932,3.530882,5.391063,5.390395,25.579795,158039,3.572474
10940:ApriltagsCameraLog(1):,7,-4.022109,-3.826000,-4.022109,-3.826000,-4.021515,3.530934,3.530907,5.391122,5.390729,25.579795,158040,3.572474
10960:ApriltagsCameraLog(1):,7,-4.021515,-3.850000,-4.021515,-3.850000,-4.019998,3.530936,3.530921,5.391159,5.390925,25.579795,158041,3.572474
10980:ApriltagsCameraLog(1):,7,-4.019998,-3.902000,-4.019998,-3.902000,-4.018679,3.530940,3.530929,5.391253,5.391042,25.579795,158042,3.572474
11000:ApriltagsCameraLog(1):,7,-4.018679,-3.782000,-4.018679,-3.782000,-4.017774,3.530944,3.530934,5.391335,5.391148,25.579795,158043,3.572474
11021:ApriltagsCameraLog(1):,7,-4.017774,-3.964000,-4.017774,-3.964000,-4.015945,3.530946,3.530939,5.391392,5.391242,25.579795,158044,3.572474
11040:ApriltagsCameraLog(1):,7,-4.015945,-4.000000,-4.015945,-4.000000,-4.015542,3.530951,3.530943,5.391506,5.391317,25.579795,158045,3.572474
11060:ApriltagsCameraLog(1):,7,-4.015542,-3.974000,-4.015542,-3.974000,-4.015421,3.530952,3.530947,5.391531,5.391411,25.579795,158046,3.572474
11080:ApriltagsCameraLog(1):,7,-4.015421,-4.003000,-4.015421,-4.003000,-4.015100,3.530952,3.530950,5.391538,5.391471,25.579795,158047,3.572474
11100:ApriltagsCameraLog(1):,7,-4.015100,-3.982000,-4.015100,-3.982000,-4.015006,3.533487,3.530951,5.391381,5.391505,25.600108,158048,3.575014
11120:ApriltagsCameraLog(1):,7,-4.015006,-4.060000,-4.015006,-4.060000,-4.014750,3.530954,3.532219,5.391564,5.391442,25.579795,158049,3.572474
11140:ApriltagsCameraLog(1):,7,-4.014750,-3.953000,-4.014750,-3.953000,-4.015101,3.530954,3.531586,5.391580,5.391503,25.579795,158050,3.572474
11160:ApriltagsCameraLog(1):,7,-4.015101,-3.897000,-4.015101,-3.897000,-4.014620,3.530953,3.531270,5.391558,5.391542,25.579795,158051,3.572474
11180:ApriltagsCameraLog(1):,7,-4.014620,-3.894000,-4.014620,-3.894000,-4.013707,3.530955,3.531112,5.391588,5.391550,25.579795,158052,3.572474
11200:ApriltagsCameraLog(1):,7,-4.013707,-3.996000,-4.013707,-3.996000,-4.012778,3.530957,3.531033,5.391645,5.391569,25.579795,158053,3.572474
11221:ApriltagsCameraLog(1):,7,-4.012778,-3.937000,-4.012778,-3.937000,-4.012648,3.530960,3.530995,5.391703,5.391607,25.579795,158054,3.572474
11240:ApriltagsCameraLog(1):,7,-4.012648,-4.040000,-4.012648,-4.040000,-4.012061,3.530960,3.530978,5.391711,5.391655,25.579795,158055,3.572474
11260:ApriltagsCameraLog(1):,7,-4.012061,-4.038000,-4.012061,-4.038000,-4.012278,3.530962,3.530969,5.391748,5.391683,25.579795,158056,3.572474
11280:ApriltagsCameraLog(1):,7,-4.012278,-3.922000,-4.012278,-3.922000,-4.012478,3.530961,3.530965,5.391734,5.391715,25.579795,158057,3.572474
11301:ApriltagsCameraLog(1):,7,-4.012478,-3.899000,-4.012478,-3.899000,-4.011776,3.530961,3.530963,5.391722,5.391725,25.579795,158058,3.572474
11320:ApriltagsCameraLog(1):,7,-4.011776,-3.872000,-4.011776,-3.872000,-4.010901,3.530962,3.530962,5.391766,5.391723,25.579795,158059,3.572474
11340:ApriltagsCameraLog(1):,7,-4.010901,-3.889000,-4.010901,-3.889000,-4.009823,3.530965,3.530962,5.391820,5.391744,25.579795,158060,3.572474
11360:ApriltagsCameraLog(1):,7,-4.009823,-3.957000,-4.009823,-3.957000,-4.008886,3.530968,3.530964,5.391887,5.391782,25.579795,158061,3.572474
11380:ApriltagsCameraLog(1):,7,-4.008886,-3.866000,-4.008886,-3.866000,-4.008483,3.530970,3.530966,5.391946,5.391835,25.579795,158062,3.572474
11400:ApriltagsCameraLog(1):,7,-4.008483,-3.909000,-4.008483,-3.909000,-4.007378,3.528438,3.530968,5.392148,5.391890,25.559483,158063,3.569935
11421:ApriltagsCameraLog(1):,7,-4.007378,-3.899000,-4.007378,-3.899000,-4.006614,3.530974,3.529703,5.392039,5.392020,25.579795,158064,3.572474
11440:ApriltagsCameraLog(1):,7,-4.006614,-3.826000,-4.006614,-3.826000,-4.005779,3.530976,3.530339,5.392087,5.392029,25.579795,158065,3.572474
11461:ApriltagsCameraLog(1):,7,-4.005779,-3.811000,-4.005779,-3.811000,-4.004385,3.530979,3.530658,5.392139,5.392058,25.579795,158066,3.572474
11480:ApriltagsCameraLog(1):,7,-4.004385,-3.847000,-4.004385,-3.847000,-4.002884,3.530983,3.530818,5.392226,5.392098,25.579795,158067,3.572474
11500:ApriltagsCameraLog(1):,7,-4.002884,-3.802000,-4.002884,-3.802000,-4.001675,3.530987,3.530900,5.392319,5.392162,25.579795,158068,3.572474
11520:ApriltagsCameraLog(1):,7,-4.001675,-3.863000,-4.001675,-3.863000,-4.000126,3.530990,3.530944,5.392395,5.392241,25.579795,158069,3.572474
11540:ApriltagsCameraLog(1):,7,-4.000126,-3.760000,-4.000126,-3.760000,-3.999062,3.530994,3.530967,5.392491,5.392318,25.579795,158070,3.572474
11560:ApriltagsCameraLog(1):,7,-3.999062,-3.729000,-3.999062,-3.729000,-3.997207,3.530997,3.530981,5.392557,5.392404,25.579795,158071,3.572474
11580:ApriltagsCameraLog(1):,7,-3.997207,-3.885000,-3.997207,-3.885000,-3.995127,3.531002,3.530989,5.392673,5.392481,25.579795,158072,3.572474
11600:ApriltagsCameraLog(1):,7,-3.995127,-3.982000,-3.995127,-3.982000,-3.994272,3.531008,3.530996,5.392803,5.392577,25.579795,158073,3.572474
11621:ApriltagsCameraLog(1):,7,-3.994272,-3.882000,-3.994272,-3.882000,-3.994177,3.531010,3.531002,5.392856,5.392690,25.579795,158074,3.572474
11640:ApriltagsCameraLog(1):,7,-3.994177,-3.914000,-3.994177,-3.914000,-3.993307,3.531010,3.531006,5.392862,5.392773,25.579795,158075,3.572474
11661:ApriltagsCameraLog(1):,7,-3.993307,-3.906000,-3.993307,-3.906000,-3.992691,3.531013,3.531008,5.392916,5.392817,25.579795,158076,3.572474
11680:ApriltagsCameraLog(1):,7,-3.992691,-4.014000,-3.992691,-4.014000,-3.992019,3.531014,3.531010,5.392954,5.392867,25.579795,158077,3.572474
11700:ApriltagsCameraLog(1):,7,-3.992019,-3.995000,-3.992019,-3.995000,-3.992189,3.531016,3.531012,5.392996,5.392910,25.579795,158078,3.572474
11720:ApriltagsCameraLog(1):,7,-3.992189,-4.062000,-3.992189,-4.062000,-3.992211,3.531016,3.531014,5.392986,5.392953,25.579795,158079,3.572474
11740:ApriltagsCameraLog(1):,7,-3.992211,-4.027000,-3.992211,-4.027000,-3.992753,3.531016,3.531015,5.392984,5.392969,25.579795,158080,3.572474
