518:ApriltagsCameraLog(1):,tag,last yaw,cam yaw,calc yaw,update yaw, est yaw,x,est x,y,est y,adjust,frame,dist
850:ApriltagsCameraLog(1):,7,-45.000000,-3.881000,-3.881000,-3.881000,-45.000000,3.531309,0.000000,5.399912,0.000000,25.579795,138864,3.572474
887:ApriltagsCameraLog(1):,7,-45.000000,-3.991000,-3.991000,-3.991000,-44.680998,3.531019,2.652602,5.393060,1.956885,25.579795,138865,3.572474
918:ApriltagsCameraLog(1):,7,-44.680998,-3.847000,-3.847000,-3.847000,-44.365325,3.531397,3.679157,5.402030,3.449023,25.579795,138866,3.572474
955:ApriltagsCameraLog(1):,7,-44.365325,-4.022000,-4.022000,-4.022000,-44.050983,3.530935,3.951023,5.391129,4.411359,25.579795,138867,3.572474
979:ApriltagsCameraLog(1):,7,-44.050983,-3.961000,-3.961000,-3.961000,-43.740438,3.531099,3.919247,5.394928,4.954442,25.579795,138868,3.572474
1021:ApriltagsCameraLog(1):,7,-43.740438,-3.834000,-3.834000,-3.834000,-43.431828,3.531430,3.808738,5.402840,5.232840,25.579795,138869,3.572474
1063:ApriltagsCameraLog(1):,7,-43.431828,-4.017000,-4.017000,-4.017000,-43.124628,3.530948,3.704673,5.391440,5.362064,25.579795,138871,3.572474
1106:ApriltagsCameraLog(1):,7,-43.124628,-4.061000,-4.061000,-4.061000,-42.821230,3.530827,3.626106,5.388699,5.405614,25.579795,138873,3.572474
1131:ApriltagsCameraLog(1):,7,-42.821230,-3.996000,-3.996000,-3.996000,-42.520528,3.531005,3.577416,5.392748,5.413468,25.579795,138874,3.572474
1186:ApriltagsCameraLog(1):,7,-42.520528,-4.108000,-4.108000,-4.108000,-42.221654,3.530695,3.551615,5.385772,5.411235,25.579795,138879,3.572474
1226:ApriltagsCameraLog(1):,7,-42.221654,-3.672000,-3.672000,-3.672000,-41.925968,3.529291,3.537332,5.413096,5.402419,25.559483,138886,3.569935
1260:ApriltagsCameraLog(1):,7,-41.925968,-4.065000,-4.065000,-4.065000,-41.628959,3.530816,3.535227,5.388450,5.408894,25.579795,138893,3.572474
1278:ApriltagsCameraLog(1):,7,-41.628959,-3.804000,-3.804000,-3.804000,-41.337537,3.531505,3.529773,5.404709,5.399750,25.579795,138894,3.572474
1295:ApriltagsCameraLog(1):,7,-41.337537,-3.920000,-3.920000,-3.920000,-41.046352,3.533742,3.531415,5.397309,5.401861,25.600108,138895,3.575014
1313:ApriltagsCameraLog(1):,7,-41.046352,-4.001000,-4.001000,-4.001000,-40.758552,3.530992,3.531806,5.392437,5.399289,25.579795,138896,3.572474
1343:ApriltagsCameraLog(1):,7,-40.758552,-3.890000,-3.890000,-3.890000,-40.473386,3.531286,3.530322,5.399351,5.396108,25.579795,138897,3.572474
1364:ApriltagsCameraLog(1):,7,-40.473386,-3.876000,-3.876000,-3.876000,-40.189572,3.531322,3.531302,5.400224,5.397523,25.579795,138898,3.572474
1382:ApriltagsCameraLog(1):,7,-40.189572,-4.100000,-4.100000,-4.100000,-39.907850,3.530718,3.531736,5.386270,5.398826,25.579795,138899,3.572474
1400:ApriltagsCameraLog(1):,7,-39.907850,-4.017000,-4.017000,-4.017000,-39.630053,3.530948,3.529296,5.391440,5.392907,25.579795,138900,3.572474
1423:ApriltagsCameraLog(1):,7,-39.630053,-3.992000,-3.992000,-3.992000,-39.353766,3.531016,3.529870,5.392997,5.391942,25.579795,138901,3.572474
1446:ApriltagsCameraLog(1):,7,-39.353766,-4.079000,-4.079000,-4.079000,-39.079429,3.530777,3.530587,5.387578,5.392278,25.579795,138902,3.572474
1460:ApriltagsCameraLog(1):,7,-39.079429,-3.900000,-3.900000,-3.900000,-38.807895,3.531260,3.529967,5.398729,5.389971,25.579795,138903,3.572474
1475:ApriltagsCameraLog(1):,7,-38.807895,-3.918000,-3.918000,-3.918000,-38.537079,3.531213,3.531918,5.397607,5.394021,25.579795,138904,3.572474
1493:ApriltagsCameraLog(1):,7,-38.537079,-3.913000,-3.913000,-3.913000,-38.268504,3.531226,3.532114,5.397919,5.395866,25.579795,138905,3.572474
1506:ApriltagsCameraLog(1):,7,-38.268504,-3.825000,-3.825000,-3.825000,-38.001974,3.531452,3.531988,5.403401,5.396994,25.579795,138906,3.572474
1533:ApriltagsCameraLog(1):,7,-38.001974,-4.079000,-4.079000,-4.079000,-37.736828,3.530777,3.532676,5.387578,5.400184,25.579795,138907,3.572474
1555:ApriltagsCameraLog(1):,7,-37.736828,-4.007000,-4.007000,-4.007000,-37.475710,3.530975,3.529916,5.392063,5.394336,25.579795,138908,3.572474
1585:ApriltagsCameraLog(1):,7,-37.475710,-3.846000,-3.846000,-3.846000,-37.216060,3.531399,3.530102,5.402093,5.393078,25.579795,138909,3.572474
1597:ApriltagsCameraLog(1):,7,-37.216060,-3.877000,-3.877000,-3.877000,-36.957174,3.531320,3.532035,5.400161,5.397272,25.579795,138910,3.572474
1615:ApriltagsCameraLog(1):,7,-36.957174,-3.807000,-3.807000,-3.807000,-36.700538,3.534032,3.532101,5.404354,5.398780,25.600108,138911,3.575014
1631:ApriltagsCameraLog(1):,7,-36.700538,-3.810000,-3.810000,-3.810000,-36.445550,3.534024,3.533834,5.404167,5.401217,25.600108,138912,3.575014
1649:ApriltagsCameraLog(1):,7,-36.445550,-4.036000,-4.036000,-4.036000,-36.192562,3.533430,3.534344,5.390078,5.402626,25.600108,138913,3.575014
1673:ApriltagsCameraLog(1):,7,-36.192562,-4.104000,-4.104000,-4.104000,-35.943288,3.530707,3.532151,5.386021,5.396641,25.579795,138914,3.572474
1698:ApriltagsCameraLog(1):,7,-35.943288,-4.111000,-4.111000,-4.111000,-35.696278,3.530687,3.529983,5.385585,5.391664,25.579795,138915,3.572474
1712:ApriltagsCameraLog(1):,7,-35.696278,-4.087000,-4.087000,-4.087000,-35.451239,3.530754,3.529495,5.387080,5.388604,25.579795,138916,3.572474
1731:ApriltagsCameraLog(1):,7,-35.451239,-3.939000,-3.939000,-3.939000,-35.207915,3.531158,3.529902,5.396299,5.387689,25.579795,138917,3.572474
1757:ApriltagsCameraLog(1):,7,-35.207915,-3.988000,-3.988000,-3.988000,-34.955330,3.531027,3.531680,5.393247,5.391719,25.579795,138918,3.572474
1775:ApriltagsCameraLog(1):,7,-34.955330,-3.996000,-3.996000,-3.996000,-34.715008,3.531005,3.531566,5.392748,5.392552,25.579795,138919,3.572474
1791:ApriltagsCameraLog(1):,7,-34.715008,-4.056000,-4.056000,-4.056000,-34.486612,3.530841,3.531318,5.389011,5.392723,25.579795,138920,3.572474
1806:ApriltagsCameraLog(1):,7,-34.486612,-4.135000,-4.135000,-4.135000,-34.240608,3.530618,3.530596,5.384090,5.390972,25.579795,138921,3.572474
1831:ApriltagsCameraLog(1):,7,-34.240608,-4.019000,-4.019000,-4.019000,-34.007027,3.530943,3.529710,5.391316,5.387606,25.579795,138922,3.572474
1851:ApriltagsCameraLog(1):,7,-34.007027,-3.872000,-3.872000,-3.872000,-33.774302,3.531333,3.530794,5.400473,5.389259,25.579795,138923,3.572474
1870:ApriltagsCameraLog(1):,7,-33.774302,-3.974000,-3.974000,-3.974000,-33.542320,3.531065,3.532509,5.394119,5.394671,25.579795,138924,3.572474
1890:ApriltagsCameraLog(1):,7,-33.542320,-3.888000,-3.888000,-3.888000,-33.312928,3.531291,3.531732,5.399476,5.394586,25.579795,138925,3.572474
1909:ApriltagsCameraLog(1):,7,-33.312928,-4.133000,-4.133000,-4.133000,-33.084649,3.530624,3.532139,5.384215,5.397034,25.579795,138926,3.572474
1929:ApriltagsCameraLog(1):,7,-33.084649,-4.052000,-4.052000,-4.052000,-32.860042,3.530852,3.529790,5.389260,5.390948,25.579795,138927,3.572474
1948:ApriltagsCameraLog(1):,7,-32.860042,-4.039000,-4.039000,-4.039000,-32.636549,3.530888,3.530100,5.390070,5.389989,25.579795,138928,3.572474
1971:ApriltagsCameraLog(1):,7,-32.636549,-3.887000,-3.887000,-3.887000,-32.414689,3.533828,3.530496,5.399366,5.389931,25.600108,138929,3.575014
1989:ApriltagsCameraLog(1):,7,-32.414689,-3.587000,-3.587000,-3.587000,-32.193545,3.532022,3.533294,5.418230,5.394141,25.579795,138930,3.572474
2007:ApriltagsCameraLog(1):,7,-32.193545,-3.930000,-3.930000,-3.930000,-31.971615,3.533716,3.535654,5.396686,5.406098,25.600108,138931,3.575014
2041:ApriltagsCameraLog(1):,7,-31.971615,-4.030000,-4.030000,-4.030000,-31.754239,3.530913,3.533561,5.390630,5.401719,25.579795,138932,3.572474
2059:ApriltagsCameraLog(1):,7,-31.754239,-4.070000,-4.070000,-4.070000,-31.539154,3.530802,3.530931,5.388139,5.396599,25.579795,138933,3.572474
2080:ApriltagsCameraLog(1):,7,-31.539154,-4.058000,-4.058000,-4.058000,-31.326048,3.530835,3.529861,5.388886,5.392464,25.579795,138934,3.572474
2099:ApriltagsCameraLog(1):,7,-31.326048,-4.003000,-4.003000,-4.003000,-31.124502,3.530986,3.529917,5.392312,5.390593,25.579795,138935,3.572474
2119:ApriltagsCameraLog(1):,7,-31.124502,-3.881000,-3.881000,-3.881000,-30.914171,3.531309,3.530644,5.399912,5.391311,25.579795,138936,3.572474
2140:ApriltagsCameraLog(1):,7,-30.914171,-4.057000,-4.057000,-4.057000,-30.704524,3.530838,3.531977,5.388948,5.395456,25.579795,138938,3.572474
2181:ApriltagsCameraLog(1):,7,-30.704524,-3.902000,-3.902000,-3.902000,-30.497793,3.533789,3.530667,5.398431,5.392391,25.600108,138939,3.575014
2199:ApriltagsCameraLog(1):,7,-30.497793,-4.016000,-4.016000,-4.016000,-30.291625,3.530951,3.532896,5.391502,5.394998,25.579795,138940,3.572474
2220:ApriltagsCameraLog(1):,7,-30.291625,-3.880000,-3.880000,-3.880000,-30.087778,3.533846,3.531542,5.399803,5.393502,25.600108,138941,3.575014
2240:ApriltagsCameraLog(1):,7,-30.087778,-3.915000,-3.915000,-3.915000,-29.874618,3.531221,3.533390,5.397794,5.396337,25.579795,138942,3.572474
2259:ApriltagsCameraLog(1):,7,-29.874618,-4.090000,-4.090000,-4.090000,-29.673145,3.530746,3.532487,5.386893,5.397297,25.579795,138943,3.572474
2279:ApriltagsCameraLog(1):,7,-29.673145,-4.030000,-4.030000,-4.030000,-29.484593,3.530913,3.530478,5.390630,5.392373,25.579795,138944,3.572474
2299:ApriltagsCameraLog(1):,7,-29.484593,-4.007000,-4.007000,-4.007000,-29.277190,3.530975,3.530500,5.392063,5.391468,25.579795,138945,3.572474
2320:ApriltagsCameraLog(1):,7,-29.277190,-4.013000,-4.013000,-4.013000,-29.081143,3.530959,3.530799,5.391689,5.391709,25.579795,138946,3.572474
2339:ApriltagsCameraLog(1):,7,-29.081143,-4.422000,-4.422000,-4.422000,-28.886595,3.527221,3.530876,5.366412,5.391682,25.559483,138947,3.569935
2359:ApriltagsCameraLog(1):,7,-28.886595,-4.021000,-4.021000,-4.021000,-28.696645,3.530937,3.526399,5.391191,5.379622,25.579795,138948,3.572474
2378:ApriltagsCameraLog(1):,7,-28.696645,-3.999000,-3.999000,-3.999000,-28.505211,3.530997,3.529870,5.392561,5.384834,25.579795,138949,3.572474
2398:ApriltagsCameraLog(1):,7,-28.505211,-4.064000,-4.064000,-4.064000,-28.315091,3.530819,3.531245,5.388512,5.388520,25.579795,138950,3.572474
2419:ApriltagsCameraLog(1):,7,-28.315091,-3.924000,-3.924000,-3.924000,-28.126951,3.533731,3.531034,5.397060,5.388561,25.600108,138951,3.575014
2445:ApriltagsCameraLog(1):,7,-28.126951,-3.961000,-3.961000,-3.961000,-27.939332,3.531099,3.533254,5.394928,5.392466,25.579795,138952,3.572474
2459:ApriltagsCameraLog(1):,7,-27.939332,-3.987000,-3.987000,-3.987000,-27.743308,3.531030,3.532448,5.393309,5.393903,25.579795,138953,3.572474
2478:ApriltagsCameraLog(1):,7,-27.743308,-3.909000,-3.909000,-3.909000,-27.568928,3.531237,3.531687,5.398168,5.393756,25.579795,138954,3.572474
2498:ApriltagsCameraLog(1):,7,-27.568928,-4.023000,-4.023000,-4.023000,-27.375374,3.530932,3.531917,5.391066,5.395977,25.579795,138955,3.572474
2518:ApriltagsCameraLog(1):,7,-27.375374,-4.043000,-4.043000,-4.043000,-27.194206,3.530877,3.530935,5.389821,5.393655,25.579795,138956,3.572474
2538:ApriltagsCameraLog(1):,7,-27.194206,-3.956000,-3.956000,-3.956000,-27.014525,3.531113,3.530522,5.395240,5.391769,25.579795,138957,3.572474
2558:ApriltagsCameraLog(1):,7,-27.014525,-3.908000,-3.908000,-3.908000,-26.835633,3.533773,3.531160,5.398057,5.393423,25.600108,138958,3.575014
2578:ApriltagsCameraLog(1):,7,-26.835633,-4.028000,-4.028000,-4.028000,-26.657900,3.530918,3.532910,5.390755,5.395450,25.579795,138959,3.572474
2598:ApriltagsCameraLog(1):,7,-26.657900,-4.069000,-4.069000,-4.069000,-26.482337,3.530805,3.531466,5.388201,5.393327,25.579795,138960,3.572474
2618:ApriltagsCameraLog(1):,7,-26.482337,-4.065000,-4.065000,-4.065000,-26.308454,3.530816,3.530642,5.388450,5.390860,25.579795,138961,3.572474
2638:ApriltagsCameraLog(1):,7,-26.308454,-4.003000,-4.003000,-4.003000,-26.135889,3.530986,3.530496,5.392312,5.389653,25.579795,138962,3.572474
2658:ApriltagsCameraLog(1):,7,-26.135889,-4.105000,-4.105000,-4.105000,-25.964182,3.530704,3.530993,5.385959,5.390920,25.579795,138963,3.572474
2680:ApriltagsCameraLog(1):,7,-25.964182,-4.060000,-4.060000,-4.060000,-25.794598,3.530830,3.530380,5.388762,5.388496,25.579795,138964,3.572474
2700:ApriltagsCameraLog(1):,7,-25.794598,-4.084000,-4.084000,-4.084000,-25.625981,3.530763,3.530627,5.387267,5.388585,25.579795,138965,3.572474
2718:ApriltagsCameraLog(1):,7,-25.625981,-4.011000,-4.011000,-4.011000,-25.458858,3.530965,3.530571,5.391814,5.387921,25.579795,138966,3.572474
2739:ApriltagsCameraLog(1):,7,-25.458858,-4.099000,-4.099000,-4.099000,-25.292465,3.530721,3.531127,5.386332,5.389809,25.579795,138967,3.572474
2758:ApriltagsCameraLog(1):,7,-25.292465,-4.015000,-4.015000,-4.015000,-25.128046,3.530954,3.530607,5.391565,5.388127,25.579795,138968,3.572474
2778:ApriltagsCameraLog(1):,7,-25.128046,-3.969000,-3.969000,-3.969000,-24.964250,3.531078,3.531093,5.394430,5.389795,25.579795,138969,3.572474
2798:ApriltagsCameraLog(1):,7,-24.964250,-3.969000,-3.969000,-3.969000,-24.801369,3.531078,3.531507,5.394430,5.392089,25.579795,138970,3.572474
2819:ApriltagsCameraLog(1):,7,-24.801369,-3.980000,-3.980000,-3.980000,-24.639751,3.531048,3.531506,5.393745,5.393285,25.579795,138971,3.572474
2840:ApriltagsCameraLog(1):,7,-24.639751,-3.915000,-3.915000,-3.915000,-24.479473,3.531221,3.531321,5.397794,5.393554,25.579795,138972,3.572474
2858:ApriltagsCameraLog(1):,7,-24.479473,-4.011000,-4.011000,-4.011000,-24.319933,3.530965,3.531649,5.391814,5.395660,25.579795,138973,3.572474
2878:ApriltagsCameraLog(1):,7,-24.319933,-3.960000,-3.960000,-3.960000,-24.162376,3.531102,3.530972,5.394991,5.393817,25.579795,138974,3.572474
2898:ApriltagsCameraLog(1):,7,-24.162376,-3.892000,-3.892000,-3.892000,-24.005646,3.531281,3.531139,5.399227,5.394387,25.579795,138975,3.572474
2918:ApriltagsCameraLog(1):,7,-24.005646,-4.112000,-4.112000,-4.112000,-23.849604,3.530684,3.531631,5.385523,5.396770,25.579795,138976,3.572474
2938:ApriltagsCameraLog(1):,7,-23.849604,-4.085000,-4.085000,-4.085000,-23.696479,3.530760,3.530201,5.387204,5.391282,25.579795,138977,3.572474
2958:ApriltagsCameraLog(1):,7,-23.696479,-3.917000,-3.917000,-3.917000,-23.544333,3.531216,3.530131,5.397669,5.389215,25.579795,138978,3.572474
2978:ApriltagsCameraLog(1):,7,-23.544333,-3.593000,-3.593000,-3.593000,-23.392064,3.529473,3.531387,5.418015,5.393310,25.559483,138979,3.569935
2998:ApriltagsCameraLog(1):,7,-23.392064,-3.750000,-3.750000,-3.750000,-23.238342,3.529104,3.532557,5.408240,5.405706,25.559483,138980,3.569935
3018:ApriltagsCameraLog(1):,7,-23.238342,-3.908000,-3.908000,-3.908000,-23.087031,3.531239,3.531061,5.398230,5.407252,25.579795,138981,3.572474
3038:ApriltagsCameraLog(1):,7,-23.087031,-3.865000,-3.865000,-3.865000,-22.938240,3.531351,3.530400,5.400909,5.402768,25.579795,138982,3.572474
3058:ApriltagsCameraLog(1):,7,-22.938240,-4.022000,-4.022000,-4.022000,-22.790270,3.530935,3.530717,5.391129,5.401768,25.579795,138983,3.572474
3079:ApriltagsCameraLog(1):,7,-22.790270,-3.869000,-3.869000,-3.869000,-22.644665,3.533875,3.529960,5.400488,5.396477,25.600108,138984,3.575014
3098:ApriltagsCameraLog(1):,7,-22.644665,-4.096000,-4.096000,-4.096000,-22.489118,3.530729,3.532226,5.386519,5.398147,25.579795,138985,3.572474
3118:ApriltagsCameraLog(1):,7,-22.489118,-4.018000,-4.018000,-4.018000,-22.346347,3.530945,3.530558,5.391378,5.392501,25.579795,138986,3.572474
3138:ApriltagsCameraLog(1):,7,-22.346347,-4.039000,-4.039000,-4.039000,-22.204077,3.530888,3.530661,5.390070,5.391913,25.579795,138987,3.572474
3158:ApriltagsCameraLog(1):,7,-22.204077,-4.097000,-4.097000,-4.097000,-22.063149,3.530726,3.530628,5.386457,5.390981,25.579795,138988,3.572474
3178:ApriltagsCameraLog(1):,7,-22.063149,-4.087000,-4.087000,-4.087000,-21.923767,3.530754,3.530325,5.387080,5.388730,25.579795,138989,3.572474
3200:ApriltagsCameraLog(1):,7,-21.923767,-4.221000,-4.221000,-4.221000,-21.785389,3.530369,3.530411,5.378734,5.387878,25.579795,138990,3.572474
3217:ApriltagsCameraLog(1):,7,-21.785389,-4.163000,-4.163000,-4.163000,-21.649124,3.530538,3.529694,5.382346,5.383344,25.579795,138991,3.572474
3238:ApriltagsCameraLog(1):,7,-21.649124,-4.087000,-4.087000,-4.087000,-21.513467,3.530754,3.530037,5.387080,5.382785,25.579795,138992,3.572474
3258:ApriltagsCameraLog(1):,7,-21.513467,-4.061000,-4.061000,-4.061000,-21.378272,3.530827,3.530717,5.388699,5.384862,25.579795,138993,3.572474
3278:ApriltagsCameraLog(1):,7,-21.378272,-3.984000,-3.984000,-3.984000,-21.243924,3.533572,3.531059,5.393319,5.386758,25.600108,138994,3.575014
3298:ApriltagsCameraLog(1):,7,-21.243924,-4.082000,-4.082000,-4.082000,-21.110127,3.530768,3.532797,5.387391,5.389827,25.579795,138995,3.572474
3318:ApriltagsCameraLog(1):,7,-21.110127,-4.112000,-4.112000,-4.112000,-20.978023,3.530684,3.531610,5.385523,5.388767,25.579795,138996,3.572474
3338:ApriltagsCameraLog(1):,7,-20.978023,-4.155000,-4.155000,-4.155000,-20.847176,3.530561,3.530913,5.382844,5.387224,25.579795,138997,3.572474
3357:ApriltagsCameraLog(1):,7,-20.847176,-4.196000,-4.196000,-4.196000,-20.717678,3.530442,3.530422,5.380291,5.385075,25.579795,138998,3.572474
3377:ApriltagsCameraLog(1):,7,-20.717678,-4.087000,-4.087000,-4.087000,-20.589502,3.530754,3.530090,5.387080,5.382697,25.579795,138999,3.572474
3398:ApriltagsCameraLog(1):,7,-20.589502,-4.005000,-4.005000,-4.005000,-20.471476,3.530981,3.530733,5.392188,5.384826,25.579795,139000,3.572474
3418:ApriltagsCameraLog(1):,7,-20.471476,-4.108000,-4.108000,-4.108000,-20.333806,3.530695,3.531381,5.385772,5.388465,25.579795,139001,3.572474
3439:ApriltagsCameraLog(1):,7,-20.333806,-3.669000,-3.669000,-3.669000,-20.217926,3.531832,3.530851,5.413120,5.387175,25.579795,139002,3.572474
3457:ApriltagsCameraLog(1):,7,-20.217926,-3.714000,-3.714000,-3.714000,-20.079550,3.534260,3.533197,5.410152,5.399989,25.600108,139003,3.575014
3478:ApriltagsCameraLog(1):,7,-20.079550,-4.246000,-4.246000,-4.246000,-19.952678,3.527761,3.534445,5.377365,5.404961,25.559483,139004,3.569935
3498:ApriltagsCameraLog(1):,7,-19.952678,-3.882000,-3.882000,-3.882000,-19.830663,3.531307,3.529246,5.399850,5.391702,25.579795,139005,3.572474
3518:ApriltagsCameraLog(1):,7,-19.830663,-4.149000,-4.149000,-4.149000,-19.706929,3.530578,3.530833,5.383218,5.395608,25.579795,139006,3.572474
3544:ApriltagsCameraLog(1):,7,-19.706929,-4.112000,-4.112000,-4.112000,-19.586230,3.530684,3.529872,5.385523,5.389467,25.579795,139007,3.572474
3559:ApriltagsCameraLog(1):,7,-19.586230,-4.172000,-4.172000,-4.172000,-19.466181,3.530512,3.530011,5.381785,5.387452,25.579795,139008,3.572474
3579:ApriltagsCameraLog(1):,7,-19.466181,-4.195000,-4.195000,-4.195000,-19.347528,3.530445,3.529885,5.380353,5.384602,25.579795,139009,3.572474
3598:ApriltagsCameraLog(1):,7,-19.347528,-4.210000,-4.210000,-4.210000,-19.229975,3.530401,3.529885,5.379419,5.382453,25.579795,139010,3.572474
3617:ApriltagsCameraLog(1):,7,-19.229975,-3.967000,-3.967000,-3.967000,-19.113450,3.531083,3.529944,5.394555,5.380911,25.579795,139011,3.572474
3638:ApriltagsCameraLog(1):,7,-19.113450,-3.967000,-3.967000,-3.967000,-18.995943,3.531083,3.531405,5.394555,5.387619,25.579795,139012,3.572474
3657:ApriltagsCameraLog(1):,7,-18.995943,-4.039000,-4.039000,-4.039000,-18.879349,3.530888,3.531696,5.390070,5.391088,25.579795,139013,3.572474
3677:ApriltagsCameraLog(1):,7,-18.879349,-3.997000,-3.997000,-3.997000,-18.764217,3.531003,3.531229,5.392686,5.390634,25.579795,139014,3.572474
3698:ApriltagsCameraLog(1):,7,-18.764217,-4.041000,-4.041000,-4.041000,-18.649653,3.530882,3.531248,5.389945,5.391669,25.579795,139015,3.572474
3717:ApriltagsCameraLog(1):,7,-18.649653,-3.935000,-3.935000,-3.935000,-18.536319,3.531168,3.530957,5.396548,5.390835,25.579795,139016,3.572474
3738:ApriltagsCameraLog(1):,7,-18.536319,-3.863000,-3.863000,-3.863000,-18.423041,3.531356,3.531423,5.401034,5.393663,25.579795,139017,3.572474
3758:ApriltagsCameraLog(1):,7,-18.423041,-3.923000,-3.923000,-3.923000,-18.310084,3.531200,3.531854,5.397296,5.397333,25.579795,139018,3.572474
3777:ApriltagsCameraLog(1):,7,-18.310084,-3.979000,-3.979000,-3.979000,-18.198469,3.533585,3.531527,5.393631,5.397355,25.600108,139019,3.575014
3797:ApriltagsCameraLog(1):,7,-18.198469,-4.011000,-4.011000,-4.011000,-18.088241,3.530965,3.532321,5.391814,5.395376,25.579795,139020,3.572474
3818:ApriltagsCameraLog(1):,7,-18.088241,-3.994000,-3.994000,-3.994000,-17.979030,3.531011,3.531429,5.392873,5.393686,25.579795,139021,3.572474
3837:ApriltagsCameraLog(1):,7,-17.979030,-4.065000,-4.065000,-4.065000,-17.870534,3.530816,3.531172,5.388450,5.393307,25.579795,139022,3.572474
3857:ApriltagsCameraLog(1):,7,-17.870534,-3.869000,-3.869000,-3.869000,-17.763430,3.531340,3.530704,5.400660,5.390911,25.579795,139023,3.572474
3877:ApriltagsCameraLog(1):,7,-17.763430,-4.046000,-4.046000,-4.046000,-17.655637,3.530869,3.531607,5.389634,5.395724,25.579795,139024,3.572474
3897:ApriltagsCameraLog(1):,7,-17.655637,-3.926000,-3.926000,-3.926000,-17.550053,3.531192,3.530881,5.397109,5.392736,25.579795,139025,3.572474
3917:ApriltagsCameraLog(1):,7,-17.550053,-3.927000,-3.927000,-3.927000,-17.444358,3.531189,3.531294,5.397047,5.394894,25.579795,139026,3.572474
3937:ApriltagsCameraLog(1):,7,-17.444358,-3.959000,-3.959000,-3.959000,-17.339490,3.531105,3.531368,5.395053,5.395972,25.579795,139027,3.572474
3957:ApriltagsCameraLog(1):,7,-17.339490,-3.967000,-3.967000,-3.967000,-17.235684,3.531083,3.531184,5.394555,5.395530,25.579795,139028,3.572474
3978:ApriltagsCameraLog(1):,7,-17.235684,-3.997000,-3.997000,-3.997000,-17.132745,3.531003,3.531078,5.392686,5.395050,25.579795,139029,3.572474
3997:ApriltagsCameraLog(1):,7,-17.132745,-3.917000,-3.917000,-3.917000,-17.030838,3.531216,3.530906,5.397669,5.393877,25.579795,139030,3.572474
4017:ApriltagsCameraLog(1):,7,-17.030838,-3.924000,-3.924000,-3.924000,-16.929101,3.531197,3.531275,5.397233,5.395748,25.579795,139031,3.572474
4037:ApriltagsCameraLog(1):,7,-16.929101,-4.101000,-4.101000,-4.101000,-16.828207,3.530715,3.531320,5.386208,5.396492,25.579795,139032,3.572474
4057:ApriltagsCameraLog(1):,7,-16.828207,-4.075000,-4.075000,-4.075000,-16.729469,3.530788,3.530452,5.387827,5.391404,25.579795,139033,3.572474
4077:ApriltagsCameraLog(1):,7,-16.729469,-3.939000,-3.939000,-3.939000,-16.631295,3.531158,3.530423,5.396299,5.389604,25.579795,139034,3.572474
4097:ApriltagsCameraLog(1):,7,-16.631295,-3.972000,-3.972000,-3.972000,-16.532828,3.531070,3.531157,5.394243,5.392898,25.579795,139035,3.572474
4117:ApriltagsCameraLog(1):,7,-16.532828,-3.851000,-3.851000,-3.851000,-16.435381,3.531386,3.531187,5.401781,5.393573,25.579795,139036,3.572474
4138:ApriltagsCameraLog(1):,7,-16.435381,-3.815000,-3.815000,-3.815000,-16.337752,3.531477,3.531733,5.404024,5.397650,25.579795,139037,3.572474
4157:ApriltagsCameraLog(1):,7,-16.337752,-3.936000,-3.936000,-3.936000,-16.240600,3.531166,3.531952,5.396486,5.400838,25.579795,139038,3.572474
4178:ApriltagsCameraLog(1):,7,-16.240600,-3.882000,-3.882000,-3.882000,-16.145141,3.531307,3.531328,5.399850,5.398712,25.579795,139039,3.572474
4197:ApriltagsCameraLog(1):,7,-16.145141,-3.647000,-3.647000,-3.647000,-16.050003,3.531884,3.531378,5.414491,5.399280,25.579795,139040,3.572474
4218:ApriltagsCameraLog(1):,7,-16.050003,-3.853000,-3.853000,-3.853000,-15.953780,3.531381,3.532447,5.401657,5.406829,25.579795,139041,3.572474
4237:ApriltagsCameraLog(1):,7,-15.953780,-3.453000,-3.453000,-3.453000,-15.859902,3.532315,3.531645,5.426580,5.404308,25.579795,139042,3.572474
4262:ApriltagsCameraLog(1):,7,-15.859902,-3.739000,-3.739000,-3.739000,-15.763649,3.531665,3.533175,5.408759,5.415365,25.579795,139043,3.572474
4277:ApriltagsCameraLog(1):,7,-15.763649,-4.073000,-4.073000,-4.073000,-15.670362,3.530794,3.532079,5.387952,5.412153,25.579795,139044,3.572474
4297:ApriltagsCameraLog(1):,7,-15.670362,-3.971000,-3.971000,-3.971000,-15.580390,3.531073,3.530223,5.394306,5.400157,25.579795,139045,3.572474
4317:ApriltagsCameraLog(1):,7,-15.580390,-3.969000,-3.969000,-3.969000,-15.490324,3.531078,3.530352,5.394430,5.397198,25.579795,139046,3.572474
4337:ApriltagsCameraLog(1):,7,-15.490324,-3.930000,-3.930000,-3.930000,-15.400941,3.531182,3.530576,5.396860,5.395783,25.579795,139047,3.572474
4357:ApriltagsCameraLog(1):,7,-15.400941,-3.958000,-3.958000,-3.958000,-15.311949,3.531107,3.530931,5.395115,5.396289,25.579795,139048,3.572474
4378:ApriltagsCameraLog(1):,7,-15.311949,-3.838000,-3.838000,-3.838000,-15.223865,3.531419,3.530961,5.402591,5.395696,25.579795,139049,3.572474
4397:ApriltagsCameraLog(1):,7,-15.223865,-3.934000,-3.934000,-3.934000,-15.135534,3.531171,3.531530,5.396610,5.399110,25.579795,139050,3.572474
4417:ApriltagsCameraLog(1):,7,-15.135534,-3.875000,-3.875000,-3.875000,-15.048632,3.533859,3.531230,5.400114,5.397881,25.600108,139051,3.575014
4438:ApriltagsCameraLog(1):,7,-15.048632,-3.983000,-3.983000,-3.983000,-14.962015,3.531040,3.532648,5.393558,5.398867,25.579795,139052,3.572474
4457:ApriltagsCameraLog(1):,7,-14.962015,-3.906000,-3.906000,-3.906000,-14.876840,3.531245,3.531594,5.398355,5.396297,25.579795,139053,3.572474
4477:ApriltagsCameraLog(1):,7,-14.876840,-3.924000,-3.924000,-3.924000,-14.791728,3.533731,3.531518,5.397060,5.397339,25.600108,139054,3.575014
4497:ApriltagsCameraLog(1):,7,-14.791728,-4.101000,-4.101000,-4.101000,-14.707482,3.530715,3.532608,5.386208,5.397096,25.579795,139055,3.572474
4518:ApriltagsCameraLog(1):,7,-14.707482,-4.131000,-4.131000,-4.131000,-14.625197,3.530630,3.531164,5.384339,5.391754,25.579795,139056,3.572474
4537:ApriltagsCameraLog(1):,7,-14.625197,-4.215000,-4.215000,-4.215000,-14.543783,3.530386,3.530561,5.379107,5.388081,25.579795,139057,3.572474
4557:ApriltagsCameraLog(1):,7,-14.543783,-4.078000,-4.078000,-4.078000,-14.463652,3.530780,3.530073,5.387640,5.383614,25.579795,139058,3.572474
4577:ApriltagsCameraLog(1):,7,-14.463652,-4.175000,-4.175000,-4.175000,-14.383080,3.530503,3.530606,5.381599,5.385590,25.579795,139059,3.572474
4597:ApriltagsCameraLog(1):,7,-14.383080,-4.150000,-4.150000,-4.150000,-14.303886,3.530575,3.530378,5.383156,5.383604,25.579795,139060,3.572474
4617:ApriltagsCameraLog(1):,7,-14.303886,-4.094000,-4.094000,-4.094000,-14.225112,3.530735,3.530457,5.386644,5.383372,25.579795,139061,3.572474
4637:ApriltagsCameraLog(1):,7,-14.225112,-4.065000,-4.065000,-4.065000,-14.146514,3.530816,3.530739,5.388450,5.384991,25.579795,139062,3.572474
4657:ApriltagsCameraLog(1):,7,-14.146514,-4.081000,-4.081000,-4.081000,-14.068302,3.530771,3.530928,5.387454,5.386713,25.579795,139063,3.572474
4677:ApriltagsCameraLog(1):,7,-14.068302,-3.800000,-3.800000,-3.800000,-13.990820,3.531515,3.530882,5.404958,5.387089,25.579795,139064,3.572474
4698:ApriltagsCameraLog(1):,7,-13.990820,-3.943000,-3.943000,-3.943000,-13.911760,3.531147,3.531986,5.396050,5.395973,25.579795,139065,3.572474
4718:ApriltagsCameraLog(1):,7,-13.911760,-4.122000,-4.122000,-4.122000,-13.834422,3.530656,3.531571,5.384900,5.396047,25.579795,139066,3.572474
4737:ApriltagsCameraLog(1):,7,-13.834422,-3.832000,-3.832000,-3.832000,-13.759073,3.531435,3.530646,5.402965,5.390525,25.579795,139067,3.572474
4758:ApriltagsCameraLog(1):,7,-13.759073,-3.883000,-3.883000,-3.883000,-13.682058,3.531304,3.531574,5.399788,5.396696,25.579795,139068,3.572474
4778:ApriltagsCameraLog(1):,7,-13.682058,-3.918000,-3.918000,-3.918000,-13.606037,3.531213,3.531571,5.397607,5.398249,25.579795,139069,3.572474
4797:ApriltagsCameraLog(1):,7,-13.606037,-4.009000,-4.009000,-4.009000,-13.530877,3.530970,3.531365,5.391938,5.397944,25.579795,139070,3.572474
4817:ApriltagsCameraLog(1):,7,-13.530877,-4.097000,-4.097000,-4.097000,-13.457006,3.530726,3.530921,5.386457,5.394964,25.579795,139071,3.572474
4837:ApriltagsCameraLog(1):,7,-13.457006,-3.894000,-3.894000,-3.894000,-13.384391,3.531276,3.530479,5.399102,5.390728,25.579795,139072,3.572474
4857:ApriltagsCameraLog(1):,7,-13.384391,-3.990000,-3.990000,-3.990000,-13.310765,3.531022,3.531221,5.393122,5.394873,25.579795,139073,3.572474
4877:ApriltagsCameraLog(1):,7,-13.310765,-4.103000,-4.103000,-4.103000,-13.238454,3.530709,3.531051,5.386083,5.394007,25.579795,139074,3.572474
4897:ApriltagsCameraLog(1):,7,-13.238454,-4.016000,-4.016000,-4.016000,-13.167581,3.530951,3.530567,5.391502,5.390067,25.579795,139075,3.572474
4917:ApriltagsCameraLog(1):,7,-13.167581,-4.025000,-4.025000,-4.025000,-13.096583,3.530926,3.530815,5.390942,5.390768,25.579795,139076,3.572474
4937:ApriltagsCameraLog(1):,7,-13.096583,-4.031000,-4.031000,-4.031000,-13.026206,3.530910,3.530878,5.390568,5.390850,25.579795,139077,3.572474
4957:ApriltagsCameraLog(1):,7,-13.026206,-3.713000,-3.713000,-3.713000,-12.956421,3.534263,3.530883,5.410214,5.390708,25.600108,139078,3.575014
4977:ApriltagsCameraLog(1):,7,-12.956421,-3.836000,-3.836000,-3.836000,-12.884767,3.531425,3.533350,5.402716,5.400305,25.579795,139079,3.572474
4997:ApriltagsCameraLog(1):,7,-12.884767,-3.856000,-3.856000,-3.856000,-12.814566,3.531374,3.532483,5.401470,5.401583,25.579795,139080,3.572474
5017:ApriltagsCameraLog(1):,7,-12.814566,-3.795000,-3.795000,-3.795000,-12.745065,3.531527,3.531925,5.405270,5.401570,25.579795,139081,3.572474
5037:ApriltagsCameraLog(1):,7,-12.745065,-3.721000,-3.721000,-3.721000,-12.675631,3.529174,3.531870,5.410045,5.403432,25.559483,139082,3.569935
5057:ApriltagsCameraLog(1):,7,-12.675631,-3.849000,-3.849000,-3.849000,-12.606106,3.531392,3.530781,5.401906,5.406836,25.579795,139083,3.572474
5077:ApriltagsCameraLog(1):,7,-12.606106,-3.806000,-3.806000,-3.806000,-12.538168,3.531500,3.530899,5.404585,5.404353,25.579795,139084,3.572474
5097:ApriltagsCameraLog(1):,7,-12.538168,-4.101000,-4.101000,-4.101000,-12.470424,3.530715,3.531208,5.386208,5.404446,25.579795,139085,3.572474
5117:ApriltagsCameraLog(1):,7,-12.470424,-4.084000,-4.084000,-4.084000,-12.405494,3.530763,3.530301,5.387267,5.395360,25.579795,139086,3.572474
5137:ApriltagsCameraLog(1):,7,-12.405494,-3.930000,-3.930000,-3.930000,-12.340935,3.531182,3.530240,5.396860,5.391304,25.579795,139087,3.572474
5157:ApriltagsCameraLog(1):,7,-12.340935,-3.993000,-3.993000,-3.993000,-12.275683,3.531013,3.530912,5.392935,5.394043,25.579795,139088,3.572474
5178:ApriltagsCameraLog(1):,7,-12.275683,-3.963000,-3.963000,-3.963000,-12.211426,3.531094,3.530923,5.394804,5.393486,25.579795,139089,3.572474
5197:ApriltagsCameraLog(1):,7,-12.211426,-3.637000,-3.637000,-3.637000,-12.147435,3.534442,3.531055,5.414953,5.394138,25.600108,139090,3.575014
5218:ApriltagsCameraLog(1):,7,-12.147435,-3.915000,-3.915000,-3.915000,-12.081463,3.531221,3.533513,5.397794,5.404402,25.579795,139091,3.572474
5238:ApriltagsCameraLog(1):,7,-12.081463,-4.084000,-4.084000,-4.084000,-12.018107,3.530763,3.532135,5.387267,5.401185,25.579795,139092,3.572474
5258:ApriltagsCameraLog(1):,7,-12.018107,-4.091000,-4.091000,-4.091000,-11.956554,3.530743,3.530972,5.386831,5.394284,25.579795,139093,3.572474
5277:ApriltagsCameraLog(1):,7,-11.956554,-4.091000,-4.091000,-4.091000,-11.895533,3.530743,3.530604,5.386831,5.390571,25.579795,139094,3.572474
5297:ApriltagsCameraLog(1):,7,-11.895533,-3.999000,-3.999000,-3.999000,-11.834985,3.530997,3.530547,5.392561,5.388699,25.579795,139095,3.572474
5317:ApriltagsCameraLog(1):,7,-11.834985,-3.952000,-3.952000,-3.952000,-11.774194,3.531123,3.530903,5.395489,5.390612,25.579795,139096,3.572474
5337:ApriltagsCameraLog(1):,7,-11.774194,-4.088000,-4.088000,-4.088000,-11.713509,3.530752,3.531178,5.387017,5.393039,25.579795,139097,3.572474
5358:ApriltagsCameraLog(1):,7,-11.713509,-3.849000,-3.849000,-3.849000,-11.654350,3.531392,3.530766,5.401906,5.390047,25.579795,139098,3.572474
5378:ApriltagsCameraLog(1):,7,-11.654350,-3.870000,-3.870000,-3.870000,-11.593796,3.531338,3.531479,5.400597,5.395946,25.579795,139099,3.572474
5398:ApriltagsCameraLog(1):,7,-11.593796,-3.922000,-3.922000,-3.922000,-11.533875,3.531203,3.531564,5.397358,5.398273,25.579795,139100,3.572474
5417:ApriltagsCameraLog(1):,7,-11.533875,-4.067000,-4.067000,-4.067000,-11.474822,3.530810,3.531353,5.388326,5.397828,25.579795,139101,3.572474
5437:ApriltagsCameraLog(1):,7,-11.474822,-3.912000,-3.912000,-3.912000,-11.417352,3.533763,3.530778,5.397808,5.393101,25.600108,139102,3.575014
5457:ApriltagsCameraLog(1):,7,-11.417352,-4.022000,-4.022000,-4.022000,-11.359171,3.530935,3.532421,5.391129,5.395354,25.579795,139103,3.572474
5477:ApriltagsCameraLog(1):,7,-11.359171,-3.988000,-3.988000,-3.988000,-11.302249,3.533561,3.531545,5.393070,5.393291,25.600108,139104,3.575014
5497:ApriltagsCameraLog(1):,7,-11.302249,-3.966000,-3.966000,-3.966000,-11.245550,3.533620,3.532544,5.394441,5.393117,25.600108,139105,3.575014
5517:ApriltagsCameraLog(1):,7,-11.245550,-3.607000,-3.607000,-3.607000,-11.189119,3.534511,3.533123,5.416824,5.393744,25.600108,139106,3.575014
5537:ApriltagsCameraLog(1):,7,-11.189119,-3.851000,-3.851000,-3.851000,-11.130344,3.533921,3.534574,5.401611,5.405222,25.600108,139107,3.575014
5557:ApriltagsCameraLog(1):,7,-11.130344,-3.927000,-3.927000,-3.927000,-11.073915,3.533724,3.534134,5.396873,5.403439,25.600108,139108,3.575014
5577:ApriltagsCameraLog(1):,7,-11.073915,-3.770000,-3.770000,-3.770000,-11.018513,3.534124,3.533726,5.406661,5.400173,25.600108,139109,3.575014
5597:ApriltagsCameraLog(1):,7,-11.018513,-3.851000,-3.851000,-3.851000,-10.962323,3.533921,3.534128,5.401611,5.403400,25.600108,139110,3.575014
5617:ApriltagsCameraLog(1):,7,-10.962323,-3.995000,-3.995000,-3.995000,-10.907197,3.531008,3.533969,5.392811,5.402513,25.579795,139111,3.572474
5637:ApriltagsCameraLog(1):,7,-10.907197,-4.124000,-4.124000,-4.124000,-10.853572,3.530650,3.532200,5.384775,5.397756,25.579795,139112,3.572474
5657:ApriltagsCameraLog(1):,7,-10.853572,-4.050000,-4.050000,-4.050000,-10.801364,3.533391,3.531048,5.389205,5.391318,25.600108,139113,3.575014
5677:ApriltagsCameraLog(1):,7,-10.801364,-4.086000,-4.086000,-4.086000,-10.749028,3.530757,3.532156,5.387142,5.390194,25.579795,139114,3.572474
5697:ApriltagsCameraLog(1):,7,-10.749028,-4.012000,-4.012000,-4.012000,-10.697336,3.530962,3.531369,5.391752,5.388710,25.579795,139115,3.572474
5717:ApriltagsCameraLog(1):,7,-10.697336,-4.036000,-4.036000,-4.036000,-10.645471,3.530896,3.531254,5.390257,5.390241,25.579795,139116,3.572474
5737:ApriltagsCameraLog(1):,7,-10.645471,-3.866000,-3.866000,-3.866000,-10.594194,3.531348,3.531076,5.400847,5.390259,25.579795,139117,3.572474
5757:ApriltagsCameraLog(1):,7,-10.594194,-3.838000,-3.838000,-3.838000,-10.541997,3.531419,3.531520,5.402591,5.395539,25.579795,139118,3.572474
5777:ApriltagsCameraLog(1):,7,-10.541997,-3.938000,-3.938000,-3.938000,-10.489987,3.531160,3.531675,5.396361,5.399064,25.579795,139119,3.572474
5797:ApriltagsCameraLog(1):,7,-10.489987,-3.795000,-3.795000,-3.795000,-10.439157,3.531527,3.531341,5.405270,5.397729,25.579795,139120,3.572474
5817:ApriltagsCameraLog(1):,7,-10.439157,-4.050000,-4.050000,-4.050000,-10.387611,3.530858,3.531651,5.389384,5.401490,25.579795,139121,3.572474
5837:ApriltagsCameraLog(1):,7,-10.387611,-4.085000,-4.085000,-4.085000,-10.338444,3.530760,3.530923,5.387204,5.395465,25.579795,139122,3.572474
5857:ApriltagsCameraLog(1):,7,-10.338444,-4.198000,-4.198000,-4.198000,-10.289930,3.530436,3.530618,5.380166,5.391343,25.579795,139123,3.572474
5878:ApriltagsCameraLog(1):,7,-10.289930,-4.130000,-4.130000,-4.130000,-10.242669,3.530633,3.530232,5.384401,5.385765,25.579795,139124,3.572474
5898:ApriltagsCameraLog(1):,7,-10.242669,-4.212000,-4.212000,-4.212000,-10.185246,3.530395,3.530396,5.379294,5.385073,25.579795,139125,3.572474
5917:ApriltagsCameraLog(1):,7,-10.185246,-4.022000,-4.022000,-4.022000,-10.138828,3.530935,3.530246,5.391129,5.382186,25.579795,139126,3.572474
5937:ApriltagsCameraLog(1):,7,-10.138828,-3.878000,-3.878000,-3.878000,-10.101296,3.531317,3.530827,5.400099,5.386635,25.579795,139127,3.572474
5957:ApriltagsCameraLog(1):,7,-10.101296,-3.704000,-3.704000,-3.704000,-10.043093,3.529215,3.531434,5.411104,5.393347,25.559483,139128,3.569935
5977:ApriltagsCameraLog(1):,7,-10.043093,-3.960000,-3.960000,-3.960000,-10.003876,3.531102,3.530813,5.394991,5.402278,25.579795,139129,3.572474
5997:ApriltagsCameraLog(1):,7,-10.003876,-4.025000,-4.025000,-4.025000,-9.946995,3.530926,3.530767,5.390942,5.398630,25.579795,139130,3.572474
6017:ApriltagsCameraLog(1):,7,-9.946995,-4.006000,-4.006000,-4.006000,-9.911045,3.530978,3.530649,5.392125,5.394785,25.579795,139131,3.572474
6037:ApriltagsCameraLog(1):,7,-9.911045,-3.858000,-3.858000,-3.858000,-9.865237,3.531369,3.530746,5.401345,5.393448,25.579795,139132,3.572474
6057:ApriltagsCameraLog(1):,7,-9.865237,-3.958000,-3.958000,-3.958000,-9.818703,3.531107,3.531262,5.395115,5.397377,25.579795,139133,3.572474
6077:ApriltagsCameraLog(1):,7,-9.818703,-4.007000,-4.007000,-4.007000,-9.773239,3.530975,3.531127,5.392063,5.396251,25.579795,139134,3.572474
6097:ApriltagsCameraLog(1):,7,-9.773239,-4.118000,-4.118000,-4.118000,-9.728504,3.530667,3.530947,5.385149,5.394163,25.579795,139135,3.572474
6117:ApriltagsCameraLog(1):,7,-9.728504,-4.049000,-4.049000,-4.049000,-9.684978,3.530860,3.530588,5.389447,5.389666,25.579795,139136,3.572474
6138:ApriltagsCameraLog(1):,7,-9.684978,-4.156000,-4.156000,-4.156000,-9.641254,3.530558,3.530719,5.382782,5.389550,25.579795,139137,3.572474
6157:ApriltagsCameraLog(1):,7,-9.641254,-3.990000,-3.990000,-3.990000,-9.598699,3.531022,3.530478,5.393122,5.386172,25.579795,139138,3.572474
6177:ApriltagsCameraLog(1):,7,-9.598699,-4.154000,-4.154000,-4.154000,-9.555187,3.530564,3.530918,5.382907,5.389631,25.579795,139139,3.572474
6197:ApriltagsCameraLog(1):,7,-9.555187,-4.126000,-4.126000,-4.126000,-9.513285,3.530644,3.530584,5.384651,5.386280,25.579795,139140,3.572474
6217:ApriltagsCameraLog(1):,7,-9.513285,-3.991000,-3.991000,-3.991000,-9.471490,3.531019,3.530576,5.393060,5.385464,25.579795,139141,3.572474
6237:ApriltagsCameraLog(1):,7,-9.471490,-4.064000,-4.064000,-4.064000,-9.428972,3.530819,3.530977,5.388512,5.389249,25.579795,139142,3.572474
6257:ApriltagsCameraLog(1):,7,-9.428972,-4.227000,-4.227000,-4.227000,-9.387351,3.530351,3.530881,5.378360,5.388884,25.579795,139143,3.572474
6277:ApriltagsCameraLog(1):,7,-9.387351,-4.162000,-4.162000,-4.162000,-9.347317,3.530541,3.530381,5.382408,5.383638,25.579795,139144,3.572474
6297:ApriltagsCameraLog(1):,7,-9.347317,-4.027000,-4.027000,-4.027000,-9.297089,3.530921,3.530433,5.390817,5.383020,25.579795,139145,3.572474
6317:ApriltagsCameraLog(1):,7,-9.297089,-4.152000,-4.152000,-4.152000,-9.256126,3.530570,3.530855,5.383031,5.386905,25.579795,139146,3.572474
6337:ApriltagsCameraLog(1):,7,-9.256126,-4.163000,-4.163000,-4.163000,-9.226450,3.530538,3.530627,5.382346,5.384975,25.579795,139147,3.572474
6357:ApriltagsCameraLog(1):,7,-9.226450,-4.084000,-4.084000,-4.084000,-9.177242,3.530763,3.530525,5.387267,5.383664,25.579795,139148,3.572474
6377:ApriltagsCameraLog(1):,7,-9.177242,-4.093000,-4.093000,-4.093000,-9.137728,3.530738,3.530723,5.386706,5.385459,25.579795,139149,3.572474
6398:ApriltagsCameraLog(1):,7,-9.137728,-4.076000,-4.076000,-4.076000,-9.098518,3.530785,3.530758,5.387765,5.386082,25.579795,139150,3.572474
6417:ApriltagsCameraLog(1):,7,-9.098518,-4.050000,-4.050000,-4.050000,-9.069545,3.530858,3.530808,5.389384,5.386922,25.579795,139151,3.572474
6437:ApriltagsCameraLog(1):,7,-9.069545,-4.029000,-4.029000,-4.029000,-9.030681,3.530915,3.530886,5.390693,5.388151,25.579795,139152,3.572474
6457:ApriltagsCameraLog(1):,7,-9.030681,-3.787000,-3.787000,-3.787000,-8.991955,3.529013,3.530956,5.405936,5.389421,25.559483,139153,3.569935
6477:ApriltagsCameraLog(1):,7,-8.991955,-3.965000,-3.965000,-3.965000,-8.951544,3.531089,3.530357,5.394679,5.397717,25.579795,139154,3.572474
6497:ApriltagsCameraLog(1):,7,-8.951544,-4.094000,-4.094000,-4.094000,-8.912858,3.530735,3.530657,5.386644,5.396183,25.579795,139155,3.572474
6517:ApriltagsCameraLog(1):,7,-8.912858,-3.894000,-3.894000,-3.894000,-8.875473,3.531276,3.530497,5.399102,5.391415,25.579795,139156,3.572474
6537:ApriltagsCameraLog(1):,7,-8.875473,-4.008000,-4.008000,-4.008000,-8.836827,3.530973,3.531052,5.392001,5.395239,25.579795,139157,3.572474
6557:ApriltagsCameraLog(1):,7,-8.836827,-3.977000,-3.977000,-3.977000,-8.799365,3.531057,3.530945,5.393932,5.393623,25.579795,139158,3.572474
6577:ApriltagsCameraLog(1):,7,-8.799365,-3.939000,-3.939000,-3.939000,-8.761953,3.531158,3.531007,5.396299,5.393775,25.579795,139159,3.572474
6597:ApriltagsCameraLog(1):,7,-8.761953,-3.740000,-3.740000,-3.740000,-8.724536,3.531663,3.531135,5.408697,5.395033,25.579795,139160,3.572474
6620:ApriltagsCameraLog(1):,7,-8.724536,-3.833000,-3.833000,-3.833000,-8.685866,3.533966,3.531694,5.402733,5.401849,25.600108,139162,3.575014
6657:ApriltagsCameraLog(1):,7,-8.685866,-3.691000,-3.691000,-3.691000,-8.648247,3.531780,3.532848,5.411750,5.402243,25.579795,139163,3.572474
6677:ApriltagsCameraLog(1):,7,-8.648247,-3.898000,-3.898000,-3.898000,-8.609789,3.531265,3.532519,5.398853,5.407016,25.579795,139164,3.572474
6698:ApriltagsCameraLog(1):,7,-8.609789,-3.828000,-3.828000,-3.828000,-8.573235,3.531445,3.531726,5.403214,5.402963,25.579795,139165,3.572474
6717:ApriltagsCameraLog(1):,7,-8.573235,-4.038000,-4.038000,-4.038000,-8.536421,3.530891,3.531591,5.390132,5.403094,25.579795,139166,3.572474
6737:ApriltagsCameraLog(1):,7,-8.536421,-3.736000,-3.736000,-3.736000,-8.501522,3.531672,3.530988,5.408946,5.396630,25.579795,139167,3.572474
6757:ApriltagsCameraLog(1):,7,-8.501522,-3.524000,-3.524000,-3.524000,-8.464551,3.532162,3.531584,5.422155,5.402770,25.579795,139168,3.572474
6777:ApriltagsCameraLog(1):,7,-8.464551,-3.907000,-3.907000,-3.907000,-8.426222,3.531242,3.532288,5.398292,5.412445,25.579795,139169,3.572474
6797:ApriltagsCameraLog(1):,7,-8.426222,-3.693000,-3.693000,-3.693000,-8.391162,3.531776,3.531488,5.411625,5.405393,25.579795,139170,3.572474
6817:ApriltagsCameraLog(1):,7,-8.391162,-3.881000,-3.881000,-3.881000,-8.354714,3.531309,3.531759,5.399912,5.408501,25.579795,139171,3.572474
6837:ApriltagsCameraLog(1):,7,-8.354714,-3.875000,-3.875000,-3.875000,-8.320007,3.531325,3.531368,5.400286,5.404218,25.579795,139172,3.572474
6857:ApriltagsCameraLog(1):,7,-8.320007,-3.702000,-3.702000,-3.702000,-8.285522,3.529220,3.531271,5.411228,5.402254,25.559483,139173,3.569935
6877:ApriltagsCameraLog(1):,7,-8.285522,-3.780000,-3.780000,-3.780000,-8.249935,3.531565,3.530424,5.406204,5.406779,25.579795,139174,3.572474
6897:ApriltagsCameraLog(1):,7,-8.249935,-3.792000,-3.792000,-3.792000,-8.215257,3.531535,3.530983,5.405457,5.406470,25.579795,139175,3.572474
6917:ApriltagsCameraLog(1):,7,-8.215257,-4.046000,-4.046000,-4.046000,-8.180942,3.530869,3.531239,5.389634,5.405953,25.579795,139176,3.572474
6937:ApriltagsCameraLog(1):,7,-8.180942,-3.938000,-3.938000,-3.938000,-8.148863,3.531160,3.530762,5.396361,5.397803,25.579795,139177,3.572474
6957:ApriltagsCameraLog(1):,7,-8.148863,-3.758000,-3.758000,-3.758000,-8.116195,3.531619,3.530935,5.407575,5.397075,25.579795,139178,3.572474
6977:ApriltagsCameraLog(1):,7,-8.116195,-3.921000,-3.921000,-3.921000,-8.082384,3.531205,3.531475,5.397420,5.402310,25.579795,139179,3.572474
6997:ApriltagsCameraLog(1):,7,-8.082384,-3.908000,-3.908000,-3.908000,-8.050100,3.531239,3.531252,5.398230,5.399871,25.579795,139180,3.572474
7017:ApriltagsCameraLog(1):,7,-8.050100,-3.927000,-3.927000,-3.927000,-8.017965,3.531189,3.531216,5.397047,5.399051,25.579795,139181,3.572474
7037:ApriltagsCameraLog(1):,7,-8.017965,-3.862000,-3.862000,-3.862000,-7.986228,3.531358,3.531167,5.401096,5.398050,25.579795,139182,3.572474
7058:ApriltagsCameraLog(1):,7,-7.986228,-3.871000,-3.871000,-3.871000,-7.954232,3.531335,3.531317,5.400535,5.399569,25.579795,139183,3.572474
7078:ApriltagsCameraLog(1):,7,-7.954232,-4.002000,-4.002000,-4.002000,-7.922554,3.530989,3.531343,5.392374,5.400051,25.579795,139184,3.572474
7097:ApriltagsCameraLog(1):,7,-7.922554,-3.854000,-3.854000,-3.854000,-7.892138,3.531379,3.531036,5.401594,5.396220,25.579795,139185,3.572474
7117:ApriltagsCameraLog(1):,7,-7.892138,-3.819000,-3.819000,-3.819000,-7.860810,3.531467,3.531301,5.403775,5.398900,25.579795,139186,3.572474
7137:ApriltagsCameraLog(1):,7,-7.860810,-3.938000,-3.938000,-3.938000,-7.829454,3.531160,3.531470,5.396361,5.401334,25.579795,139187,3.572474
7157:ApriltagsCameraLog(1):,7,-7.829454,-3.871000,-3.871000,-3.871000,-7.799264,3.531335,3.531231,5.400535,5.398854,25.579795,139188,3.572474
7177:ApriltagsCameraLog(1):,7,-7.799264,-3.957000,-3.957000,-3.957000,-7.768788,3.531110,3.531312,5.395178,5.399692,25.579795,139189,3.572474
7197:ApriltagsCameraLog(1):,7,-7.768788,-3.947000,-3.947000,-3.947000,-7.739216,3.531137,3.531136,5.395801,5.397439,25.579795,139190,3.572474
7217:ApriltagsCameraLog(1):,7,-7.739216,-3.898000,-3.898000,-3.898000,-7.709796,3.531265,3.531110,5.398853,5.396620,25.579795,139191,3.572474
7237:ApriltagsCameraLog(1):,7,-7.709796,-4.038000,-4.038000,-4.038000,-7.680224,3.530891,3.531224,5.390132,5.397734,25.579795,139192,3.572474
7257:ApriltagsCameraLog(1):,7,-7.680224,-4.093000,-4.093000,-4.093000,-7.651968,3.530738,3.530938,5.386706,5.393939,25.579795,139193,3.572474
7277:ApriltagsCameraLog(1):,7,-7.651968,-3.940000,-3.940000,-3.940000,-7.624357,3.531155,3.530726,5.396237,5.390327,25.579795,139194,3.572474
7298:ApriltagsCameraLog(1):,7,-7.624357,-3.970000,-3.970000,-3.970000,-7.595774,3.531075,3.531035,5.394368,5.393274,25.579795,139195,3.572474
7317:ApriltagsCameraLog(1):,7,-7.595774,-4.178000,-4.178000,-4.178000,-7.567645,3.530495,3.531072,5.381412,5.393820,25.579795,139196,3.572474
7338:ApriltagsCameraLog(1):,7,-7.567645,-3.929000,-3.929000,-3.929000,-7.541348,3.531184,3.530601,5.396922,5.387626,25.579795,139197,3.572474
7357:ApriltagsCameraLog(1):,7,-7.541348,-3.839000,-3.839000,-3.839000,-7.513324,3.531417,3.531038,5.402529,5.392263,25.579795,139198,3.572474
7377:ApriltagsCameraLog(1):,7,-7.513324,-4.001000,-4.001000,-4.001000,-7.484818,3.530992,3.531391,5.392437,5.397388,25.579795,139199,3.572474
7397:ApriltagsCameraLog(1):,7,-7.484818,-3.944000,-3.944000,-3.944000,-7.457791,3.531145,3.531117,5.395987,5.394919,25.579795,139200,3.572474
7417:ApriltagsCameraLog(1):,7,-7.457791,-4.070000,-4.070000,-4.070000,-7.430531,3.530802,3.531147,5.388139,5.395453,25.579795,139201,3.572474
7437:ApriltagsCameraLog(1):,7,-7.430531,-3.986000,-3.986000,-3.986000,-7.404460,3.531032,3.530868,5.393371,5.391802,25.579795,139202,3.572474
7457:ApriltagsCameraLog(1):,7,-7.404460,-4.026000,-4.026000,-4.026000,-7.377939,3.530924,3.530973,5.390879,5.392584,25.579795,139203,3.572474
7477:ApriltagsCameraLog(1):,7,-7.377939,-4.134000,-4.134000,-4.134000,-7.351935,3.530621,3.530924,5.384152,5.391733,25.579795,139204,3.572474
7497:ApriltagsCameraLog(1):,7,-7.351935,-4.058000,-4.058000,-4.058000,-7.326970,3.530835,3.530667,5.388886,5.387948,25.579795,139205,3.572474
7517:ApriltagsCameraLog(1):,7,-7.326970,-4.017000,-4.017000,-4.017000,-7.301609,3.530948,3.530764,5.391440,5.388414,25.579795,139206,3.572474
7541:ApriltagsCameraLog(1):,7,-7.301609,-3.893000,-3.893000,-3.893000,-7.276127,3.531278,3.530899,5.399165,5.389924,25.579795,139207,3.572474
7557:ApriltagsCameraLog(1):,7,-7.276127,-3.821000,-3.821000,-3.821000,-7.249881,3.531462,3.531224,5.403650,5.394538,25.579795,139208,3.572474
7577:ApriltagsCameraLog(1):,7,-7.249881,-3.851000,-3.851000,-3.851000,-7.223280,3.531386,3.531479,5.401781,5.399089,25.579795,139209,3.572474
7597:ApriltagsCameraLog(1):,7,-7.223280,-3.961000,-3.961000,-3.961000,-7.197118,3.531099,3.531472,5.394928,5.400436,25.579795,139210,3.572474
7617:ApriltagsCameraLog(1):,7,-7.197118,-3.841000,-3.841000,-3.841000,-7.172012,3.531412,3.531208,5.402404,5.397688,25.579795,139211,3.572474
7637:ApriltagsCameraLog(1):,7,-7.172012,-3.722000,-3.722000,-3.722000,-7.146170,3.534241,3.531378,5.409653,5.400043,25.600108,139212,3.575014
7657:ApriltagsCameraLog(1):,7,-7.146170,-3.761000,-3.761000,-3.761000,-7.119626,3.531611,3.532952,5.407388,5.404804,25.579795,139213,3.572474
7677:ApriltagsCameraLog(1):,7,-7.119626,-3.864000,-3.864000,-3.864000,-7.093570,3.531353,3.532319,5.400971,5.406115,25.579795,139214,3.572474
7697:ApriltagsCameraLog(1):,7,-7.093570,-4.012000,-4.012000,-4.012000,-7.068515,3.530962,3.531764,5.391752,5.403557,25.579795,139215,3.572474
7717:ApriltagsCameraLog(1):,7,-7.068515,-3.868000,-3.868000,-3.868000,-7.044802,3.531343,3.531207,5.400722,5.397666,25.579795,139216,3.572474
7737:ApriltagsCameraLog(1):,7,-7.044802,-3.863000,-3.863000,-3.863000,-7.020156,3.531356,3.531317,5.401034,5.399192,25.579795,139217,3.572474
7757:ApriltagsCameraLog(1):,7,-7.020156,-3.874000,-3.874000,-3.874000,-6.995663,3.531327,3.531362,5.400348,5.400112,25.579795,139218,3.572474
7777:ApriltagsCameraLog(1):,7,-6.995663,-3.885000,-3.885000,-3.885000,-6.971445,3.531299,3.531348,5.399663,5.400231,25.579795,139219,3.572474
7797:ApriltagsCameraLog(1):,7,-6.971445,-4.080000,-4.080000,-4.080000,-6.947501,3.530774,3.531316,5.387516,5.399947,25.579795,139220,3.572474
7817:ApriltagsCameraLog(1):,7,-6.947501,-3.943000,-3.943000,-3.943000,-6.915254,3.531147,3.530891,5.396050,5.393740,25.579795,139221,3.572474
7837:ApriltagsCameraLog(1):,7,-6.915254,-3.816000,-3.816000,-3.816000,-6.892118,3.534009,3.531049,5.403793,5.394891,25.600108,139222,3.575014
7857:ApriltagsCameraLog(1):,7,-6.892118,-4.015000,-4.015000,-4.015000,-6.868195,3.530954,3.532648,5.391565,5.399301,25.579795,139224,3.572474
7897:ApriltagsCameraLog(1):,7,-6.868195,-4.078000,-4.078000,-4.078000,-6.846060,3.530780,3.531705,5.387640,5.395455,25.579795,139225,3.572474
7917:ApriltagsCameraLog(1):,7,-6.846060,-4.024000,-4.024000,-4.024000,-6.824585,3.530929,3.531149,5.391004,5.391559,25.579795,139226,3.572474
7938:ApriltagsCameraLog(1):,7,-6.824585,-3.699000,-3.699000,-3.699000,-6.802858,3.534296,3.531032,5.411087,5.391284,25.600108,139227,3.575014
7957:ApriltagsCameraLog(1):,7,-6.802858,-3.906000,-3.906000,-3.906000,-6.778797,3.531245,3.532930,5.398355,5.401140,25.579795,139228,3.572474
7977:ApriltagsCameraLog(1):,7,-6.778797,-4.029000,-4.029000,-4.029000,-6.766510,3.530915,3.532053,5.390693,5.399768,25.579795,139229,3.572474
7997:ApriltagsCameraLog(1):,7,-6.766510,-4.033000,-4.033000,-4.033000,-6.745350,3.533438,3.531377,5.390265,5.395245,25.600108,139230,3.575014
8017:ApriltagsCameraLog(1):,7,-6.745350,-3.976000,-3.976000,-3.976000,-6.714402,3.531059,3.532349,5.393994,5.392731,25.579795,139231,3.572474
8037:ApriltagsCameraLog(1):,7,-6.714402,-4.046000,-4.046000,-4.046000,-6.693091,3.530869,3.531719,5.389634,5.393378,25.579795,139232,3.572474
8057:ApriltagsCameraLog(1):,7,-6.693091,-3.980000,-3.980000,-3.980000,-6.672477,3.531048,3.531251,5.393745,5.391516,25.579795,139233,3.572474
8077:ApriltagsCameraLog(1):,7,-6.672477,-4.062000,-4.062000,-4.062000,-6.651577,3.530824,3.531176,5.388637,5.392633,25.579795,139234,3.572474
8098:ApriltagsCameraLog(1):,7,-6.651577,-4.171000,-4.171000,-4.171000,-6.631487,3.530515,3.530955,5.381848,5.390639,25.579795,139235,3.572474
8117:ApriltagsCameraLog(1):,7,-6.631487,-4.196000,-4.196000,-4.196000,-6.622399,3.530442,3.530641,5.380291,5.386249,25.579795,139236,3.572474
8137:ApriltagsCameraLog(1):,7,-6.622399,-4.054000,-4.054000,-4.054000,-6.603652,3.530846,3.530479,5.389135,5.383272,25.579795,139237,3.572474
8157:ApriltagsCameraLog(1):,7,-6.603652,-4.024000,-4.024000,-4.024000,-6.573950,3.530929,3.530727,5.391004,5.386199,25.579795,139238,3.572474
8177:ApriltagsCameraLog(1):,7,-6.573950,-3.926000,-3.926000,-3.926000,-6.564105,3.531192,3.530881,5.397109,5.388599,25.579795,139239,3.572474
8197:ApriltagsCameraLog(1):,7,-6.564105,-3.858000,-3.858000,-3.858000,-6.543639,3.531369,3.531134,5.401345,5.392850,25.579795,139240,3.572474
8217:ApriltagsCameraLog(1):,7,-6.543639,-3.638000,-3.638000,-3.638000,-6.522866,3.529370,3.531350,5.415213,5.397094,25.559483,139241,3.569935
8238:ApriltagsCameraLog(1):,7,-6.522866,-3.940000,-3.940000,-3.940000,-6.500479,3.531155,3.530586,5.396237,5.406176,25.579795,139242,3.572474
8257:ApriltagsCameraLog(1):,7,-6.500479,-3.856000,-3.856000,-3.856000,-6.480615,3.531374,3.530760,5.401470,5.401201,25.579795,139243,3.572474
8277:ApriltagsCameraLog(1):,7,-6.480615,-4.037000,-4.037000,-4.037000,-6.460253,3.530893,3.531070,5.390194,5.401328,25.579795,139244,3.572474
8297:ApriltagsCameraLog(1):,7,-6.460253,-3.693000,-3.693000,-3.693000,-6.441453,3.529241,3.530865,5.411789,5.395764,25.559483,139245,3.569935
8317:ApriltagsCameraLog(1):,7,-6.441453,-3.990000,-3.990000,-3.990000,-6.420114,3.531022,3.530244,5.393122,5.403794,25.579795,139246,3.572474
8337:ApriltagsCameraLog(1):,7,-6.420114,-3.971000,-3.971000,-3.971000,-6.401261,3.531073,3.530520,5.394306,5.398451,25.579795,139247,3.572474
8357:ApriltagsCameraLog(1):,7,-6.401261,-3.954000,-3.954000,-3.954000,-6.382407,3.531118,3.530753,5.395365,5.396373,25.579795,139248,3.572474
8377:ApriltagsCameraLog(1):,7,-6.382407,-4.069000,-4.069000,-4.069000,-6.363567,3.530805,3.530925,5.388201,5.395865,25.579795,139249,3.572474
8397:ApriltagsCameraLog(1):,7,-6.363567,-4.112000,-4.112000,-4.112000,-6.345766,3.530684,3.530789,5.385523,5.392035,25.579795,139250,3.572474
8417:ApriltagsCameraLog(1):,7,-6.345766,-4.038000,-4.038000,-4.038000,-6.328436,3.530891,3.530673,5.390132,5.388780,25.579795,139251,3.572474
8437:ApriltagsCameraLog(1):,7,-6.328436,-4.116000,-4.116000,-4.116000,-6.310667,3.530673,3.530795,5.385273,5.389454,25.579795,139252,3.572474
8457:ApriltagsCameraLog(1):,7,-6.310667,-4.132000,-4.132000,-4.132000,-6.293641,3.530627,3.530694,5.384277,5.387365,25.579795,139253,3.572474
8478:ApriltagsCameraLog(1):,7,-6.293641,-3.847000,-3.847000,-3.847000,-6.276871,3.531397,3.530632,5.402030,5.385822,25.579795,139254,3.572474
8497:ApriltagsCameraLog(1):,7,-6.276871,-3.958000,-3.958000,-3.958000,-6.258020,3.531107,3.531185,5.395115,5.393917,25.579795,139255,3.572474
8517:ApriltagsCameraLog(1):,7,-6.258020,-3.961000,-3.961000,-3.961000,-6.240176,3.531099,3.531158,5.394928,5.394517,25.579795,139256,3.572474
8537:ApriltagsCameraLog(1):,7,-6.240176,-4.137000,-4.137000,-4.137000,-6.222494,3.530613,3.531133,5.383965,5.394723,25.579795,139257,3.572474
8558:ApriltagsCameraLog(1):,7,-6.222494,-4.227000,-4.227000,-4.227000,-6.206315,3.530351,3.530776,5.378360,5.389350,25.579795,139258,3.572474
8577:ApriltagsCameraLog(1):,7,-6.206315,-4.167000,-4.167000,-4.167000,-6.190960,3.530526,3.530469,5.382097,5.383859,25.579795,139259,3.572474
8597:ApriltagsCameraLog(1):,7,-6.190960,-4.182000,-4.182000,-4.182000,-6.175258,3.527950,3.530482,5.381348,5.382977,25.559483,139260,3.569935
8617:ApriltagsCameraLog(1):,7,-6.175258,-3.876000,-3.876000,-3.876000,-6.159782,3.531322,3.529202,5.400224,5.382185,25.579795,139261,3.572474
8637:ApriltagsCameraLog(1):,7,-6.159782,-4.040000,-4.040000,-4.040000,-6.142064,3.530885,3.530440,5.390007,5.391182,25.579795,139262,3.572474
8657:ApriltagsCameraLog(1):,7,-6.142064,-3.908000,-3.908000,-3.908000,-6.125756,3.531239,3.530652,5.398230,5.390591,25.579795,139263,3.572474
8677:ApriltagsCameraLog(1):,7,-6.125756,-3.809000,-3.809000,-3.809000,-6.108551,3.531493,3.531019,5.404398,5.394404,25.579795,139264,3.572474
8697:ApriltagsCameraLog(1):,7,-6.108551,-4.025000,-4.025000,-4.025000,-6.090711,3.530926,3.531355,5.390942,5.399396,25.579795,139265,3.572474
8717:ApriltagsCameraLog(1):,7,-6.090711,-3.903000,-3.903000,-3.903000,-6.074685,3.531252,3.531065,5.398542,5.395173,25.579795,139266,3.572474
8737:ApriltagsCameraLog(1):,7,-6.074685,-3.674000,-3.674000,-3.674000,-6.057837,3.529286,3.531190,5.412972,5.396855,25.559483,139267,3.569935
8757:ApriltagsCameraLog(1):,7,-6.057837,-4.210000,-4.210000,-4.210000,-6.039329,3.530401,3.530405,5.379419,5.404932,25.579795,139268,3.572474
8778:ApriltagsCameraLog(1):,7,-6.039329,-4.027000,-4.027000,-4.027000,-6.025137,3.530921,3.530201,5.390817,5.392176,25.579795,139269,3.572474
8797:ApriltagsCameraLog(1):,7,-6.025137,-4.044000,-4.044000,-4.044000,-6.009635,3.530874,3.530549,5.389758,5.391491,25.579795,139270,3.572474
8817:ApriltagsCameraLog(1):,7,-6.009635,-3.986000,-3.986000,-3.986000,-5.994386,3.531032,3.530697,5.393371,5.390622,25.579795,139271,3.572474
8837:ApriltagsCameraLog(1):,7,-5.994386,-4.034000,-4.034000,-4.034000,-5.978805,3.530902,3.530888,5.390381,5.391993,25.579795,139272,3.572474
8857:ApriltagsCameraLog(1):,7,-5.978805,-4.096000,-4.096000,-4.096000,-5.963717,3.530729,3.530881,5.386519,5.391187,25.579795,139273,3.572474
8877:ApriltagsCameraLog(1):,7,-5.963717,-3.919000,-3.919000,-3.919000,-5.949227,3.531211,3.530768,5.397545,5.388855,25.579795,139274,3.572474
8897:ApriltagsCameraLog(1):,7,-5.949227,-3.791000,-3.791000,-3.791000,-5.933477,3.531537,3.531065,5.405519,5.393195,25.579795,139275,3.572474
8918:ApriltagsCameraLog(1):,7,-5.933477,-3.925000,-3.925000,-3.925000,-5.916855,3.531195,3.531416,5.397171,5.399352,25.579795,139276,3.572474
8938:ApriltagsCameraLog(1):,7,-5.916855,-4.024000,-4.024000,-4.024000,-5.901402,3.530929,3.531286,5.391004,5.398264,25.579795,139277,3.572474
8957:ApriltagsCameraLog(1):,7,-5.901402,-3.879000,-3.879000,-3.879000,-5.886838,3.531315,3.531049,5.400037,5.394637,25.579795,139278,3.572474
8978:ApriltagsCameraLog(1):,7,-5.886838,-3.724000,-3.724000,-3.724000,-5.871261,3.529167,3.531229,5.409858,5.397334,25.559483,139279,3.569935
8997:ApriltagsCameraLog(1):,7,-5.871261,-4.185000,-4.185000,-4.185000,-5.854589,3.530474,3.530314,5.380976,5.403615,25.579795,139280,3.572474
9018:ApriltagsCameraLog(1):,7,-5.854589,-4.131000,-4.131000,-4.131000,-5.841636,3.530630,3.530231,5.384339,5.392295,25.579795,139281,3.572474
9037:ApriltagsCameraLog(1):,7,-5.841636,-4.008000,-4.008000,-4.008000,-5.828365,3.530973,3.530371,5.392001,5.388314,25.579795,139282,3.572474
9057:ApriltagsCameraLog(1):,7,-5.828365,-4.124000,-4.124000,-4.124000,-5.814243,3.530650,3.530701,5.384775,5.390153,25.579795,139283,3.572474
9077:ApriltagsCameraLog(1):,7,-5.814243,-4.162000,-4.162000,-4.162000,-5.801130,3.530541,3.530636,5.382408,5.387464,25.579795,139284,3.572474
9097:ApriltagsCameraLog(1):,7,-5.801130,-3.967000,-3.967000,-3.967000,-5.788414,3.531083,3.530553,5.394555,5.384937,25.579795,139285,3.572474
9117:ApriltagsCameraLog(1):,7,-5.788414,-4.017000,-4.017000,-4.017000,-5.774283,3.530948,3.530894,5.391440,5.389741,25.579795,139286,3.572474
9137:ApriltagsCameraLog(1):,7,-5.774283,-4.075000,-4.075000,-4.075000,-5.760650,3.530788,3.530934,5.387827,5.390590,25.579795,139287,3.572474
9157:ApriltagsCameraLog(1):,7,-5.760650,-4.151000,-4.151000,-4.151000,-5.747573,3.528039,3.530841,5.383277,5.389210,25.559483,139288,3.569935
9177:ApriltagsCameraLog(1):,7,-5.747573,-4.109000,-4.109000,-4.109000,-5.735177,3.530692,3.529399,5.385709,5.386263,25.579795,139289,3.572474
9197:ApriltagsCameraLog(1):,7,-5.735177,-3.902000,-3.902000,-3.902000,-5.722561,3.531255,3.530042,5.398604,5.385977,25.579795,139291,3.572474
9238:ApriltagsCameraLog(1):,7,-5.722561,-3.934000,-3.934000,-3.934000,-5.698437,3.531171,3.530748,5.396610,5.392280,25.579795,139292,3.572474
9258:ApriltagsCameraLog(1):,7,-5.698437,-3.815000,-3.815000,-3.815000,-5.694671,3.531477,3.530993,5.404024,5.394442,25.579795,139293,3.572474
9278:ApriltagsCameraLog(1):,7,-5.694671,-3.996000,-3.996000,-3.996000,-5.680150,3.531005,3.531313,5.392748,5.399229,25.579795,139294,3.572474
9297:ApriltagsCameraLog(1):,7,-5.680150,-3.644000,-3.644000,-3.644000,-5.667162,3.531891,3.531112,5.414678,5.395991,25.579795,139295,3.572474
9317:ApriltagsCameraLog(1):,7,-5.667162,-3.875000,-3.875000,-3.875000,-5.651482,3.531325,3.531665,5.400286,5.405327,25.579795,139296,3.572474
9337:ApriltagsCameraLog(1):,7,-5.651482,-3.888000,-3.888000,-3.888000,-5.637700,3.531291,3.531456,5.399476,5.402809,25.579795,139297,3.572474
9357:ApriltagsCameraLog(1):,7,-5.637700,-4.127000,-4.127000,-4.127000,-5.624126,3.530641,3.531349,5.384588,5.401144,25.579795,139298,3.572474
9377:ApriltagsCameraLog(1):,7,-5.624126,-4.176000,-4.176000,-4.176000,-5.612511,3.530500,3.530888,5.381536,5.392871,25.579795,139299,3.572474
9397:ApriltagsCameraLog(1):,7,-5.612511,-4.074000,-4.074000,-4.074000,-5.601367,3.530791,3.530624,5.387890,5.387206,25.579795,139300,3.572474
9417:ApriltagsCameraLog(1):,7,-5.601367,-4.070000,-4.070000,-4.070000,-5.589517,3.530802,3.530712,5.388139,5.387547,25.579795,139301,3.572474
9437:ApriltagsCameraLog(1):,7,-5.589517,-4.155000,-4.155000,-4.155000,-5.577729,3.530561,3.530761,5.382844,5.387842,25.579795,139302,3.572474
9457:ApriltagsCameraLog(1):,7,-5.577729,-3.794000,-3.794000,-3.794000,-5.566691,3.531530,3.530630,5.405332,5.385345,25.579795,139303,3.572474
9477:ApriltagsCameraLog(1):,7,-5.566691,-4.012000,-4.012000,-4.012000,-5.552939,3.530962,3.531233,5.391752,5.395331,25.579795,139304,3.572474
9497:ApriltagsCameraLog(1):,7,-5.552939,-4.012000,-4.012000,-4.012000,-5.540984,3.530962,3.531074,5.391752,5.393543,25.579795,139305,3.572474
9517:ApriltagsCameraLog(1):,7,-5.540984,-3.961000,-3.961000,-3.961000,-5.529122,3.531099,3.531006,5.394928,5.392648,25.579795,139306,3.572474
9537:ApriltagsCameraLog(1):,7,-5.529122,-3.840000,-3.840000,-3.840000,-5.516957,3.531414,3.531068,5.402466,5.393788,25.579795,139307,3.572474
9557:ApriltagsCameraLog(1):,7,-5.516957,-3.858000,-3.858000,-3.858000,-5.503947,3.531369,3.531304,5.401345,5.398124,25.579795,139308,3.572474
9577:ApriltagsCameraLog(1):,7,-5.503947,-4.026000,-4.026000,-4.026000,-5.491178,3.530924,3.531359,5.390879,5.399734,25.579795,139309,3.572474
9597:ApriltagsCameraLog(1):,7,-5.491178,-3.992000,-3.992000,-3.992000,-5.479811,3.531016,3.531085,5.392997,5.395310,25.579795,139310,3.572474
9617:ApriltagsCameraLog(1):,7,-5.479811,-4.012000,-4.012000,-4.012000,-5.468268,3.530962,3.531036,5.391752,5.394154,25.579795,139311,3.572474
9637:ApriltagsCameraLog(1):,7,-5.468268,-4.156000,-4.156000,-4.156000,-5.456971,3.530558,3.530984,5.382782,5.392953,25.579795,139312,3.572474
9657:ApriltagsCameraLog(1):,7,-5.456971,-4.005000,-4.005000,-4.005000,-5.446878,3.530981,3.530714,5.392188,5.387870,25.579795,139313,3.572474
9677:ApriltagsCameraLog(1):,7,-5.446878,-4.063000,-4.063000,-4.063000,-5.435691,3.530821,3.530874,5.388575,5.390027,25.579795,139314,3.572474
9697:ApriltagsCameraLog(1):,7,-5.435691,-4.114000,-4.114000,-4.114000,-5.425042,3.530678,3.530839,5.385398,5.389301,25.579795,139315,3.572474
9721:ApriltagsCameraLog(1):,7,-5.425042,-3.924000,-3.924000,-3.924000,-5.414871,3.531197,3.530737,5.397233,5.387351,25.579795,139316,3.572474
9738:ApriltagsCameraLog(1):,7,-5.414871,-3.911000,-3.911000,-3.911000,-5.403305,3.531231,3.531031,5.398043,5.392289,25.579795,139317,3.572474
9757:ApriltagsCameraLog(1):,7,-5.403305,-3.641000,-3.641000,-3.641000,-5.391728,3.531898,3.531168,5.414865,5.395165,25.579795,139318,3.572474
9777:ApriltagsCameraLog(1):,7,-5.391728,-4.057000,-4.057000,-4.057000,-5.378145,3.530838,3.531682,5.388948,5.405008,25.579795,139319,3.572474
9797:ApriltagsCameraLog(1):,7,-5.378145,-4.055000,-4.055000,-4.055000,-5.367896,3.530844,3.531168,5.389073,5.396984,25.579795,139320,3.572474
9817:ApriltagsCameraLog(1):,7,-5.367896,-3.881000,-3.881000,-3.881000,-5.357710,3.533844,3.530961,5.399740,5.393030,25.600108,139321,3.575014
9837:ApriltagsCameraLog(1):,7,-5.357710,-3.995000,-3.995000,-3.995000,-5.346263,3.531008,3.532445,5.392811,5.396367,25.579795,139322,3.572474
9858:ApriltagsCameraLog(1):,7,-5.346263,-3.979000,-3.979000,-3.979000,-5.335780,3.533585,3.531706,5.393631,5.394597,25.600108,139323,3.575014
9878:ApriltagsCameraLog(1):,7,-5.335780,-4.030000,-4.030000,-4.030000,-5.325262,3.530913,3.532640,5.390630,5.394103,25.579795,139324,3.572474
9897:ApriltagsCameraLog(1):,7,-5.325262,-3.994000,-3.994000,-3.994000,-5.315214,3.531011,3.531757,5.392873,5.392376,25.579795,139325,3.572474
9917:ApriltagsCameraLog(1):,7,-5.315214,-3.955000,-3.955000,-3.955000,-5.304964,3.531115,3.531387,5.395302,5.392629,25.579795,139326,3.572474
9938:ApriltagsCameraLog(1):,7,-5.304964,-3.889000,-3.889000,-3.889000,-5.294491,3.531289,3.531267,5.399414,5.393967,25.579795,139328,3.572474
9978:ApriltagsCameraLog(1):,7,-5.294491,-4.008000,-4.008000,-4.008000,-5.283587,3.530973,3.531311,5.392001,5.396690,25.579795,139329,3.572474
9997:ApriltagsCameraLog(1):,7,-5.283587,-3.997000,-3.997000,-3.997000,-5.273691,3.531003,3.531116,5.392686,5.394347,25.579795,139330,3.572474
10017:ApriltagsCameraLog(1):,7,-5.273691,-4.077000,-4.077000,-4.077000,-5.263786,3.530782,3.531050,5.387703,5.393517,25.579795,139331,3.572474
10037:ApriltagsCameraLog(1):,7,-5.263786,-4.066000,-4.066000,-4.066000,-5.254579,3.530813,3.530886,5.388388,5.390611,25.579795,139332,3.572474
10057:ApriltagsCameraLog(1):,7,-5.254579,-3.933000,-3.933000,-3.933000,-5.245358,3.531174,3.530838,5.396673,5.389500,25.579795,139333,3.572474
10077:ApriltagsCameraLog(1):,7,-5.245358,-3.830000,-3.830000,-3.830000,-5.235177,3.533974,3.531047,5.402920,5.393084,25.600108,139334,3.575014
10097:ApriltagsCameraLog(1):,7,-5.235177,-3.785000,-3.785000,-3.785000,-5.224284,3.531552,3.532570,5.405893,5.397984,25.579795,139335,3.572474
10117:ApriltagsCameraLog(1):,7,-5.224284,-3.773000,-3.773000,-3.773000,-5.213118,3.534116,3.532111,5.406473,5.401945,25.600108,139336,3.575014
10137:ApriltagsCameraLog(1):,7,-5.213118,-3.806000,-3.806000,-3.806000,-5.201954,3.534034,3.533142,5.404416,5.404196,25.600108,139337,3.575014
10157:ApriltagsCameraLog(1):,7,-5.201954,-3.916000,-3.916000,-3.916000,-5.191133,3.531218,3.533589,5.397732,5.404301,25.579795,139338,3.572474
10177:ApriltagsCameraLog(1):,7,-5.191133,-3.999000,-3.999000,-3.999000,-5.181241,3.530997,3.532368,5.392561,5.401030,25.579795,139339,3.572474
10197:ApriltagsCameraLog(1):,7,-5.181241,-3.886000,-3.886000,-3.886000,-5.172069,3.531297,3.531639,5.399601,5.396803,25.579795,139340,3.572474
10217:ApriltagsCameraLog(1):,7,-5.172069,-3.990000,-3.990000,-3.990000,-5.162091,3.531022,3.531483,5.393122,5.398203,25.579795,139341,3.572474
10237:ApriltagsCameraLog(1):,7,-5.162091,-4.140000,-4.140000,-4.140000,-5.152998,3.530604,3.531227,5.383779,5.395665,25.579795,139342,3.572474
10257:ApriltagsCameraLog(1):,7,-5.152998,-3.984000,-3.984000,-3.984000,-5.145139,3.531038,3.530863,5.393496,5.389725,25.579795,139343,3.572474
10277:ApriltagsCameraLog(1):,7,-5.145139,-3.969000,-3.969000,-3.969000,-5.136131,3.531078,3.530969,5.394430,5.391609,25.579795,139344,3.572474
10297:ApriltagsCameraLog(1):,7,-5.136131,-3.791000,-3.791000,-3.791000,-5.127077,3.531537,3.531038,5.405519,5.393019,25.579795,139345,3.572474
10317:ApriltagsCameraLog(1):,7,-5.127077,-3.858000,-3.858000,-3.858000,-5.116711,3.531369,3.531360,5.401345,5.399266,25.579795,139346,3.572474
10337:ApriltagsCameraLog(1):,7,-5.116711,-3.978000,-3.978000,-3.978000,-5.106946,3.531054,3.531376,5.393869,5.400305,25.579795,139347,3.572474
10357:ApriltagsCameraLog(1):,7,-5.106946,-3.932000,-3.932000,-3.932000,-5.098188,3.531176,3.531183,5.396735,5.397089,25.579795,139348,3.572474
10377:ApriltagsCameraLog(1):,7,-5.098188,-3.965000,-3.965000,-3.965000,-5.089141,3.531089,3.531178,5.394679,5.396912,25.579795,139349,3.572474
10397:ApriltagsCameraLog(1):,7,-5.089141,-3.846000,-3.846000,-3.846000,-5.080420,3.533933,3.531122,5.401922,5.395796,25.600108,139350,3.575014
10417:ApriltagsCameraLog(1):,7,-5.080420,-4.106000,-4.106000,-4.106000,-5.070850,3.530701,3.532561,5.385896,5.398844,25.579795,139351,3.572474
10437:ApriltagsCameraLog(1):,7,-5.070850,-3.752000,-3.752000,-3.752000,-5.063365,3.531633,3.531577,5.407949,5.392378,25.579795,139352,3.572474
10457:ApriltagsCameraLog(1):,7,-5.063365,-3.856000,-3.856000,-3.856000,-5.053191,3.531374,3.531694,5.401470,5.400163,25.579795,139353,3.572474
10477:ApriltagsCameraLog(1):,7,-5.053191,-4.081000,-4.081000,-4.081000,-5.043904,3.530771,3.531540,5.387454,5.400818,25.579795,139354,3.572474
10497:ApriltagsCameraLog(1):,7,-5.043904,-3.719000,-3.719000,-3.719000,-5.036433,3.529179,3.531100,5.410170,5.394139,25.559483,139355,3.569935
10518:ApriltagsCameraLog(1):,7,-5.036433,-3.952000,-3.952000,-3.952000,-5.026205,3.531123,3.530231,5.395489,5.402165,25.579795,139356,3.572474
10538:ApriltagsCameraLog(1):,7,-5.026205,-3.999000,-3.999000,-3.999000,-5.017871,3.530997,3.530646,5.392561,5.398823,25.579795,139357,3.572474
10558:ApriltagsCameraLog(1):,7,-5.017871,-4.022000,-4.022000,-4.022000,-5.009967,3.530935,3.530794,5.391129,5.395691,25.579795,139358,3.572474
10577:ApriltagsCameraLog(1):,7,-5.009967,-3.958000,-3.958000,-3.958000,-5.002302,3.531107,3.530845,5.395115,5.393409,25.579795,139359,3.572474
10597:ApriltagsCameraLog(1):,7,-5.002302,-3.993000,-3.993000,-3.993000,-4.994200,3.531013,3.530984,5.392935,5.394261,25.579795,139360,3.572474
