556:ApriltagsCameraLog(1):,tag,last yaw,cam yaw,calc yaw,update yaw, est yaw,x,est x,y,est y,adjust,frame,dist
844:ApriltagsCameraLog(1):,7,-45.400000,-4.271000,-45.400000,-4.271000,-45.400000,2.536372,0.000000,3.071039,0.000000,51.159591,39137,3.572474
1080:ApriltagsCameraLog(1):,7,-45.400000,-4.221000,-45.400000,-4.221000,-44.611478,2.536372,1.757350,3.071039,1.025943,51.159591,39156,3.572474
1104:ApriltagsCameraLog(1):,7,-44.611478,-4.193000,-44.611478,-4.193000,-43.837114,2.570214,2.485300,3.106703,1.873430,51.159591,39159,3.572474
1122:ApriltagsCameraLog(1):,7,-43.837114,-4.284000,-43.837114,-4.284000,-43.077060,2.602967,2.735546,3.142177,2.452246,51.159591,39162,3.572474
1146:ApriltagsCameraLog(1):,7,-43.077060,-4.217000,-43.077060,-4.217000,-42.333322,2.634647,2.786291,3.177422,2.806707,51.159591,39165,3.572474
1168:ApriltagsCameraLog(1):,7,-42.333322,-4.024000,-42.333322,-4.024000,-41.602559,2.665191,2.773642,3.212315,3.010320,51.159591,39169,3.572474
1191:ApriltagsCameraLog(1):,7,-41.602559,-4.310000,-41.602559,-4.310000,-40.882105,2.694758,2.753772,3.246982,3.125330,51.159591,39171,3.572474
1213:ApriltagsCameraLog(1):,7,-40.882105,-4.209000,-40.882105,-4.209000,-40.180948,2.723473,2.744269,3.281527,3.193437,51.159591,39174,3.572474
1243:ApriltagsCameraLog(1):,7,-40.180948,-4.358000,-40.180948,-4.358000,-39.491296,2.751000,2.747766,3.315491,3.239311,51.159591,39176,3.572474
1269:ApriltagsCameraLog(1):,7,-39.491296,-4.347000,-39.491296,-4.347000,-38.817723,2.777668,2.760796,3.349223,3.275781,51.159591,39181,3.572474
1292:ApriltagsCameraLog(1):,7,-38.817723,-4.293000,-38.817723,-4.293000,-38.156853,2.803320,2.779831,3.382477,3.308960,51.159591,39185,3.572474
1310:ApriltagsCameraLog(1):,7,-38.156853,-4.162000,-38.156853,-4.162000,-37.507617,2.828107,2.801911,3.415394,3.341297,51.159591,39186,3.572474
1327:ApriltagsCameraLog(1):,7,-37.507617,-4.374000,-37.507617,-4.374000,-36.868317,2.852086,2.825238,3.448008,3.373613,51.159591,39187,3.572474
1348:ApriltagsCameraLog(1):,7,-36.868317,-4.326000,-36.868317,-4.326000,-36.245339,2.875335,2.848672,3.480386,3.406129,51.159591,39188,3.572474
1365:ApriltagsCameraLog(1):,7,-36.245339,-4.381000,-36.245339,-4.381000,-35.633383,2.897643,2.871825,3.512186,3.438703,51.159591,39189,3.572474
1387:ApriltagsCameraLog(1):,7,-35.633383,-4.396000,-35.633383,-4.396000,-35.034215,2.919217,2.894263,3.543657,3.471126,51.159591,39190,3.572474
1404:ApriltagsCameraLog(1):,7,-35.034215,-4.325000,-35.034215,-4.325000,-34.446821,2.940014,2.915973,3.574692,3.503299,51.159591,39191,3.572474
1422:ApriltagsCameraLog(1):,7,-34.446821,-4.345000,-34.446821,-4.345000,-33.869328,2.960086,2.936938,3.605327,3.535116,51.159591,39192,3.572474
1441:ApriltagsCameraLog(1):,7,-33.869328,-4.332000,-33.869328,-4.332000,-33.303289,2.979512,2.957145,3.635644,3.566559,51.159591,39193,3.572474
1465:ApriltagsCameraLog(1):,7,-33.303289,-4.333000,-33.303289,-4.333000,-32.747854,2.998256,2.976672,3.665549,3.597630,51.159591,39194,3.572474
1483:ApriltagsCameraLog(1):,7,-32.747854,-4.301000,-32.747854,-4.301000,-32.203086,3.016361,2.995517,3.695072,3.628304,51.159591,39195,3.572474
1500:ApriltagsCameraLog(1):,7,-32.203086,-4.207000,-32.203086,-4.207000,-31.668149,3.033839,3.013720,3.724197,3.658573,51.159591,39196,3.572474
1519:ApriltagsCameraLog(1):,7,-31.668149,-4.256000,-31.668149,-4.256000,-31.141666,3.050731,3.031312,3.752957,3.688425,51.159591,39197,3.572474
1548:ApriltagsCameraLog(1):,7,-31.141666,-4.285000,-31.141666,-4.285000,-30.626216,3.067094,3.048281,3.781415,3.717895,51.159591,39198,3.572474
1565:ApriltagsCameraLog(1):,7,-30.626216,-4.132000,-30.626216,-4.132000,-30.121204,3.082859,3.064693,3.809421,3.747004,51.159591,39199,3.572474
1582:ApriltagsCameraLog(1):,7,-30.121204,-4.167000,-30.121204,-4.167000,-29.622941,3.098061,3.080574,3.836997,3.775685,51.159591,39200,3.572474
1602:ApriltagsCameraLog(1):,7,-29.622941,-4.198000,-29.622941,-4.198000,-29.134902,3.112820,3.095863,3.864334,3.803958,51.159591,39201,3.572474
1616:ApriltagsCameraLog(1):,7,-29.134902,-4.284000,-29.134902,-4.284000,-28.656813,3.127046,3.110660,3.891234,3.831885,51.159591,39202,3.572474
1641:ApriltagsCameraLog(1):,7,-28.656813,-4.091000,-28.656813,-4.091000,-28.189539,3.140759,3.124928,3.917702,3.859426,51.159591,39203,3.572474
1655:ApriltagsCameraLog(1):,7,-28.189539,-4.281000,-28.189539,-4.281000,-27.727524,3.153948,3.138745,3.943681,3.886525,51.159591,39204,3.572474
1677:ApriltagsCameraLog(1):,7,-27.727524,-4.206000,-27.727524,-4.206000,-27.278009,3.166779,3.151983,3.969473,3.913200,51.159591,39205,3.572474
1696:ApriltagsCameraLog(1):,7,-27.278009,-4.227000,-27.278009,-4.227000,-26.835674,3.179064,3.164844,3.994665,3.939515,51.159591,39206,3.572474
1721:ApriltagsCameraLog(1):,7,-26.835674,-4.151000,-26.835674,-4.151000,-26.402222,3.190959,3.177204,4.019548,3.965376,51.159591,39207,3.572474
1743:ApriltagsCameraLog(1):,7,-26.402222,-4.332000,-26.402222,-4.332000,-25.975623,3.202428,3.189160,4.044020,3.990830,51.159591,39208,3.572474
1755:ApriltagsCameraLog(1):,7,-25.975623,-4.381000,-25.975623,-4.381000,-25.560673,3.213535,3.200648,4.068189,4.015897,51.159591,39209,3.572474
1780:ApriltagsCameraLog(1):,7,-25.560673,-4.280000,-25.560673,-4.280000,-25.154618,3.224166,3.211763,4.091777,4.040593,51.159591,39210,3.572474
1800:ApriltagsCameraLog(1):,7,-25.154618,-4.130000,-25.154618,-4.130000,-24.754411,3.232104,3.222473,4.116013,4.064809,51.118965,39211,3.569935
1817:ApriltagsCameraLog(1):,7,-24.754411,-4.305000,-24.754411,-4.305000,-24.358693,3.244333,3.231760,4.137826,4.089299,51.159591,39212,3.572474
1842:ApriltagsCameraLog(1):,7,-24.358693,-4.196000,-24.358693,-4.196000,-23.974225,3.251679,3.242151,4.161577,4.112249,51.118965,39213,3.569935
1861:ApriltagsCameraLog(1):,7,-23.974225,-4.351000,-23.974225,-4.351000,-23.594743,3.263228,3.251046,4.182652,4.135875,51.159591,39214,3.572474
1878:ApriltagsCameraLog(1):,7,-23.594743,-4.267000,-23.594743,-4.267000,-23.225803,3.272198,3.260936,4.204547,4.158052,51.159591,39215,3.572474
1899:ApriltagsCameraLog(1):,7,-23.225803,-4.206000,-23.225803,-4.206000,-22.862326,3.280779,3.270291,4.225890,4.180185,51.159591,39216,3.572474
1916:ApriltagsCameraLog(1):,7,-22.862326,-4.140000,-22.862326,-4.140000,-22.504648,3.289098,3.279141,4.246971,4.202009,51.159591,39217,3.572474
1940:ApriltagsCameraLog(1):,7,-22.504648,-4.256000,-22.504648,-4.256000,-22.152563,3.297155,3.287614,4.267767,4.223526,51.159591,39218,3.572474
1956:ApriltagsCameraLog(1):,7,-22.152563,-4.265000,-22.152563,-4.265000,-21.809451,3.304958,3.295737,4.288286,4.244746,51.159591,39219,3.572474
1980:ApriltagsCameraLog(1):,7,-21.809451,-4.197000,-21.809451,-4.197000,-21.473090,3.312441,3.303583,4.308328,4.265663,51.159591,39220,3.572474
1997:ApriltagsCameraLog(1):,7,-21.473090,-4.312000,-21.473090,-4.312000,-21.141874,3.319660,3.311135,4.328019,4.286188,51.159591,39221,3.572474
2025:ApriltagsCameraLog(1):,7,-21.141874,-4.258000,-21.141874,-4.258000,-20.819213,3.326655,3.318382,4.347450,4.306347,51.159591,39222,3.572474
2043:ApriltagsCameraLog(1):,7,-20.819213,-4.217000,-20.819213,-4.217000,-20.501703,3.333362,3.325405,4.366418,4.326177,51.159591,39223,3.572474
2063:ApriltagsCameraLog(1):,7,-20.501703,-4.235000,-20.501703,-4.235000,-20.189493,3.339857,3.332163,4.385119,4.345615,51.159591,39224,3.572474
2084:ApriltagsCameraLog(1):,7,-20.189493,-4.258000,-20.189493,-4.258000,-19.883615,3.346143,3.338684,4.403543,4.364721,51.159591,39225,3.572474
2105:ApriltagsCameraLog(1):,7,-19.883615,-4.100000,-19.883615,-4.100000,-19.584042,3.354592,3.344988,4.420762,4.383520,51.200217,39226,3.575014
2124:ApriltagsCameraLog(1):,7,-19.584042,-4.219000,-19.584042,-4.219000,-19.277414,3.358046,3.352231,4.439368,4.401397,51.159591,39227,3.572474
2143:ApriltagsCameraLog(1):,7,-19.277414,-3.994000,-19.277414,-3.994000,-18.988523,3.361532,3.357572,4.458397,4.419904,51.118965,39228,3.569935
2164:ApriltagsCameraLog(1):,7,-18.988523,-4.133000,-18.988523,-4.133000,-18.700653,3.369384,3.362013,4.474726,4.438793,51.159591,39229,3.572474
2183:ApriltagsCameraLog(1):,7,-18.700653,-4.173000,-18.700653,-4.173000,-18.431363,3.374733,3.367920,4.491860,4.456208,51.159591,39230,3.572474
2213:ApriltagsCameraLog(1):,7,-18.431363,-4.261000,-18.431363,-4.261000,-18.158194,3.379658,3.373484,4.507911,4.473532,51.159591,39231,3.572474
2223:ApriltagsCameraLog(1):,7,-18.158194,-4.127000,-18.158194,-4.127000,-17.891911,3.384577,3.378601,4.524218,4.490275,51.159591,39232,3.572474
2242:ApriltagsCameraLog(1):,7,-17.891911,-4.306000,-17.891911,-4.306000,-17.628011,3.389298,3.383575,4.540136,4.506817,51.159591,39233,3.572474
2262:ApriltagsCameraLog(1):,7,-17.628011,-4.263000,-17.628011,-4.263000,-17.372603,3.393903,3.388324,4.555933,4.523080,51.159591,39234,3.572474
2282:ApriltagsCameraLog(1):,7,-17.372603,-4.243000,-17.372603,-4.243000,-17.121266,3.398291,3.392945,4.571242,4.539126,51.159591,39235,3.572474
2302:ApriltagsCameraLog(1):,7,-17.121266,-4.273000,-17.121266,-4.273000,-16.874365,3.402542,3.397378,4.586325,4.554825,51.159591,39236,3.572474
2322:ApriltagsCameraLog(1):,7,-16.874365,-4.209000,-16.874365,-4.209000,-16.632773,3.406653,3.401649,4.601161,4.570237,51.159591,39237,3.572474
2342:ApriltagsCameraLog(1):,7,-16.632773,-4.302000,-16.632773,-4.302000,-16.394585,3.410614,3.405786,4.615694,4.585375,51.159591,39238,3.572474
2362:ApriltagsCameraLog(1):,7,-16.394585,-4.338000,-16.394585,-4.338000,-16.162747,3.414460,3.409761,4.630039,4.600232,51.159591,39239,3.572474
2383:ApriltagsCameraLog(1):,7,-16.162747,-4.377000,-16.162747,-4.377000,-15.936044,3.418145,3.413611,4.644017,4.614848,51.159591,39240,3.572474
2402:ApriltagsCameraLog(1):,7,-15.936044,-4.284000,-15.936044,-4.284000,-15.714434,3.421695,3.417314,4.657699,4.629161,51.159591,39241,3.572474
2423:ApriltagsCameraLog(1):,7,-15.714434,-4.181000,-15.714434,-4.181000,-15.495291,3.425112,3.420894,4.671088,4.643171,51.159591,39242,3.572474
2442:ApriltagsCameraLog(1):,7,-15.495291,-4.136000,-15.495291,-4.136000,-15.278374,3.428440,3.424348,4.684340,4.656882,51.159591,39243,3.572474
2462:ApriltagsCameraLog(1):,7,-15.278374,-4.304000,-15.278374,-4.304000,-15.064753,3.431684,3.427697,4.697470,4.670375,51.159591,39244,3.572474
2482:ApriltagsCameraLog(1):,7,-15.064753,-4.281000,-15.064753,-4.281000,-14.858449,3.434831,3.430933,4.710413,4.683701,51.159591,39245,3.572474
2502:ApriltagsCameraLog(1):,7,-14.858449,-4.305000,-14.858449,-4.305000,-14.655659,3.437824,3.434086,4.722923,4.696845,51.159591,39246,3.572474
2522:ApriltagsCameraLog(1):,7,-14.655659,-4.278000,-14.655659,-4.278000,-14.457217,3.440722,3.437105,4.735231,4.709685,51.159591,39247,3.572474
2542:ApriltagsCameraLog(1):,7,-14.457217,-4.228000,-14.457217,-4.228000,-14.262061,3.443515,3.440022,4.747284,4.722269,51.159591,39248,3.572474
2567:ApriltagsCameraLog(1):,7,-14.262061,-4.365000,-14.262061,-4.365000,-14.069689,3.446222,3.442839,4.759148,4.734596,51.159591,39249,3.572474
2582:ApriltagsCameraLog(1):,7,-14.069689,-4.341000,-14.069689,-4.341000,-13.883632,3.448850,3.445546,4.770851,4.746704,51.159591,39250,3.572474
2602:ApriltagsCameraLog(1):,7,-13.883632,-4.224000,-13.883632,-4.224000,-13.700681,3.451355,3.448181,4.782178,4.758616,51.159591,39251,3.572474
2622:ApriltagsCameraLog(1):,7,-13.700681,-4.196000,-13.700681,-4.196000,-13.518995,3.453782,3.450720,4.793324,4.770243,51.159591,39252,3.572474
2642:ApriltagsCameraLog(1):,7,-13.518995,-4.163000,-13.518995,-4.163000,-13.340255,3.456157,3.453169,4.804401,4.781637,51.159591,39253,3.572474
2662:ApriltagsCameraLog(1):,7,-13.340255,-4.218000,-13.340255,-4.218000,-13.164309,3.458460,3.455554,4.815305,4.792879,51.159591,39254,3.572474
2683:ApriltagsCameraLog(1):,7,-13.164309,-4.238000,-13.164309,-4.238000,-12.992791,3.460693,3.457863,4.826046,4.803959,51.159591,39255,3.572474
2702:ApriltagsCameraLog(1):,7,-12.992791,-4.130000,-12.992791,-4.130000,-12.824945,3.460363,3.460103,4.837094,4.814876,51.118965,39256,3.569935
2722:ApriltagsCameraLog(1):,7,-12.824945,-4.332000,-12.824945,-4.332000,-12.658116,3.464907,3.461059,4.846782,4.825955,51.159591,39257,3.572474
2742:ApriltagsCameraLog(1):,7,-12.658116,-4.320000,-12.658116,-4.320000,-12.498488,3.466933,3.463722,4.856985,4.836214,51.159591,39258,3.572474
2762:ApriltagsCameraLog(1):,7,-12.498488,-4.289000,-12.498488,-4.289000,-12.341691,3.468844,3.466052,4.866752,4.846470,51.159591,39259,3.572474
2782:ApriltagsCameraLog(1):,7,-12.341691,-4.349000,-12.341691,-4.349000,-12.187305,3.470695,3.468145,4.876352,4.856499,51.159591,39260,3.572474
2802:ApriltagsCameraLog(1):,7,-12.187305,-4.441000,-12.187305,-4.441000,-12.037030,3.472492,3.470084,4.885809,4.866326,51.159591,39261,3.572474
2822:ApriltagsCameraLog(1):,7,-12.037030,-4.250000,-12.037030,-4.250000,-11.891399,3.474216,3.471920,4.895019,4.875976,51.159591,39262,3.572474
2842:ApriltagsCameraLog(1):,7,-11.891399,-4.228000,-11.891399,-4.228000,-11.744899,3.475864,3.473689,4.903948,4.885409,51.159591,39263,3.572474
2862:ApriltagsCameraLog(1):,7,-11.744899,-4.299000,-11.744899,-4.299000,-11.600786,3.477499,3.475372,4.912935,4.894596,51.159591,39264,3.572474
2882:ApriltagsCameraLog(1):,7,-11.600786,-4.317000,-11.600786,-4.317000,-11.450796,3.479085,3.477007,4.921780,4.903688,51.159591,39265,3.572474
2902:ApriltagsCameraLog(1):,7,-11.450796,-4.276000,-11.450796,-4.276000,-11.313836,3.480712,3.478598,4.930990,4.912659,51.159591,39266,3.572474
2922:ApriltagsCameraLog(1):,7,-11.313836,-4.441000,-11.313836,-4.441000,-11.188734,3.482177,3.480207,4.939403,4.921750,51.159591,39267,3.572474
2942:ApriltagsCameraLog(1):,7,-11.188734,-4.273000,-11.188734,-4.273000,-11.059559,3.483497,3.481700,4.947090,4.930510,51.159591,39268,3.572474
2962:ApriltagsCameraLog(1):,7,-11.059559,-4.360000,-11.059559,-4.360000,-10.929620,3.484842,3.483078,4.955032,4.938739,51.159591,39269,3.572474
2981:ApriltagsCameraLog(1):,7,-10.929620,-4.361000,-10.929620,-4.361000,-10.793668,3.486178,3.484417,4.963023,4.946827,51.159591,39270,3.572474
3002:ApriltagsCameraLog(1):,7,-10.793668,-4.474000,-10.793668,-4.474000,-10.660149,3.487555,3.485743,4.971387,4.954868,51.159591,39271,3.572474
3022:ApriltagsCameraLog(1):,7,-10.660149,-4.456000,-10.660149,-4.456000,-10.541194,3.488889,3.487087,4.979604,4.963072,51.159591,39272,3.572474
3042:ApriltagsCameraLog(1):,7,-10.541194,-4.395000,-10.541194,-4.395000,-10.424357,3.490061,3.488419,4.986928,4.971284,51.159591,39273,3.572474
3061:ApriltagsCameraLog(1):,7,-10.424357,-4.326000,-10.424357,-4.326000,-10.308763,3.488700,3.489643,4.994583,4.979057,51.118965,39274,3.569935
3082:ApriltagsCameraLog(1):,7,-10.308763,-4.409000,-10.308763,-4.409000,-10.193972,3.492308,3.489569,5.001245,4.986837,51.159591,39275,3.572474
3102:ApriltagsCameraLog(1):,7,-10.193972,-4.266000,-10.193972,-4.266000,-10.083063,3.493396,3.491294,5.008319,4.993968,51.159591,39276,3.572474
3122:ApriltagsCameraLog(1):,7,-10.083063,-4.281000,-10.083063,-4.281000,-9.971539,3.494434,3.492702,5.015156,5.001085,51.159591,39277,3.572474
3142:ApriltagsCameraLog(1):,7,-9.971539,-4.327000,-9.971539,-4.327000,-9.862440,3.495464,3.493910,5.022033,5.008073,51.159591,39278,3.572474
3161:ApriltagsCameraLog(1):,7,-9.862440,-4.269000,-9.862440,-4.269000,-9.756315,3.496459,3.495017,5.028763,5.015011,51.159591,39279,3.572474
3181:ApriltagsCameraLog(1):,7,-9.756315,-4.269000,-9.756315,-4.269000,-9.651113,3.497414,3.496060,5.035310,5.021848,51.159591,39280,3.572474
3201:ApriltagsCameraLog(1):,7,-9.651113,-4.339000,-9.651113,-4.339000,-9.547927,3.498349,3.497047,5.041803,5.028543,51.159591,39281,3.572474
3221:ApriltagsCameraLog(1):,7,-9.547927,-4.288000,-9.547927,-4.288000,-9.448062,3.499255,3.497993,5.048173,5.035140,51.159591,39282,3.572474
3242:ApriltagsCameraLog(1):,7,-9.448062,-4.255000,-9.448062,-4.255000,-9.349134,3.500121,3.498912,5.054339,5.041624,51.159591,39283,3.572474
3261:ApriltagsCameraLog(1):,7,-9.349134,-4.292000,-9.349134,-4.292000,-9.251469,3.500968,3.499793,5.060449,5.047951,51.159591,39284,3.572474
3281:ApriltagsCameraLog(1):,7,-9.251469,-4.213000,-9.251469,-4.213000,-9.156387,3.501793,3.500645,5.066482,5.054171,51.159591,39285,3.572474
3302:ApriltagsCameraLog(1):,7,-9.156387,-4.274000,-9.156387,-4.274000,-9.061612,3.502587,3.501479,5.072357,5.060299,51.159591,39286,3.572474
3322:ApriltagsCameraLog(1):,7,-9.061612,-4.398000,-9.061612,-4.398000,-8.969825,3.503369,3.502280,5.078215,5.066302,51.159591,39287,3.572474
3342:ApriltagsCameraLog(1):,7,-8.969825,-4.254000,-8.969825,-4.254000,-8.882174,3.504117,3.503057,5.083889,5.072234,51.159591,39288,3.572474
3363:ApriltagsCameraLog(1):,7,-8.882174,-4.210000,-8.882174,-4.210000,-8.793443,3.504822,3.503818,5.089308,5.078037,51.159591,39289,3.572474
3381:ApriltagsCameraLog(1):,7,-8.793443,-4.253000,-8.793443,-4.253000,-8.705569,3.505528,3.504541,5.094795,5.083650,51.159591,39290,3.572474
3401:ApriltagsCameraLog(1):,7,-8.705569,-4.264000,-8.705569,-4.264000,-8.620205,3.506219,3.505247,5.100231,5.089201,51.159591,39291,3.572474
3422:ApriltagsCameraLog(1):,7,-8.620205,-4.228000,-8.620205,-4.228000,-8.536688,3.506882,3.505938,5.105512,5.094695,51.159591,39292,3.572474
3442:ApriltagsCameraLog(1):,7,-8.536688,-4.326000,-8.536688,-4.326000,-8.454082,3.507523,3.506609,5.110680,5.100084,51.159591,39293,3.572474
3461:ApriltagsCameraLog(1):,7,-8.454082,-4.349000,-8.454082,-4.349000,-8.374939,3.508150,3.507253,5.115792,5.105363,51.159591,39294,3.572474
3481:ApriltagsCameraLog(1):,7,-8.374939,-4.306000,-8.374939,-4.306000,-8.307754,3.508743,3.507881,5.120691,5.110560,51.159591,39295,3.572474
3501:ApriltagsCameraLog(1):,7,-8.307754,-4.225000,-8.307754,-4.225000,-8.231224,3.509242,3.508485,5.124850,5.115609,51.159591,39296,3.572474
3522:ApriltagsCameraLog(1):,7,-8.231224,-4.213000,-8.231224,-4.213000,-8.154590,3.509803,3.509021,5.129589,5.120215,51.159591,39297,3.572474
3542:ApriltagsCameraLog(1):,7,-8.154590,-4.332000,-8.154590,-4.332000,-8.079022,3.510360,3.509570,5.134334,5.124887,51.159591,39298,3.572474
3561:ApriltagsCameraLog(1):,7,-8.079022,-4.293000,-8.079022,-4.293000,-8.007184,3.510902,3.510116,5.139015,5.129596,51.159591,39299,3.572474
3582:ApriltagsCameraLog(1):,7,-8.007184,-4.230000,-8.007184,-4.230000,-7.935976,3.511412,3.510659,5.143465,5.134292,51.159591,39300,3.572474
3601:ApriltagsCameraLog(1):,7,-7.935976,-4.284000,-7.935976,-4.284000,-7.864926,3.511912,3.511181,5.147877,5.138865,51.159591,39301,3.572474
3621:ApriltagsCameraLog(1):,7,-7.864926,-4.251000,-7.864926,-4.251000,-7.796272,3.512405,3.511684,5.152279,5.143358,51.159591,39302,3.572474
3641:ApriltagsCameraLog(1):,7,-7.796272,-4.216000,-7.796272,-4.216000,-7.728303,3.512876,3.512180,5.156534,5.147806,51.159591,39303,3.572474
3661:ApriltagsCameraLog(1):,7,-7.728303,-4.296000,-7.728303,-4.296000,-7.650965,3.513338,3.512659,5.160747,5.152158,51.159591,39304,3.572474
3681:ApriltagsCameraLog(1):,7,-7.650965,-4.303000,-7.650965,-4.303000,-7.586452,3.513857,3.513122,5.165541,5.156442,51.159591,39305,3.572474
3701:ApriltagsCameraLog(1):,7,-7.586452,-4.336000,-7.586452,-4.336000,-7.523339,3.514286,3.513618,5.169540,5.160980,51.159591,39306,3.572474
3721:ApriltagsCameraLog(1):,7,-7.523339,-4.337000,-7.523339,-4.337000,-7.462232,3.514700,3.514069,5.173454,5.165250,51.159591,39307,3.572474
3741:ApriltagsCameraLog(1):,7,-7.462232,-4.212000,-7.462232,-4.212000,-7.402315,3.515098,3.514494,5.177243,5.169342,51.159591,39308,3.572474
3761:ApriltagsCameraLog(1):,7,-7.402315,-4.227000,-7.402315,-4.227000,-7.341150,3.515483,3.514904,5.180959,5.173283,51.159591,39309,3.572474
3781:ApriltagsCameraLog(1):,7,-7.341150,-4.296000,-7.341150,-4.296000,-7.281446,3.515873,3.515296,5.184753,5.177113,51.159591,39310,3.572474
3801:ApriltagsCameraLog(1):,7,-7.281446,-4.305000,-7.281446,-4.305000,-7.224209,3.516249,3.515682,5.188456,5.180924,51.159591,39311,3.572474
3821:ApriltagsCameraLog(1):,7,-7.224209,-4.204000,-7.224209,-4.204000,-7.178242,3.519126,3.516060,5.191688,5.184682,51.200217,39312,3.575014
3841:ApriltagsCameraLog(1):,7,-7.178242,-4.219000,-7.178242,-4.219000,-7.121456,3.519411,3.517682,5.194542,5.188145,51.200217,39313,3.575014
3861:ApriltagsCameraLog(1):,7,-7.121456,-4.293000,-7.121456,-4.293000,-7.076007,3.517239,3.518625,5.198383,5.191321,51.159591,39314,3.572474
3881:ApriltagsCameraLog(1):,7,-7.076007,-4.330000,-7.076007,-4.330000,-7.022843,3.517515,3.518016,5.201203,5.194868,51.159591,39315,3.572474
3901:ApriltagsCameraLog(1):,7,-7.022843,-4.276000,-7.022843,-4.276000,-6.971389,3.517835,3.517838,5.204502,5.198041,51.159591,39316,3.572474
3921:ApriltagsCameraLog(1):,7,-6.971389,-4.357000,-6.971389,-4.357000,-6.919713,3.518142,3.517911,5.207696,5.201271,51.159591,39317,3.572474
3941:ApriltagsCameraLog(1):,7,-6.919713,-4.411000,-6.919713,-4.411000,-6.870581,3.518448,3.518097,5.210903,5.204480,51.159591,39318,3.572474
3961:ApriltagsCameraLog(1):,7,-6.870581,-4.403000,-6.870581,-4.403000,-6.823426,3.518735,3.518340,5.213953,5.207688,51.159591,39319,3.572474
3981:ApriltagsCameraLog(1):,7,-6.823426,-4.393000,-6.823426,-4.393000,-6.767022,3.519009,3.518602,5.216881,5.210816,51.159591,39320,3.572474
4001:ApriltagsCameraLog(1):,7,-6.767022,-4.317000,-6.767022,-4.317000,-6.731316,3.519333,3.518867,5.220383,5.213844,51.159591,39321,3.572474
4021:ApriltagsCameraLog(1):,7,-6.731316,-4.316000,-6.731316,-4.316000,-6.685057,3.519536,3.519168,5.222600,5.217108,51.159591,39322,3.572474
4042:ApriltagsCameraLog(1):,7,-6.685057,-4.267000,-6.685057,-4.267000,-6.629810,3.519798,3.519407,5.225472,5.219850,51.159591,39323,3.572474
4061:ApriltagsCameraLog(1):,7,-6.629810,-4.293000,-6.629810,-4.293000,-6.574319,3.520107,3.519660,5.228903,5.222657,51.159591,39324,3.572474
4081:ApriltagsCameraLog(1):,7,-6.574319,-4.324000,-6.574319,-4.324000,-6.530217,3.520414,3.519945,5.232349,5.225775,51.159591,39325,3.572474
4101:ApriltagsCameraLog(1):,7,-6.530217,-4.276000,-6.530217,-4.276000,-6.487747,3.520656,3.520242,5.235088,5.229057,51.159591,39326,3.572474
4122:ApriltagsCameraLog(1):,7,-6.487747,-4.329000,-6.487747,-4.329000,-6.445344,3.520887,3.520506,5.237726,5.232068,51.159591,39327,3.572474
4141:ApriltagsCameraLog(1):,7,-6.445344,-4.278000,-6.445344,-4.278000,-6.404770,3.521115,3.520748,5.240360,5.234894,51.159591,39328,3.572474
4161:ApriltagsCameraLog(1):,7,-6.404770,-4.219000,-6.404770,-4.219000,-6.363995,3.521332,3.520981,5.242881,5.237623,51.159591,39329,3.572474
4181:ApriltagsCameraLog(1):,7,-6.363995,-4.287000,-6.363995,-4.287000,-6.322872,3.521548,3.521205,5.245414,5.240249,51.159591,39330,3.572474
4201:ApriltagsCameraLog(1):,7,-6.322872,-4.183000,-6.322872,-4.183000,-6.283840,3.521765,3.521422,5.247969,5.242828,51.159591,39331,3.572474
4221:ApriltagsCameraLog(1):,7,-6.283840,-4.195000,-6.283840,-4.195000,-6.243563,3.521968,3.521639,5.250394,5.245395,51.159591,39332,3.572474
4241:ApriltagsCameraLog(1):,7,-6.243563,-4.256000,-4.256000,-4.256000,-6.204288,3.530265,3.521848,5.376554,5.247892,25.579795,39333,3.572474
4261:ApriltagsCameraLog(1):,7,-6.204288,-4.284000,-4.284000,-4.284000,-6.130988,3.530180,3.527108,5.374810,5.312148,25.579795,39334,3.572474
4281:ApriltagsCameraLog(1):,7,-6.130988,-4.329000,-4.329000,-4.329000,-6.061500,3.530043,3.529130,5.372008,5.343453,25.579795,39335,3.572474
4301:ApriltagsCameraLog(1):,7,-6.061500,-4.303000,-4.303000,-4.303000,-5.996319,3.530123,3.529795,5.373627,5.357723,25.579795,39336,3.572474
4321:ApriltagsCameraLog(1):,7,-5.996319,-4.360000,-4.360000,-4.360000,-5.932612,3.529948,3.530072,5.370077,5.365672,25.579795,39337,3.572474
4341:ApriltagsCameraLog(1):,7,-5.932612,-4.182000,-4.182000,-4.182000,-5.873446,3.530483,3.530039,5.381163,5.367875,25.579795,39338,3.572474
4361:ApriltagsCameraLog(1):,7,-5.873446,-4.324000,-4.324000,-4.324000,-5.809810,3.530059,3.530355,5.372319,5.374515,25.579795,39339,3.572474
4381:ApriltagsCameraLog(1):,7,-5.809810,-4.328000,-4.328000,-4.328000,-5.753910,3.530047,3.530193,5.372070,5.373419,25.579795,39340,3.572474
4401:ApriltagsCameraLog(1):,7,-5.753910,-4.286000,-4.286000,-4.286000,-5.700263,3.530174,3.530112,5.374685,5.372745,25.579795,39341,3.572474
4421:ApriltagsCameraLog(1):,7,-5.700263,-4.214000,-4.214000,-4.214000,-5.647055,3.530389,3.530155,5.379170,5.373715,25.579795,39342,3.572474
4441:ApriltagsCameraLog(1):,7,-5.647055,-4.182000,-4.182000,-4.182000,-5.593140,3.530483,3.530305,5.381163,5.376441,25.579795,39343,3.572474
4461:ApriltagsCameraLog(1):,7,-5.593140,-4.228000,-4.228000,-4.228000,-5.540049,3.530348,3.530422,5.378298,5.378801,25.579795,39344,3.572474
4481:ApriltagsCameraLog(1):,7,-5.540049,-4.264000,-4.264000,-4.264000,-5.490687,3.530241,3.530382,5.376056,5.378549,25.579795,39345,3.572474
4501:ApriltagsCameraLog(1):,7,-5.490687,-4.278000,-4.278000,-4.278000,-5.444535,3.530199,3.530299,5.375184,5.377303,25.579795,39346,3.572474
4521:ApriltagsCameraLog(1):,7,-5.444535,-4.078000,-4.078000,-4.078000,-5.400647,3.530780,3.530238,5.387640,5.376244,25.579795,39347,3.572474
4541:ApriltagsCameraLog(1):,7,-5.400647,-4.086000,-4.086000,-4.086000,-5.350886,3.530757,3.530572,5.387142,5.381939,25.579795,39348,3.572474
4561:ApriltagsCameraLog(1):,7,-5.350886,-4.215000,-4.215000,-4.215000,-5.303298,3.530386,3.530692,5.379107,5.384539,25.579795,39349,3.572474
4581:ApriltagsCameraLog(1):,7,-5.303298,-4.043000,-4.043000,-4.043000,-5.262353,3.528343,3.530515,5.390000,5.381825,25.559483,39350,3.569935
4601:ApriltagsCameraLog(1):,7,-5.262353,-4.126000,-4.126000,-4.126000,-5.216443,3.530644,3.529471,5.384651,5.385923,25.579795,39351,3.572474
4621:ApriltagsCameraLog(1):,7,-5.216443,-4.215000,-4.215000,-4.215000,-5.175418,3.530386,3.530052,5.379107,5.385282,25.579795,39352,3.572474
4641:ApriltagsCameraLog(1):,7,-5.175418,-4.202000,-4.202000,-4.202000,-5.139284,3.530425,3.530194,5.379917,5.382193,25.579795,39353,3.572474
4661:ApriltagsCameraLog(1):,7,-5.139284,-3.908000,-3.908000,-3.908000,-5.104021,3.531239,3.530300,5.398230,5.381054,25.579795,39354,3.572474
4681:ApriltagsCameraLog(1):,7,-5.104021,-4.254000,-4.254000,-4.254000,-5.059024,3.530271,3.530856,5.376678,5.389637,25.579795,39355,3.572474
4701:ApriltagsCameraLog(1):,7,-5.059024,-4.216000,-4.216000,-4.216000,-5.028737,3.530383,3.530520,5.379045,5.383160,25.579795,39356,3.572474
4721:ApriltagsCameraLog(1):,7,-5.028737,-4.305000,-4.305000,-4.305000,-4.998160,3.530117,3.530437,5.373502,5.381103,25.579795,39357,3.572474
4741:ApriltagsCameraLog(1):,7,-4.998160,-4.280000,-4.280000,-4.280000,-4.972081,3.530193,3.530255,5.375059,5.377304,25.579795,39358,3.572474
4761:ApriltagsCameraLog(1):,7,-4.972081,-4.210000,-4.210000,-4.210000,-4.946043,3.530401,3.530217,5.379419,5.376181,25.579795,39359,3.572474
4781:ApriltagsCameraLog(1):,7,-4.946043,-4.197000,-4.197000,-4.197000,-4.918351,3.530439,3.530319,5.380228,5.377800,25.579795,39360,3.572474
4801:ApriltagsCameraLog(1):,7,-4.918351,-4.239000,-4.239000,-4.239000,-4.891212,3.530315,3.530387,5.377613,5.379014,25.579795,39361,3.572474
4821:ApriltagsCameraLog(1):,7,-4.891212,-4.303000,-4.303000,-4.303000,-4.866674,3.530123,3.530347,5.373627,5.378313,25.579795,39362,3.572474
4841:ApriltagsCameraLog(1):,7,-4.866674,-4.313000,-4.313000,-4.313000,-4.845468,3.530092,3.530224,5.373004,5.375971,25.579795,39363,3.572474
4861:ApriltagsCameraLog(1):,7,-4.845468,-4.304000,-4.304000,-4.304000,-4.825435,3.530120,3.530152,5.373564,5.374488,25.579795,39364,3.572474
4881:ApriltagsCameraLog(1):,7,-4.825435,-4.136000,-4.136000,-4.136000,-4.805817,3.530616,3.530134,5.384028,5.374026,25.579795,39365,3.572474
4901:ApriltagsCameraLog(1):,7,-4.805817,-4.196000,-4.196000,-4.196000,-4.780617,3.530442,3.530403,5.380291,5.379025,25.579795,39366,3.572474
4921:ApriltagsCameraLog(1):,7,-4.780617,-4.232000,-4.232000,-4.232000,-4.758622,3.530336,3.530426,5.378049,5.379658,25.579795,39367,3.572474
4941:ApriltagsCameraLog(1):,7,-4.758622,-4.214000,-4.214000,-4.214000,-4.738809,3.530389,3.530377,5.379170,5.378853,25.579795,39368,3.572474
4961:ApriltagsCameraLog(1):,7,-4.738809,-4.119000,-4.119000,-4.119000,-4.719065,3.530664,3.530384,5.385087,5.379011,25.579795,39369,3.572474
4981:ApriltagsCameraLog(1):,7,-4.719065,-4.117000,-4.117000,-4.117000,-4.696489,3.530670,3.530539,5.385211,5.382048,25.579795,39370,3.572474
5001:ApriltagsCameraLog(1):,7,-4.696489,-4.282000,-4.282000,-4.282000,-4.674687,3.530187,3.530612,5.374935,5.383629,25.579795,39371,3.572474
5021:ApriltagsCameraLog(1):,7,-4.674687,-4.451000,-4.451000,-4.451000,-4.659913,3.529661,3.530385,5.364410,5.379283,25.579795,39372,3.572474
5041:ApriltagsCameraLog(1):,7,-4.659913,-4.485000,-4.485000,-4.485000,-4.652053,3.529551,3.530010,5.362293,5.371847,25.579795,39373,3.572474
5061:ApriltagsCameraLog(1):,7,-4.652053,-4.384000,-4.384000,-4.384000,-4.645768,3.529873,3.529774,5.368582,5.367070,25.579795,39374,3.572474
5081:ApriltagsCameraLog(1):,7,-4.645768,-4.418000,-4.418000,-4.418000,-4.635920,3.529766,3.529825,5.366465,5.367826,25.579795,39375,3.572474
5101:ApriltagsCameraLog(1):,7,-4.635920,-4.383000,-4.383000,-4.383000,-4.627721,3.529876,3.529794,5.368645,5.367146,25.579795,39376,3.572474
5121:ApriltagsCameraLog(1):,7,-4.627721,-4.297000,-4.297000,-4.297000,-4.618514,3.530141,3.529837,5.374000,5.367895,25.579795,39377,3.572474
5141:ApriltagsCameraLog(1):,7,-4.618514,-4.311000,-4.311000,-4.311000,-4.606418,3.530099,3.529997,5.373128,5.370947,25.579795,39378,3.572474
5165:ApriltagsCameraLog(1):,7,-4.606418,-4.323000,-4.323000,-4.323000,-4.595303,3.530062,3.530051,5.372381,5.372038,25.579795,39379,3.572474
5181:ApriltagsCameraLog(1):,7,-4.595303,-4.299000,-4.299000,-4.299000,-4.585059,3.530135,3.530057,5.373876,5.372209,25.579795,39380,3.572474
5201:ApriltagsCameraLog(1):,7,-4.585059,-4.267000,-4.267000,-4.267000,-4.574296,3.530232,3.530098,5.375869,5.373043,25.579795,39381,3.572474
5221:ApriltagsCameraLog(1):,7,-4.574296,-4.292000,-4.292000,-4.292000,-4.562735,3.530156,3.530168,5.374312,5.374455,25.579795,39382,3.572474
5241:ApriltagsCameraLog(1):,7,-4.562735,-3.995000,-3.995000,-3.995000,-4.552549,3.531008,3.530162,5.392811,5.374384,25.579795,39383,3.572474
5261:ApriltagsCameraLog(1):,7,-4.552549,-4.298000,-4.298000,-4.298000,-4.531573,3.530138,3.530628,5.373938,5.383595,25.579795,39384,3.572474
5301:ApriltagsCameraLog(1):,7,-4.531573,-4.356000,-4.356000,-4.356000,-4.522785,3.529960,3.530374,5.370326,5.378767,25.579795,39385,3.572474
5321:ApriltagsCameraLog(1):,7,-4.522785,-4.065000,-4.065000,-4.065000,-4.516510,3.530816,3.530161,5.388450,5.374547,25.579795,39387,3.572474
5341:ApriltagsCameraLog(1):,7,-4.516510,-4.235000,-4.235000,-4.235000,-4.489862,3.532860,3.530514,5.377674,5.381497,25.600108,39388,3.575014
5361:ApriltagsCameraLog(1):,7,-4.489862,-4.231000,-4.231000,-4.231000,-4.479905,3.530339,3.531683,5.378111,5.379583,25.579795,39389,3.572474
5381:ApriltagsCameraLog(1):,7,-4.479905,-3.828000,-3.828000,-3.828000,-4.470202,3.531445,3.531009,5.403214,5.378848,25.579795,39390,3.572474
5401:ApriltagsCameraLog(1):,7,-4.470202,-4.213000,-4.213000,-4.213000,-4.446041,3.530392,3.531293,5.379232,5.391030,25.579795,39391,3.572474
5421:ApriltagsCameraLog(1):,7,-4.446041,-4.304000,-4.304000,-4.304000,-4.437273,3.530120,3.530831,5.373564,5.385132,25.579795,39392,3.572474
5441:ApriltagsCameraLog(1):,7,-4.437273,-4.235000,-4.235000,-4.235000,-4.432259,3.527794,3.530469,5.378049,5.379349,25.559483,39393,3.569935
5461:ApriltagsCameraLog(1):,7,-4.432259,-4.226000,-4.226000,-4.226000,-4.434832,3.527821,3.529130,5.378609,5.378701,25.559483,39394,3.569935
5481:ApriltagsCameraLog(1):,7,-4.434832,-4.221000,-4.221000,-4.221000,-4.427346,3.530369,3.528476,5.378734,5.378656,25.579795,39395,3.572474
5501:ApriltagsCameraLog(1):,7,-4.427346,-4.113000,-4.113000,-4.113000,-4.419902,3.530681,3.529422,5.385460,5.378693,25.579795,39396,3.572474
5521:ApriltagsCameraLog(1):,7,-4.419902,-4.190000,-4.190000,-4.190000,-4.408356,3.530460,3.530060,5.380664,5.382075,25.579795,39397,3.572474
5541:ApriltagsCameraLog(1):,7,-4.408356,-4.221000,-4.221000,-4.221000,-4.400141,3.530369,3.530259,5.378734,5.381369,25.579795,39398,3.572474
5561:ApriltagsCameraLog(1):,7,-4.400141,-4.175000,-4.175000,-4.175000,-4.383401,3.530503,3.530312,5.381599,5.380051,25.579795,39399,3.572474
5581:ApriltagsCameraLog(1):,7,-4.383401,-4.220000,-4.220000,-4.220000,-4.375184,3.530372,3.530409,5.378796,5.380825,25.579795,39400,3.572474
5601:ApriltagsCameraLog(1):,7,-4.375184,-4.242000,-4.242000,-4.242000,-4.368988,3.530306,3.530389,5.377426,5.379810,25.579795,39401,3.572474
5621:ApriltagsCameraLog(1):,7,-4.368988,-4.008000,-4.008000,-4.008000,-4.364211,3.528439,3.530346,5.392178,5.378618,25.559483,39402,3.569935
5641:ApriltagsCameraLog(1):,7,-4.364211,-4.338000,-4.338000,-4.338000,-4.350799,3.530016,3.529413,5.371447,5.385401,25.579795,39403,3.572474
5661:ApriltagsCameraLog(1):,7,-4.350799,-4.268000,-4.268000,-4.268000,-4.350317,3.530229,3.529714,5.375806,5.378424,25.579795,39404,3.572474
5681:ApriltagsCameraLog(1):,7,-4.350317,-4.318000,-4.318000,-4.318000,-4.347220,3.530077,3.529970,5.372693,5.377115,25.579795,39405,3.572474
5702:ApriltagsCameraLog(1):,7,-4.347220,-4.278000,-4.278000,-4.278000,-4.346121,3.530199,3.530023,5.375184,5.374904,25.579795,39406,3.572474
5721:ApriltagsCameraLog(1):,7,-4.346121,-4.245000,-4.245000,-4.245000,-4.343558,3.530297,3.530111,5.377239,5.375044,25.579795,39407,3.572474
5741:ApriltagsCameraLog(1):,7,-4.343558,-4.340000,-4.340000,-4.340000,-4.339850,3.530010,3.530205,5.371322,5.376141,25.579795,39408,3.572474
5761:ApriltagsCameraLog(1):,7,-4.339850,-4.336000,-4.336000,-4.336000,-4.339856,3.530022,3.530107,5.371572,5.373732,25.579795,39409,3.572474
5781:ApriltagsCameraLog(1):,7,-4.339856,-4.302000,-4.302000,-4.302000,-4.339711,3.530126,3.530065,5.373689,5.372652,25.579795,39410,3.572474
5801:ApriltagsCameraLog(1):,7,-4.339711,-4.238000,-4.238000,-4.238000,-4.338292,3.530318,3.530095,5.377675,5.373170,25.579795,39411,3.572474
5821:ApriltagsCameraLog(1):,7,-4.338292,-4.322000,-4.322000,-4.322000,-4.334519,3.530065,3.530209,5.372443,5.375422,25.579795,39412,3.572474
5841:ApriltagsCameraLog(1):,7,-4.334519,-4.176000,-4.176000,-4.176000,-4.334048,3.530500,3.530137,5.381536,5.373933,25.579795,39413,3.572474
5861:ApriltagsCameraLog(1):,7,-4.334048,-4.220000,-4.220000,-4.220000,-4.328101,3.530372,3.530324,5.378796,5.377734,25.579795,39414,3.572474
5881:ApriltagsCameraLog(1):,7,-4.328101,-4.386000,-4.386000,-4.386000,-4.324034,3.529867,3.530348,5.368458,5.378265,25.579795,39415,3.572474
5901:ApriltagsCameraLog(1):,7,-4.324034,-4.198000,-4.198000,-4.198000,-4.326366,3.530436,3.530110,5.380166,5.373361,25.579795,39416,3.572474
5926:ApriltagsCameraLog(1):,7,-4.326366,-4.276000,-4.276000,-4.276000,-4.321536,3.530205,3.530277,5.375308,5.376764,25.579795,39417,3.572474
5941:ApriltagsCameraLog(1):,7,-4.321536,-4.202000,-4.202000,-4.202000,-4.319823,3.530425,3.530240,5.379917,5.376036,25.579795,39418,3.572474
5961:ApriltagsCameraLog(1):,7,-4.319823,-4.285000,-4.285000,-4.285000,-4.315390,3.530177,3.530334,5.374748,5.377976,25.579795,39419,3.572474
5981:ApriltagsCameraLog(1):,7,-4.315390,-4.228000,-4.228000,-4.228000,-4.314247,3.530348,3.530256,5.378298,5.376362,25.579795,39420,3.572474
6001:ApriltagsCameraLog(1):,7,-4.314247,-4.296000,-4.296000,-4.296000,-4.311002,3.530144,3.530302,5.374063,5.377330,25.579795,39421,3.572474
6021:ApriltagsCameraLog(1):,7,-4.311002,-4.060000,-4.060000,-4.060000,-4.310438,3.530830,3.530223,5.388762,5.375696,25.579795,39422,3.572474
6041:ApriltagsCameraLog(1):,7,-4.310438,-4.132000,-4.132000,-4.132000,-4.291016,3.528094,3.530540,5.384460,5.382228,25.559483,39423,3.569935
6061:ApriltagsCameraLog(1):,7,-4.291016,-4.130000,-4.130000,-4.130000,-4.284652,3.530633,3.529318,5.384401,5.383346,25.579795,39424,3.572474
6081:ApriltagsCameraLog(1):,7,-4.284652,-4.139000,-4.139000,-4.139000,-4.278495,3.530607,3.529976,5.383841,5.383873,25.579795,39425,3.572474
6101:ApriltagsCameraLog(1):,7,-4.278495,-4.281000,-4.281000,-4.281000,-4.273247,3.530190,3.530292,5.374997,5.383856,25.579795,39426,3.572474
6121:ApriltagsCameraLog(1):,7,-4.273247,-4.232000,-4.232000,-4.232000,-4.273538,3.530336,3.530241,5.378049,5.379427,25.579795,39427,3.572474
6141:ApriltagsCameraLog(1):,7,-4.273538,-4.257000,-4.257000,-4.257000,-4.271976,3.530262,3.530288,5.376492,5.378738,25.579795,39428,3.572474
6161:ApriltagsCameraLog(1):,7,-4.271976,-4.265000,-4.265000,-4.265000,-4.271412,3.530238,3.530275,5.375993,5.377615,25.579795,39429,3.572474
6181:ApriltagsCameraLog(1):,7,-4.271412,-4.287000,-4.287000,-4.287000,-4.271171,3.530171,3.530256,5.374623,5.376804,25.579795,39430,3.572474
6201:ApriltagsCameraLog(1):,7,-4.271171,-4.255000,-4.255000,-4.255000,-4.271767,3.530268,3.530214,5.376616,5.375714,25.579795,39431,3.572474
6221:ApriltagsCameraLog(1):,7,-4.271767,-4.282000,-4.282000,-4.282000,-4.271136,3.530187,3.530241,5.374935,5.376165,25.579795,39432,3.572474
6241:ApriltagsCameraLog(1):,7,-4.271136,-4.291000,-4.291000,-4.291000,-4.271544,3.530159,3.530214,5.374374,5.375550,25.579795,39433,3.572474
6261:ApriltagsCameraLog(1):,7,-4.271544,-4.311000,-4.311000,-4.311000,-4.272276,3.530099,3.530187,5.373128,5.374962,25.579795,39434,3.572474
6281:ApriltagsCameraLog(1):,7,-4.272276,-4.323000,-4.323000,-4.323000,-4.273733,3.530062,3.530143,5.372381,5.374045,25.579795,39435,3.572474
6301:ApriltagsCameraLog(1):,7,-4.273733,-4.296000,-4.296000,-4.296000,-4.275587,3.530144,3.530103,5.374063,5.373213,25.579795,39436,3.572474
6321:ApriltagsCameraLog(1):,7,-4.275587,-4.188000,-4.188000,-4.188000,-4.276355,3.530465,3.530123,5.380789,5.373638,25.579795,39437,3.572474
6341:ApriltagsCameraLog(1):,7,-4.276355,-4.314000,-4.314000,-4.314000,-4.273031,3.530089,3.530297,5.372942,5.377213,25.579795,39438,3.572474
6361:ApriltagsCameraLog(1):,7,-4.273031,-4.257000,-4.257000,-4.257000,-4.274572,3.530262,3.530194,5.376492,5.375077,25.579795,39439,3.572474
6381:ApriltagsCameraLog(1):,7,-4.274572,-4.201000,-4.201000,-4.201000,-4.273911,3.530427,3.530228,5.379979,5.375784,25.579795,39440,3.572474
6401:ApriltagsCameraLog(1):,7,-4.273911,-4.203000,-4.203000,-4.203000,-4.271168,3.530422,3.530329,5.379855,5.377882,25.579795,39441,3.572474
6421:ApriltagsCameraLog(1):,7,-4.271168,-4.085000,-4.085000,-4.085000,-4.268603,3.530760,3.530376,5.387204,5.378868,25.579795,39442,3.572474
6441:ApriltagsCameraLog(1):,7,-4.268603,-4.168000,-4.168000,-4.168000,-4.261696,3.527990,3.530574,5.382219,5.383036,25.559483,39443,3.569935
6461:ApriltagsCameraLog(1):,7,-4.261696,-4.317000,-4.317000,-4.317000,-4.258168,3.530080,3.529282,5.372755,5.382629,25.579795,39444,3.572474
6481:ApriltagsCameraLog(1):,7,-4.258168,-4.314000,-4.314000,-4.314000,-4.260381,3.530089,3.529684,5.372942,5.377692,25.579795,39445,3.572474
6501:ApriltagsCameraLog(1):,7,-4.260381,-4.320000,-4.320000,-4.320000,-4.262399,3.530071,3.529888,5.372568,5.375317,25.579795,39446,3.572474
6521:ApriltagsCameraLog(1):,7,-4.262399,-4.291000,-4.291000,-4.291000,-4.264566,3.530159,3.529980,5.374374,5.373942,25.579795,39447,3.572474
6541:ApriltagsCameraLog(1):,7,-4.264566,-4.328000,-4.328000,-4.328000,-4.265560,3.530047,3.530070,5.372070,5.374158,25.579795,39448,3.572474
6561:ApriltagsCameraLog(1):,7,-4.265560,-4.326000,-4.326000,-4.326000,-4.267909,3.530053,3.530059,5.372194,5.373114,25.579795,39449,3.572474
6581:ApriltagsCameraLog(1):,7,-4.267909,-4.088000,-4.088000,-4.088000,-4.270095,3.528218,3.530056,5.387199,5.372654,25.559483,39450,3.569935
6601:ApriltagsCameraLog(1):,7,-4.270095,-4.394000,-4.394000,-4.394000,-4.263239,3.529842,3.529148,5.367960,5.379928,25.579795,39451,3.572474
6621:ApriltagsCameraLog(1):,7,-4.263239,-4.359000,-4.359000,-4.359000,-4.268158,3.529951,3.529501,5.370139,5.373944,25.579795,39452,3.572474
6641:ApriltagsCameraLog(1):,7,-4.268158,-4.217000,-4.217000,-4.217000,-4.271576,3.530380,3.529728,5.378983,5.372042,25.579795,39453,3.572474
6661:ApriltagsCameraLog(1):,7,-4.271576,-4.272000,-4.272000,-4.272000,-4.269523,3.530217,3.530056,5.375557,5.375512,25.579795,39454,3.572474
6681:ApriltagsCameraLog(1):,7,-4.269523,-4.133000,-4.133000,-4.133000,-4.269616,3.530624,3.530136,5.384215,5.375535,25.579795,39455,3.572474
6701:ApriltagsCameraLog(1):,7,-4.269616,-4.278000,-4.278000,-4.278000,-4.264476,3.530199,3.530385,5.375184,5.379874,25.579795,39456,3.572474
6721:ApriltagsCameraLog(1):,7,-4.264476,-4.216000,-4.216000,-4.216000,-4.264985,3.530383,3.530292,5.379045,5.377529,25.579795,39457,3.572474
6741:ApriltagsCameraLog(1):,7,-4.264985,-4.328000,-4.328000,-4.328000,-4.263142,3.530047,3.530338,5.372070,5.378287,25.579795,39458,3.572474
6761:ApriltagsCameraLog(1):,7,-4.263142,-4.371000,-4.371000,-4.371000,-4.265582,3.529914,3.530194,5.369392,5.375178,25.579795,39459,3.572474
6781:ApriltagsCameraLog(1):,7,-4.265582,-4.139000,-4.139000,-4.139000,-4.269548,3.528074,3.530056,5.384024,5.372285,25.559483,39460,3.569935
6801:ApriltagsCameraLog(1):,7,-4.269548,-4.251000,-4.251000,-4.251000,-4.264633,3.530280,3.529071,5.376865,5.378156,25.579795,39461,3.572474
6821:ApriltagsCameraLog(1):,7,-4.264633,-4.297000,-4.297000,-4.297000,-4.264120,3.530141,3.529675,5.374000,5.377510,25.579795,39462,3.572474
6841:ApriltagsCameraLog(1):,7,-4.264120,-4.285000,-4.285000,-4.285000,-4.265357,3.530177,3.529909,5.374748,5.375755,25.579795,39463,3.572474
6861:ApriltagsCameraLog(1):,7,-4.265357,-4.221000,-4.221000,-4.221000,-4.266096,3.530369,3.530043,5.378734,5.375252,25.579795,39464,3.572474
6881:ApriltagsCameraLog(1):,7,-4.266096,-4.147000,-4.147000,-4.147000,-4.264399,3.530584,3.530207,5.383343,5.376993,25.579795,39465,3.572474
6901:ApriltagsCameraLog(1):,7,-4.264399,-4.321000,-4.321000,-4.321000,-4.259982,3.530068,3.530398,5.372506,5.380167,25.579795,39466,3.572474
6921:ApriltagsCameraLog(1):,7,-4.259982,-4.332000,-4.332000,-4.332000,-4.262278,3.527502,3.530235,5.372013,5.376336,25.559483,39467,3.569935
6941:ApriltagsCameraLog(1):,7,-4.262278,-4.299000,-4.299000,-4.299000,-4.264903,3.530135,3.528870,5.373876,5.374174,25.579795,39468,3.572474
6961:ApriltagsCameraLog(1):,7,-4.264903,-4.311000,-4.311000,-4.311000,-4.266186,3.530099,3.529502,5.373128,5.374025,25.579795,39469,3.572474
6981:ApriltagsCameraLog(1):,7,-4.266186,-4.342000,-4.342000,-4.342000,-4.267872,3.530003,3.529801,5.371198,5.373577,25.579795,39470,3.572474
7001:ApriltagsCameraLog(1):,7,-4.267872,-4.246000,-4.246000,-4.246000,-4.270661,3.530294,3.529903,5.377177,5.372387,25.579795,39471,3.572474
7021:ApriltagsCameraLog(1):,7,-4.270661,-4.243000,-4.243000,-4.243000,-4.269733,3.530303,3.530099,5.377363,5.374782,25.579795,39472,3.572474
7042:ApriltagsCameraLog(1):,7,-4.269733,-4.365000,-4.365000,-4.365000,-4.268727,3.529932,3.530202,5.369766,5.376073,25.579795,39473,3.572474
7061:ApriltagsCameraLog(1):,7,-4.268727,-4.163000,-4.163000,-4.163000,-4.272349,3.530538,3.530069,5.382346,5.372919,25.579795,39474,3.572474
7081:ApriltagsCameraLog(1):,7,-4.272349,-4.251000,-4.251000,-4.251000,-4.268235,3.530280,3.530308,5.376865,5.377632,25.579795,39475,3.572474
7101:ApriltagsCameraLog(1):,7,-4.268235,-4.281000,-4.281000,-4.281000,-4.267587,3.530190,3.530294,5.374997,5.377249,25.579795,39476,3.572474
7121:ApriltagsCameraLog(1):,7,-4.267587,-4.321000,-4.321000,-4.321000,-4.268092,3.530068,3.530242,5.372506,5.376123,25.579795,39477,3.572474
7141:ApriltagsCameraLog(1):,7,-4.268092,-4.331000,-4.331000,-4.331000,-4.270082,3.530037,3.530156,5.371883,5.374314,25.579795,39478,3.572474
7161:ApriltagsCameraLog(1):,7,-4.270082,-4.331000,-4.331000,-4.331000,-4.272374,3.530037,3.530097,5.371883,5.373099,25.579795,39479,3.572474
7181:ApriltagsCameraLog(1):,7,-4.272374,-4.211000,-4.211000,-4.211000,-4.274580,3.530398,3.530068,5.379356,5.372491,25.579795,39480,3.572474
7201:ApriltagsCameraLog(1):,7,-4.274580,-4.269000,-4.269000,-4.269000,-4.272188,3.530226,3.530235,5.375744,5.375923,25.579795,39481,3.572474
7221:ApriltagsCameraLog(1):,7,-4.272188,-4.263000,-4.263000,-4.263000,-4.272068,3.530244,3.530230,5.376118,5.375834,25.579795,39482,3.572474
7241:ApriltagsCameraLog(1):,7,-4.272068,-4.259000,-4.259000,-4.259000,-4.271727,3.532789,3.530237,5.376178,5.375976,25.600108,39483,3.575014
7265:ApriltagsCameraLog(1):,7,-4.271727,-4.322000,-4.322000,-4.322000,-4.271248,3.530065,3.531513,5.372443,5.376077,25.579795,39484,3.572474
7281:ApriltagsCameraLog(1):,7,-4.271248,-4.331000,-4.331000,-4.331000,-4.273158,3.530037,3.530790,5.371883,5.374260,25.579795,39485,3.572474
7301:ApriltagsCameraLog(1):,7,-4.273158,-4.270000,-4.270000,-4.270000,-4.275334,3.530223,3.530414,5.375682,5.373071,25.579795,39486,3.572474
7321:ApriltagsCameraLog(1):,7,-4.275334,-4.294000,-4.294000,-4.294000,-4.275133,3.530150,3.530318,5.374187,5.374377,25.579795,39487,3.572474
7341:ApriltagsCameraLog(1):,7,-4.275133,-4.277000,-4.277000,-4.277000,-4.275843,3.530202,3.530234,5.375246,5.374282,25.579795,39488,3.572474
7361:ApriltagsCameraLog(1):,7,-4.275843,-4.233000,-4.233000,-4.233000,-4.275886,3.530333,3.530218,5.377986,5.374764,25.579795,39489,3.572474
7381:ApriltagsCameraLog(1):,7,-4.275886,-4.296000,-4.296000,-4.296000,-4.274273,3.530144,3.530276,5.374063,5.376375,25.579795,39490,3.572474
7401:ApriltagsCameraLog(1):,7,-4.274273,-4.275000,-4.275000,-4.275000,-4.275090,3.530208,3.530210,5.375370,5.375219,25.579795,39491,3.572474
7421:ApriltagsCameraLog(1):,7,-4.275090,-4.342000,-4.342000,-4.342000,-4.275087,3.530003,3.530209,5.371198,5.375295,25.579795,39492,3.572474
7441:ApriltagsCameraLog(1):,7,-4.275087,-4.345000,-4.345000,-4.345000,-4.277604,3.529994,3.530107,5.371011,5.373246,25.579795,39493,3.572474
7461:ApriltagsCameraLog(1):,7,-4.277604,-4.294000,-4.294000,-4.294000,-4.280140,3.530150,3.530051,5.374187,5.372129,25.579795,39494,3.572474
7481:ApriltagsCameraLog(1):,7,-4.280140,-4.189000,-4.189000,-4.189000,-4.280661,3.530463,3.530101,5.380727,5.373158,25.579795,39495,3.572474
7501:ApriltagsCameraLog(1):,7,-4.280661,-4.212000,-4.212000,-4.212000,-4.277213,3.530395,3.530285,5.379294,5.376942,25.579795,39496,3.572474
7521:ApriltagsCameraLog(1):,7,-4.277213,-4.275000,-4.275000,-4.275000,-4.274759,3.530208,3.530340,5.375370,5.378118,25.579795,39497,3.572474
7541:ApriltagsCameraLog(1):,7,-4.274759,-3.891000,-3.891000,-3.891000,-4.274768,3.528749,3.530274,5.399462,5.376744,25.559483,39498,3.569935
7562:ApriltagsCameraLog(1):,7,-4.274768,-4.116000,-4.116000,-4.116000,-4.260319,3.528139,3.529548,5.385456,5.388105,25.559483,39499,3.569935
7581:ApriltagsCameraLog(1):,7,-4.260319,-4.316000,-4.316000,-4.316000,-4.254885,3.530083,3.528842,5.372817,5.386781,25.579795,39500,3.572474
7601:ApriltagsCameraLog(1):,7,-4.254885,-4.214000,-4.214000,-4.214000,-4.257185,3.532922,3.529466,5.378983,5.379800,25.600108,39501,3.575014
7621:ApriltagsCameraLog(1):,7,-4.257185,-4.172000,-4.172000,-4.172000,-4.255561,3.530512,3.531194,5.381785,5.379391,25.579795,39502,3.572474
7641:ApriltagsCameraLog(1):,7,-4.255561,-4.186000,-4.186000,-4.186000,-4.252417,3.530471,3.530854,5.380913,5.380588,25.579795,39503,3.572474
7661:ApriltagsCameraLog(1):,7,-4.252417,-4.151000,-4.151000,-4.151000,-4.249919,3.530573,3.530663,5.383093,5.380751,25.579795,39504,3.572474
7681:ApriltagsCameraLog(1):,7,-4.249919,-4.161000,-4.161000,-4.161000,-4.246197,3.530544,3.530619,5.382471,5.381922,25.579795,39505,3.572474
7701:ApriltagsCameraLog(1):,7,-4.246197,-4.257000,-4.257000,-4.257000,-4.242992,3.530262,3.530581,5.376492,5.382196,25.579795,39506,3.572474
7721:ApriltagsCameraLog(1):,7,-4.242992,-4.238000,-4.238000,-4.238000,-4.243519,3.530318,3.530422,5.377675,5.379344,25.579795,39507,3.572474
7741:ApriltagsCameraLog(1):,7,-4.243519,-4.094000,-4.094000,-4.094000,-4.243311,3.530735,3.530370,5.386644,5.378509,25.579795,39508,3.572474
7761:ApriltagsCameraLog(1):,7,-4.243311,-4.228000,-4.228000,-4.228000,-4.237694,3.530348,3.530557,5.378298,5.382576,25.579795,39509,3.572474
7781:ApriltagsCameraLog(1):,7,-4.237694,-4.220000,-4.220000,-4.220000,-4.237329,3.530372,3.530453,5.378796,5.380437,25.579795,39510,3.572474
7801:ApriltagsCameraLog(1):,7,-4.237329,-4.365000,-4.365000,-4.365000,-4.236677,3.529932,3.530412,5.369766,5.379616,25.579795,39511,3.572474
7821:ApriltagsCameraLog(1):,7,-4.236677,-4.296000,-4.296000,-4.296000,-4.241505,3.530144,3.530177,5.374063,5.374691,25.579795,39512,3.572474
7841:ApriltagsCameraLog(1):,7,-4.241505,-4.376000,-4.376000,-4.376000,-4.243555,3.529898,3.530161,5.369081,5.374377,25.579795,39513,3.572474
7861:ApriltagsCameraLog(1):,7,-4.243555,-4.302000,-4.302000,-4.302000,-4.248538,3.530126,3.530032,5.373689,5.371729,25.579795,39514,3.572474
7881:ApriltagsCameraLog(1):,7,-4.248538,-4.323000,-4.323000,-4.323000,-4.250549,3.530062,3.530079,5.372381,5.372709,25.579795,39515,3.572474
7901:ApriltagsCameraLog(1):,7,-4.250549,-4.328000,-4.328000,-4.328000,-4.253275,3.530047,3.530070,5.372070,5.372545,25.579795,39516,3.572474
7921:ApriltagsCameraLog(1):,7,-4.253275,-4.314000,-4.314000,-4.314000,-4.256086,3.530089,3.530059,5.372942,5.372307,25.579795,39517,3.572474
7941:ApriltagsCameraLog(1):,7,-4.256086,-4.453000,-4.453000,-4.453000,-4.258265,3.529655,3.530074,5.364286,5.372625,25.579795,39518,3.572474
7961:ApriltagsCameraLog(1):,7,-4.258265,-4.294000,-4.294000,-4.294000,-4.265592,3.530150,3.529871,5.374187,5.368455,25.579795,39519,3.572474
7981:ApriltagsCameraLog(1):,7,-4.265592,-4.281000,-4.281000,-4.281000,-4.266660,3.530190,3.530010,5.374997,5.371321,25.579795,39520,3.572474
8001:ApriltagsCameraLog(1):,7,-4.266660,-4.080000,-4.080000,-4.080000,-4.267200,3.528240,3.530100,5.387697,5.373159,25.559483,39521,3.569935
8021:ApriltagsCameraLog(1):,7,-4.267200,-4.225000,-4.225000,-4.225000,-4.260152,3.530357,3.529181,5.378484,5.380429,25.579795,39522,3.572474
8041:ApriltagsCameraLog(1):,7,-4.260152,-4.179000,-4.179000,-4.179000,-4.258829,3.530492,3.529769,5.381349,5.379457,25.579795,39523,3.572474
8061:ApriltagsCameraLog(1):,7,-4.258829,-4.215000,-4.215000,-4.215000,-4.255826,3.530386,3.530131,5.379107,5.380403,25.579795,39524,3.572474
8081:ApriltagsCameraLog(1):,7,-4.255826,-4.271000,-4.271000,-4.271000,-4.254290,3.530220,3.530258,5.375620,5.379755,25.579795,39525,3.572474
8101:ApriltagsCameraLog(1):,7,-4.254290,-4.318000,-4.318000,-4.318000,-4.254918,3.530077,3.530239,5.372693,5.377687,25.579795,39526,3.572474
8121:ApriltagsCameraLog(1):,7,-4.254918,-4.298000,-4.298000,-4.298000,-4.257292,3.530138,3.530160,5.373938,5.375190,25.579795,39527,3.572474
8141:ApriltagsCameraLog(1):,7,-4.257292,-4.415000,-4.415000,-4.415000,-4.258823,3.529775,3.530149,5.366652,5.374564,25.579795,39528,3.572474
8161:ApriltagsCameraLog(1):,7,-4.258823,-4.381000,-4.381000,-4.381000,-4.264699,3.529882,3.529967,5.368769,5.370608,25.579795,39529,3.572474
8181:ApriltagsCameraLog(1):,7,-4.264699,-4.312000,-4.312000,-4.312000,-4.269075,3.530095,3.529926,5.373066,5.369688,25.579795,39530,3.572474
8201:ApriltagsCameraLog(1):,7,-4.269075,-4.204000,-4.204000,-4.204000,-4.270690,3.530419,3.530010,5.379792,5.371377,25.579795,39531,3.572474
8221:ApriltagsCameraLog(1):,7,-4.270690,-4.213000,-4.213000,-4.213000,-4.268181,3.530392,3.530217,5.379232,5.375585,25.579795,39532,3.572474
8241:ApriltagsCameraLog(1):,7,-4.268181,-4.303000,-4.303000,-4.303000,-4.266105,3.530123,3.530305,5.373627,5.377408,25.579795,39533,3.572474
8261:ApriltagsCameraLog(1):,7,-4.266105,-4.267000,-4.267000,-4.267000,-4.267493,3.530232,3.530215,5.375869,5.375517,25.579795,39534,3.572474
8281:ApriltagsCameraLog(1):,7,-4.267493,-4.194000,-4.194000,-4.194000,-4.267474,3.530448,3.530223,5.380415,5.375693,25.579795,39535,3.572474
8301:ApriltagsCameraLog(1):,7,-4.267474,-4.279000,-4.279000,-4.279000,-4.264710,3.530196,3.530337,5.375121,5.378054,25.579795,39536,3.572474
8321:ApriltagsCameraLog(1):,7,-4.264710,-4.177000,-4.177000,-4.177000,-4.265247,3.530497,3.530266,5.381474,5.376588,25.579795,39537,3.572474
8341:ApriltagsCameraLog(1):,7,-4.265247,-4.113000,-4.113000,-4.113000,-4.261927,3.530681,3.530384,5.385460,5.379031,25.579795,39538,3.572474
8361:ApriltagsCameraLog(1):,7,-4.261927,-4.179000,-4.179000,-4.179000,-4.256324,3.530492,3.530536,5.381349,5.382245,25.579795,39539,3.572474
8381:ApriltagsCameraLog(1):,7,-4.256324,-4.171000,-4.171000,-4.171000,-4.253415,3.530515,3.530514,5.381848,5.381797,25.579795,39540,3.572474
8401:ApriltagsCameraLog(1):,7,-4.253415,-4.176000,-4.176000,-4.176000,-4.250315,3.530500,3.530514,5.381536,5.381823,25.579795,39541,3.572474
8421:ApriltagsCameraLog(1):,7,-4.250315,-4.212000,-4.212000,-4.212000,-4.247519,3.530395,3.530507,5.379294,5.381679,25.579795,39542,3.572474
8441:ApriltagsCameraLog(1):,7,-4.247519,-4.207000,-4.207000,-4.207000,-4.246182,3.530410,3.530451,5.379606,5.380487,25.579795,39543,3.572474
8461:ApriltagsCameraLog(1):,7,-4.246182,-4.284000,-4.284000,-4.284000,-4.244708,3.530180,3.530430,5.374810,5.380046,25.579795,39544,3.572474
8481:ApriltagsCameraLog(1):,7,-4.244708,-4.206000,-4.206000,-4.206000,-4.246186,3.530413,3.530306,5.379668,5.377428,25.579795,39545,3.572474
8501:ApriltagsCameraLog(1):,7,-4.246186,-4.209000,-4.209000,-4.209000,-4.244675,3.530404,3.530360,5.379481,5.378548,25.579795,39546,3.572474
8524:ApriltagsCameraLog(1):,7,-4.244675,-4.322000,-4.322000,-4.322000,-4.243332,3.530065,3.530382,5.372443,5.379014,25.579795,39547,3.572474
8541:ApriltagsCameraLog(1):,7,-4.243332,-4.303000,-4.303000,-4.303000,-4.246292,3.530123,3.530226,5.373627,5.375729,25.579795,39548,3.572474
8561:ApriltagsCameraLog(1):,7,-4.246292,-4.359000,-4.359000,-4.359000,-4.248426,3.529951,3.530175,5.370139,5.374678,25.579795,39549,3.572474
8581:ApriltagsCameraLog(1):,7,-4.248426,-4.327000,-4.327000,-4.327000,-4.252586,3.530050,3.530065,5.372132,5.372408,25.579795,39550,3.572474
8601:ApriltagsCameraLog(1):,7,-4.252586,-4.293000,-4.293000,-4.293000,-4.255385,3.530153,3.530057,5.374249,5.372270,25.579795,39551,3.572474
8621:ApriltagsCameraLog(1):,7,-4.255385,-4.167000,-4.167000,-4.167000,-4.256800,3.530526,3.530105,5.382097,5.373260,25.579795,39552,3.572474
8641:ApriltagsCameraLog(1):,7,-4.256800,-4.388000,-4.388000,-4.388000,-4.253422,3.529860,3.530319,5.368333,5.377678,25.579795,39553,3.572474
8661:ApriltagsCameraLog(1):,7,-4.253422,-4.347000,-4.347000,-4.347000,-4.258485,3.529988,3.530095,5.370887,5.373006,25.579795,39554,3.572474
8681:ApriltagsCameraLog(1):,7,-4.258485,-4.276000,-4.276000,-4.276000,-4.261815,3.530205,3.530042,5.375308,5.371946,25.579795,39555,3.572474
8701:ApriltagsCameraLog(1):,7,-4.261815,-4.321000,-4.321000,-4.321000,-4.252349,3.530068,3.530123,5.372506,5.373627,25.579795,39556,3.572474
8721:ApriltagsCameraLog(1):,7,-4.252349,-4.293000,-4.293000,-4.293000,-4.254556,3.530153,3.530096,5.374249,5.373066,25.579795,39557,3.572474
8741:ApriltagsCameraLog(1):,7,-4.254556,-4.319000,-4.319000,-4.319000,-4.265701,3.530074,3.530124,5.372630,5.373658,25.579795,39558,3.572474
8761:ApriltagsCameraLog(1):,7,-4.265701,-4.430000,-4.430000,-4.430000,-4.268082,3.529728,3.530100,5.365718,5.373144,25.579795,39559,3.572474
8781:ApriltagsCameraLog(1):,7,-4.268082,-4.400000,-4.400000,-4.400000,-4.274475,3.529823,3.529919,5.367586,5.369431,25.579795,39560,3.572474
8801:ApriltagsCameraLog(1):,7,-4.274475,-4.479000,-4.479000,-4.479000,-4.279198,3.529571,3.529872,5.362667,5.368508,25.579795,39561,3.572474
8821:ApriltagsCameraLog(1):,7,-4.279198,-4.372000,-4.372000,-4.372000,-4.286715,3.529910,3.529726,5.369330,5.365587,25.579795,39562,3.572474
8841:ApriltagsCameraLog(1):,7,-4.286715,-4.259000,-4.259000,-4.259000,-4.289923,3.527723,3.529817,5.376556,5.367459,25.559483,39563,3.569935
8861:ApriltagsCameraLog(1):,7,-4.289923,-4.344000,-4.344000,-4.344000,-4.288759,3.529997,3.528771,5.371073,5.372007,25.579795,39564,3.572474
8881:ApriltagsCameraLog(1):,7,-4.288759,-4.192000,-4.192000,-4.192000,-4.290837,3.530454,3.529384,5.380540,5.371541,25.579795,39565,3.572474
8901:ApriltagsCameraLog(1):,7,-4.290837,-4.137000,-4.137000,-4.137000,-4.287119,3.528079,3.529923,5.384149,5.376040,25.559483,39566,3.569935
8921:ApriltagsCameraLog(1):,7,-4.287119,-4.168000,-4.168000,-4.168000,-4.281467,3.527990,3.529006,5.382219,5.380095,25.559483,39567,3.569935
8941:ApriltagsCameraLog(1):,7,-4.281467,-3.980000,-3.980000,-3.980000,-4.277195,3.528515,3.528499,5.393921,5.381158,25.559483,39568,3.569935
8961:ApriltagsCameraLog(1):,7,-4.277195,-4.112000,-4.112000,-4.112000,-4.266005,3.530684,3.528523,5.385523,5.387539,25.579795,39569,3.572474
8981:ApriltagsCameraLog(1):,7,-4.266005,-4.222000,-4.222000,-4.222000,-4.260211,3.530366,3.529602,5.378671,5.386530,25.579795,39570,3.572474
9001:ApriltagsCameraLog(1):,7,-4.260211,-4.212000,-4.212000,-4.212000,-4.258773,3.530395,3.529983,5.379294,5.382600,25.579795,39571,3.572474
9021:ApriltagsCameraLog(1):,7,-4.258773,-4.139000,-4.139000,-4.139000,-4.247013,3.530607,3.530188,5.383841,5.380947,25.579795,39572,3.572474
9041:ApriltagsCameraLog(1):,7,-4.247013,-4.076000,-4.076000,-4.076000,-4.242573,3.530785,3.530399,5.387765,5.382394,25.579795,39573,3.572474
9061:ApriltagsCameraLog(1):,7,-4.242573,-4.089000,-4.089000,-4.089000,-4.245987,3.530749,3.530596,5.386955,5.385079,25.579795,39574,3.572474
9081:ApriltagsCameraLog(1):,7,-4.245987,-4.095000,-4.095000,-4.095000,-4.230457,3.530732,3.530674,5.386581,5.386017,25.579795,39575,3.572474
9101:ApriltagsCameraLog(1):,7,-4.230457,-4.233000,-4.233000,-4.233000,-4.235285,3.530333,3.530703,5.377986,5.386299,25.579795,39576,3.572474
9121:ApriltagsCameraLog(1):,7,-4.235285,-4.194000,-4.194000,-4.194000,-4.235275,3.530448,3.530518,5.380415,5.382143,25.579795,39577,3.572474
9141:ApriltagsCameraLog(1):,7,-4.235275,-4.231000,-4.231000,-4.231000,-4.234023,3.530339,3.530483,5.378111,5.381279,25.579795,39578,3.572474
9161:ApriltagsCameraLog(1):,7,-4.234023,-4.295000,-4.295000,-4.295000,-4.233909,3.530147,3.530411,5.374125,5.379695,25.579795,39579,3.572474
9181:ApriltagsCameraLog(1):,7,-4.233909,-4.251000,-4.251000,-4.251000,-4.236207,3.530280,3.530280,5.376865,5.376910,25.579795,39580,3.572474
9201:ApriltagsCameraLog(1):,7,-4.236207,-4.298000,-4.298000,-4.298000,-4.236764,3.530138,3.530280,5.373938,5.376888,25.579795,39581,3.572474
9221:ApriltagsCameraLog(1):,7,-4.236764,-4.310000,-4.310000,-4.310000,-4.239068,3.530102,3.530210,5.373191,5.375413,25.579795,39582,3.572474
9242:ApriltagsCameraLog(1):,7,-4.239068,-4.297000,-4.297000,-4.297000,-4.241736,3.530141,3.530156,5.374000,5.374302,25.579795,39583,3.572474
9262:ApriltagsCameraLog(1):,7,-4.241736,-4.340000,-4.340000,-4.340000,-4.243816,3.530010,3.530149,5.371322,5.374151,25.579795,39584,3.572474
9281:ApriltagsCameraLog(1):,7,-4.243816,-4.422000,-4.422000,-4.422000,-4.247434,3.529753,3.530080,5.366216,5.372737,25.579795,39585,3.572474
9301:ApriltagsCameraLog(1):,7,-4.247434,-4.420000,-4.420000,-4.420000,-4.254002,3.529760,3.529922,5.366341,5.369476,25.579795,39586,3.572474
9321:ApriltagsCameraLog(1):,7,-4.254002,-4.287000,-4.287000,-4.287000,-4.260247,3.530171,3.529843,5.374623,5.367908,25.579795,39587,3.572474
9341:ApriltagsCameraLog(1):,7,-4.260247,-4.267000,-4.267000,-4.267000,-4.261254,3.530232,3.530006,5.375869,5.371266,25.579795,39588,3.572474
9361:ApriltagsCameraLog(1):,7,-4.261254,-4.289000,-4.289000,-4.289000,-4.251470,3.530165,3.530119,5.374499,5.373567,25.579795,39589,3.572474
9381:ApriltagsCameraLog(1):,7,-4.251470,-4.199000,-4.199000,-4.199000,-4.262506,3.530433,3.530142,5.380104,5.374033,25.579795,39590,3.572474
9401:ApriltagsCameraLog(1):,7,-4.262506,-4.229000,-4.229000,-4.229000,-4.260192,3.530345,3.530289,5.378235,5.377068,25.579795,39591,3.572474
9421:ApriltagsCameraLog(1):,7,-4.260192,-4.178000,-4.178000,-4.178000,-4.259319,3.530495,3.530317,5.381412,5.377652,25.579795,39592,3.572474
9441:ApriltagsCameraLog(1):,7,-4.259319,-4.289000,-4.289000,-4.289000,-4.256260,3.530165,3.530407,5.374499,5.379532,25.579795,39593,3.572474
9461:ApriltagsCameraLog(1):,7,-4.256260,-4.257000,-4.257000,-4.257000,-4.257491,3.530262,3.530287,5.376492,5.377015,25.579795,39594,3.572474
9481:ApriltagsCameraLog(1):,7,-4.257491,-4.295000,-4.295000,-4.295000,-4.257473,3.530147,3.530274,5.374125,5.376753,25.579795,39595,3.572474
9501:ApriltagsCameraLog(1):,7,-4.257473,-4.203000,-4.203000,-4.203000,-4.258885,3.530422,3.530211,5.379855,5.375439,25.579795,39596,3.572474
9521:ApriltagsCameraLog(1):,7,-4.258885,-4.222000,-4.222000,-4.222000,-4.256782,3.530366,3.530317,5.378671,5.377647,25.579795,39597,3.572474
9541:ApriltagsCameraLog(1):,7,-4.256782,-4.228000,-4.228000,-4.228000,-4.255474,3.530348,3.530342,5.378298,5.378159,25.579795,39598,3.572474
9561:ApriltagsCameraLog(1):,7,-4.255474,-4.276000,-4.276000,-4.276000,-4.254440,3.530205,3.530345,5.375308,5.378228,25.579795,39599,3.572474
9581:ApriltagsCameraLog(1):,7,-4.254440,-4.304000,-4.304000,-4.304000,-4.255251,3.530120,3.530275,5.373564,5.376768,25.579795,39600,3.572474
9601:ApriltagsCameraLog(1):,7,-4.255251,-4.302000,-4.302000,-4.302000,-4.257085,3.530126,3.530198,5.373689,5.375166,25.579795,39601,3.572474
9621:ApriltagsCameraLog(1):,7,-4.257085,-4.229000,-4.229000,-4.229000,-4.258775,3.530345,3.530162,5.378235,5.374428,25.579795,39602,3.572474
9641:ApriltagsCameraLog(1):,7,-4.258775,-4.271000,-4.271000,-4.271000,-4.257655,3.530220,3.530254,5.375620,5.376331,25.579795,39603,3.572474
9661:ApriltagsCameraLog(1):,7,-4.257655,-4.383000,-4.383000,-4.383000,-4.258157,3.529876,3.530237,5.368645,5.375976,25.579795,39604,3.572474
9681:ApriltagsCameraLog(1):,7,-4.258157,-4.359000,-4.359000,-4.359000,-4.252854,3.529951,3.530060,5.370139,5.372310,25.579795,39605,3.572474
9701:ApriltagsCameraLog(1):,7,-4.252854,-4.346000,-4.346000,-4.346000,-4.256471,3.529991,3.530007,5.370949,5.371225,25.579795,39606,3.572474
9721:ApriltagsCameraLog(1):,7,-4.256471,-4.400000,-4.400000,-4.400000,-4.259520,3.529823,3.529999,5.367586,5.371087,25.579795,39607,3.572474
9741:ApriltagsCameraLog(1):,7,-4.259520,-4.389000,-4.389000,-4.389000,-4.264805,3.529857,3.529913,5.368271,5.369336,25.579795,39608,3.572474
9761:ApriltagsCameraLog(1):,7,-4.264805,-4.356000,-4.356000,-4.356000,-4.269477,3.529960,3.529886,5.370326,5.368804,25.579795,39609,3.572474
9781:ApriltagsCameraLog(1):,7,-4.269477,-4.308000,-4.308000,-4.308000,-4.272733,3.530108,3.529922,5.373315,5.369565,25.579795,39610,3.572474
9801:ApriltagsCameraLog(1):,7,-4.272733,-4.325000,-4.325000,-4.325000,-4.274059,3.530056,3.530014,5.372257,5.371440,25.579795,39611,3.572474
9821:ApriltagsCameraLog(1):,7,-4.274059,-4.295000,-4.295000,-4.295000,-4.275976,3.530147,3.530035,5.374125,5.371848,25.579795,39612,3.572474
9841:ApriltagsCameraLog(1):,7,-4.275976,-4.258000,-4.258000,-4.258000,-4.276692,3.530259,3.530091,5.376429,5.372987,25.579795,39613,3.572474
9861:ApriltagsCameraLog(1):,7,-4.276692,-4.243000,-4.243000,-4.243000,-4.275988,3.530303,3.530175,5.377363,5.374708,25.579795,39614,3.572474
9881:ApriltagsCameraLog(1):,7,-4.275988,-4.246000,-4.246000,-4.246000,-4.274747,3.530294,3.530240,5.377177,5.376036,25.579795,39615,3.572474
9901:ApriltagsCameraLog(1):,7,-4.274747,-4.211000,-4.211000,-4.211000,-4.273666,3.530398,3.530267,5.379356,5.376606,25.579795,39616,3.572474
9921:ApriltagsCameraLog(1):,7,-4.273666,-4.197000,-4.197000,-4.197000,-4.271308,3.530439,3.530333,5.380228,5.377981,25.579795,39617,3.572474
9941:ApriltagsCameraLog(1):,7,-4.271308,-4.401000,-4.401000,-4.401000,-4.268512,3.527287,3.530387,5.367719,5.379105,25.559483,39618,3.569935
9961:ApriltagsCameraLog(1):,7,-4.268512,-4.479000,-4.479000,-4.479000,-4.273501,3.527039,3.528843,5.362865,5.373410,25.559483,39619,3.569935
9981:ApriltagsCameraLog(1):,7,-4.273501,-4.305000,-4.305000,-4.305000,-4.281238,3.530117,3.527950,5.373502,5.368136,25.579795,39620,3.572474
10005:ApriltagsCameraLog(1):,7,-4.281238,-4.283000,-4.283000,-4.283000,-4.282132,3.530184,3.529033,5.374872,5.370819,25.579795,39621,3.572474
10021:ApriltagsCameraLog(1):,7,-4.282132,-4.213000,-4.213000,-4.213000,-4.282165,3.530392,3.529608,5.379232,5.372846,25.579795,39622,3.572474
10041:ApriltagsCameraLog(1):,7,-4.282165,-4.203000,-4.203000,-4.203000,-4.279563,3.530422,3.530002,5.379855,5.376039,25.579795,39623,3.572474
10061:ApriltagsCameraLog(1):,7,-4.279563,-4.328000,-4.328000,-4.328000,-4.276682,3.530047,3.530213,5.372070,5.377947,25.579795,39624,3.572474
10081:ApriltagsCameraLog(1):,7,-4.276682,-4.412000,-4.412000,-4.412000,-4.278613,3.529785,3.530131,5.366839,5.375008,25.579795,39625,3.572474
10101:ApriltagsCameraLog(1):,7,-4.278613,-4.401000,-4.401000,-4.401000,-4.283631,3.529820,3.529963,5.367524,5.370923,25.579795,39626,3.572474
10121:ApriltagsCameraLog(1):,7,-4.283631,-4.261000,-4.261000,-4.261000,-4.288047,3.530250,3.529893,5.376242,5.369223,25.579795,39627,3.572474
10141:ApriltagsCameraLog(1):,7,-4.288047,-4.298000,-4.298000,-4.298000,-4.287029,3.530138,3.530072,5.373938,5.372733,25.579795,39628,3.572474
10161:ApriltagsCameraLog(1):,7,-4.287029,-4.298000,-4.298000,-4.298000,-4.287442,3.530138,3.530105,5.373938,5.373335,25.579795,39629,3.572474
10181:ApriltagsCameraLog(1):,7,-4.287442,-4.310000,-4.310000,-4.310000,-4.287839,3.530102,3.530122,5.373191,5.373637,25.579795,39630,3.572474
10201:ApriltagsCameraLog(1):,7,-4.287839,-4.306000,-4.306000,-4.306000,-4.288673,3.530114,3.530112,5.373440,5.373414,25.579795,39631,3.572474
10221:ApriltagsCameraLog(1):,7,-4.288673,-4.357000,-4.357000,-4.357000,-4.289325,3.529957,3.530113,5.370264,5.373427,25.579795,39632,3.572474
10241:ApriltagsCameraLog(1):,7,-4.289325,-4.419000,-4.419000,-4.419000,-4.291871,3.529763,3.530036,5.366403,5.371845,25.579795,39633,3.572474
10261:ApriltagsCameraLog(1):,7,-4.291871,-4.358000,-4.358000,-4.358000,-4.296654,3.529954,3.529902,5.370202,5.369124,25.579795,39634,3.572474
10281:ApriltagsCameraLog(1):,7,-4.296654,-4.283000,-4.283000,-4.283000,-4.298962,3.530184,3.529928,5.374872,5.369663,25.579795,39635,3.572474
10301:ApriltagsCameraLog(1):,7,-4.298962,-4.356000,-4.356000,-4.356000,-4.298361,3.529960,3.530056,5.370326,5.372267,25.579795,39636,3.572474
10341:ApriltagsCameraLog(1):,7,-4.298361,-4.328000,-4.328000,-4.328000,-4.300530,3.530047,3.530009,5.372070,5.371297,25.579795,39637,3.572474
10361:ApriltagsCameraLog(1):,7,-4.300530,-4.369000,-4.369000,-4.369000,-4.301563,3.529920,3.530027,5.369517,5.371683,25.579795,39638,3.572474
10381:ApriltagsCameraLog(1):,7,-4.301563,-4.222000,-4.222000,-4.222000,-4.304101,3.530366,3.529974,5.378671,5.370600,25.579795,39640,3.572474
10401:ApriltagsCameraLog(1):,7,-4.304101,-4.246000,-4.246000,-4.246000,-4.301012,3.530294,3.530173,5.377177,5.374635,25.579795,39641,3.572474
10421:ApriltagsCameraLog(1):,7,-4.301012,-4.298000,-4.298000,-4.298000,-4.298942,3.530138,3.530234,5.373938,5.375906,25.579795,39642,3.572474
10441:ApriltagsCameraLog(1):,7,-4.298942,-4.338000,-4.338000,-4.338000,-4.298907,3.530016,3.530186,5.371447,5.374922,25.579795,39643,3.572474
10461:ApriltagsCameraLog(1):,7,-4.298907,-4.231000,-4.231000,-4.231000,-4.300377,3.530339,3.530102,5.378111,5.373185,25.579795,39644,3.572474
10481:ApriltagsCameraLog(1):,7,-4.300377,-4.308000,-4.308000,-4.308000,-4.297767,3.530108,3.530222,5.373315,5.375648,25.579795,39645,3.572474
10501:ApriltagsCameraLog(1):,7,-4.297767,-4.364000,-4.364000,-4.364000,-4.298152,3.529935,3.530165,5.369828,5.374481,25.579795,39646,3.572474
10521:ApriltagsCameraLog(1):,7,-4.298152,-4.308000,-4.308000,-4.308000,-4.300630,3.530108,3.530051,5.373315,5.372155,25.579795,39647,3.572474
10541:ApriltagsCameraLog(1):,7,-4.300630,-4.308000,-4.308000,-4.308000,-4.300907,3.530108,3.530080,5.373315,5.372735,25.579795,39648,3.572474
10561:ApriltagsCameraLog(1):,7,-4.300907,-4.138000,-4.138000,-4.138000,-4.301174,3.530610,3.530094,5.383903,5.373025,25.579795,39649,3.572474
10581:ApriltagsCameraLog(1):,7,-4.301174,-4.359000,-4.359000,-4.359000,-4.295035,3.529951,3.530359,5.370139,5.378464,25.579795,39650,3.572474
10601:ApriltagsCameraLog(1):,7,-4.295035,-4.222000,-4.222000,-4.222000,-4.307441,3.530366,3.530157,5.378671,5.374301,25.579795,39651,3.572474
10621:ApriltagsCameraLog(1):,7,-4.307441,-4.178000,-4.178000,-4.178000,-4.304603,3.530495,3.530263,5.381412,5.376486,25.579795,39652,3.572474
10641:ApriltagsCameraLog(1):,7,-4.304603,-4.153000,-4.153000,-4.153000,-4.300141,3.530567,3.530381,5.382969,5.378949,25.579795,39653,3.572474
10661:ApriltagsCameraLog(1):,7,-4.300141,-4.254000,-4.254000,-4.254000,-4.294605,3.530271,3.530476,5.376678,5.380959,25.579795,39654,3.572474
10681:ApriltagsCameraLog(1):,7,-4.294605,-4.453000,-4.453000,-4.453000,-4.293077,3.527122,3.530373,5.364483,5.378819,25.559483,39655,3.569935
10701:ApriltagsCameraLog(1):,7,-4.293077,-4.433000,-4.433000,-4.433000,-4.299099,3.529718,3.528757,5.365531,5.371649,25.579795,39656,3.572474
10721:ApriltagsCameraLog(1):,7,-4.299099,-4.450000,-4.450000,-4.450000,-4.304136,3.529664,3.529241,5.364473,5.368590,25.579795,39657,3.572474
10741:ApriltagsCameraLog(1):,7,-4.304136,-4.375000,-4.375000,-4.375000,-4.299624,3.529901,3.529455,5.369143,5.366532,25.579795,39658,3.572474
10761:ApriltagsCameraLog(1):,7,-4.299624,-4.332000,-4.332000,-4.332000,-4.302084,3.530034,3.529677,5.371821,5.367837,25.579795,39659,3.572474
10781:ApriltagsCameraLog(1):,7,-4.302084,-4.293000,-4.293000,-4.293000,-4.312927,3.530153,3.529855,5.374249,5.369829,25.579795,39660,3.572474
10801:ApriltagsCameraLog(1):,7,-4.312927,-4.319000,-4.319000,-4.319000,-4.312554,3.530074,3.530005,5.372630,5.372039,25.579795,39661,3.572474
10821:ApriltagsCameraLog(1):,7,-4.312554,-4.316000,-4.316000,-4.316000,-4.313097,3.530083,3.530039,5.372817,5.372335,25.579795,39662,3.572474
10841:ApriltagsCameraLog(1):,7,-4.313097,-4.351000,-4.351000,-4.351000,-4.313206,3.529976,3.530061,5.370637,5.372576,25.579795,39663,3.572474
10861:ApriltagsCameraLog(1):,7,-4.313206,-4.341000,-4.341000,-4.341000,-4.314628,3.530007,3.530019,5.371260,5.371607,25.579795,39664,3.572474
10881:ApriltagsCameraLog(1):,7,-4.314628,-4.391000,-4.391000,-4.391000,-4.315620,3.529851,3.530013,5.368147,5.371433,25.579795,39665,3.572474
10903:ApriltagsCameraLog(1):,7,-4.315620,-4.267000,-4.267000,-4.267000,-4.318456,3.530232,3.529933,5.375869,5.369790,25.579795,39666,3.572474
10921:ApriltagsCameraLog(1):,7,-4.318456,-4.266000,-4.266000,-4.266000,-4.316520,3.530235,3.530084,5.375931,5.372829,25.579795,39667,3.572474
10941:ApriltagsCameraLog(1):,7,-4.316520,-4.294000,-4.294000,-4.294000,-4.314620,3.530150,3.530160,5.374187,5.374380,25.579795,39668,3.572474
10961:ApriltagsCameraLog(1):,7,-4.314620,-4.316000,-4.316000,-4.316000,-4.313844,3.530083,3.530155,5.372817,5.374284,25.579795,39669,3.572474
10981:ApriltagsCameraLog(1):,7,-4.313844,-4.252000,-4.252000,-4.252000,-4.313925,3.530277,3.530119,5.376803,5.373550,25.579795,39670,3.572474
11001:ApriltagsCameraLog(1):,7,-4.313925,-4.267000,-4.267000,-4.267000,-4.311595,3.530232,3.530199,5.375869,5.375177,25.579795,39671,3.572474
11021:ApriltagsCameraLog(1):,7,-4.311595,-4.272000,-4.272000,-4.272000,-4.309918,3.530217,3.530215,5.375557,5.375523,25.579795,39672,3.572474
11041:ApriltagsCameraLog(1):,7,-4.309918,-4.286000,-4.286000,-4.286000,-4.308491,3.530174,3.530216,5.374685,5.375540,25.579795,39673,3.572474
11061:ApriltagsCameraLog(1):,7,-4.308491,-4.291000,-4.291000,-4.291000,-4.307645,3.530159,3.530195,5.374374,5.375113,25.579795,39674,3.572474
11081:ApriltagsCameraLog(1):,7,-4.307645,-4.295000,-4.295000,-4.295000,-4.297019,3.530147,3.530177,5.374125,5.374743,25.579795,39675,3.572474
11101:ApriltagsCameraLog(1):,7,-4.297019,-4.247000,-4.247000,-4.247000,-4.296566,3.530292,3.530162,5.377114,5.374434,25.579795,39676,3.572474
11121:ApriltagsCameraLog(1):,7,-4.296566,-4.213000,-4.213000,-4.213000,-4.294419,3.530392,3.530227,5.379232,5.375774,25.579795,39677,3.572474
11141:ApriltagsCameraLog(1):,7,-4.294419,-4.150000,-4.150000,-4.150000,-4.291356,3.530575,3.530311,5.383156,5.377503,25.579795,39678,3.572474
11161:ApriltagsCameraLog(1):,7,-4.291356,-4.192000,-4.192000,-4.192000,-4.286038,3.530454,3.530447,5.380540,5.380329,25.579795,39679,3.572474
11181:ApriltagsCameraLog(1):,7,-4.286038,-4.061000,-4.061000,-4.061000,-4.282500,3.530827,3.530450,5.388699,5.380434,25.579795,39680,3.572474
11201:ApriltagsCameraLog(1):,7,-4.282500,-4.062000,-4.062000,-4.062000,-4.274167,3.530824,3.530646,5.388637,5.384567,25.579795,39681,3.572474
11221:ApriltagsCameraLog(1):,7,-4.274167,-4.283000,-4.283000,-4.283000,-4.266184,3.530184,3.530739,5.374872,5.386602,25.579795,39682,3.572474
11241:ApriltagsCameraLog(1):,7,-4.266184,-4.357000,-4.357000,-4.357000,-4.266817,3.529957,3.530462,5.370264,5.380737,25.579795,39683,3.572474
11261:ApriltagsCameraLog(1):,7,-4.266817,-4.319000,-4.319000,-4.319000,-4.270210,3.530074,3.530214,5.372630,5.375500,25.579795,39684,3.572474
11281:ApriltagsCameraLog(1):,7,-4.270210,-4.325000,-4.325000,-4.325000,-4.272046,3.530056,3.530144,5.372257,5.374065,25.579795,39685,3.572474
11301:ApriltagsCameraLog(1):,7,-4.272046,-4.124000,-4.124000,-4.124000,-4.274038,3.530650,3.530100,5.384775,5.373161,25.579795,39686,3.572474
11321:ApriltagsCameraLog(1):,7,-4.274038,-4.248000,-4.248000,-4.248000,-4.268393,3.530289,3.530382,5.377052,5.378968,25.579795,39687,3.572474
11341:ApriltagsCameraLog(1):,7,-4.268393,-4.364000,-4.364000,-4.364000,-4.267626,3.529935,3.530335,5.369828,5.378010,25.579795,39688,3.572474
11361:ApriltagsCameraLog(1):,7,-4.267626,-4.214000,-4.214000,-4.214000,-4.271252,3.527856,3.530139,5.379356,5.373919,25.559483,39689,3.569935
11381:ApriltagsCameraLog(1):,7,-4.271252,-4.064000,-4.064000,-4.064000,-4.269096,3.528285,3.528999,5.388692,5.376638,25.559483,39690,3.569935
11401:ApriltagsCameraLog(1):,7,-4.269096,-4.197000,-4.197000,-4.197000,-4.261374,3.530439,3.528652,5.380228,5.382666,25.579795,39691,3.572474
11421:ApriltagsCameraLog(1):,7,-4.261374,-4.226000,-4.226000,-4.226000,-4.248952,3.530354,3.529545,5.378422,5.381447,25.579795,39692,3.572474
11441:ApriltagsCameraLog(1):,7,-4.248952,-4.304000,-4.304000,-4.304000,-4.257712,3.527587,3.529949,5.373755,5.379934,25.559483,39693,3.569935
11461:ApriltagsCameraLog(1):,7,-4.257712,-4.235000,-4.235000,-4.235000,-4.259512,3.527794,3.528769,5.378049,5.376844,25.559483,39694,3.569935
11481:ApriltagsCameraLog(1):,7,-4.259512,-4.327000,-4.327000,-4.327000,-4.258909,3.527517,3.528282,5.372324,5.377447,25.559483,39695,3.569935
11501:ApriltagsCameraLog(1):,7,-4.258909,-4.354000,-4.354000,-4.354000,-4.261472,3.529966,3.527901,5.370451,5.374885,25.579795,39696,3.572474
11521:ApriltagsCameraLog(1):,7,-4.261472,-4.229000,-4.229000,-4.229000,-4.264954,3.527812,3.528935,5.378423,5.372669,25.559483,39697,3.569935
11541:ApriltagsCameraLog(1):,7,-4.264954,-4.257000,-4.257000,-4.257000,-4.263600,3.527729,3.528374,5.376680,5.375546,25.559483,39698,3.569935
11561:ApriltagsCameraLog(1):,7,-4.263600,-4.278000,-4.278000,-4.278000,-4.263351,3.527666,3.528052,5.375373,5.376113,25.559483,39699,3.569935
11581:ApriltagsCameraLog(1):,7,-4.263351,-4.373000,-4.373000,-4.373000,-4.263903,3.529907,3.527859,5.369267,5.375743,25.579795,39700,3.572474
11601:ApriltagsCameraLog(1):,7,-4.263903,-4.459000,-4.459000,-4.459000,-4.268007,3.529635,3.528886,5.363912,5.372506,25.579795,39701,3.572474
11621:ApriltagsCameraLog(1):,7,-4.268007,-4.406000,-4.406000,-4.406000,-4.275193,3.529804,3.529268,5.367212,5.368210,25.579795,39702,3.572474
11641:ApriltagsCameraLog(1):,7,-4.275193,-4.363000,-4.363000,-4.363000,-4.270114,3.529938,3.529536,5.369890,5.367711,25.579795,39703,3.572474
11661:ApriltagsCameraLog(1):,7,-4.270114,-4.297000,-4.297000,-4.297000,-4.273233,3.530141,3.529737,5.374000,5.368801,25.579795,39704,3.572474
11681:ApriltagsCameraLog(1):,7,-4.273233,-4.423000,-4.423000,-4.423000,-4.273826,3.529750,3.529939,5.366154,5.371401,25.579795,39705,3.572474
11701:ApriltagsCameraLog(1):,7,-4.273826,-4.374000,-4.374000,-4.374000,-4.279438,3.529904,3.529848,5.369205,5.368777,25.579795,39706,3.572474
11721:ApriltagsCameraLog(1):,7,-4.279438,-4.333000,-4.333000,-4.333000,-4.282996,3.530031,3.529876,5.371758,5.368991,25.579795,39707,3.572474
11741:ApriltagsCameraLog(1):,7,-4.282996,-4.217000,-4.217000,-4.217000,-4.284877,3.530380,3.529953,5.378983,5.370375,25.579795,39708,3.572474
11761:ApriltagsCameraLog(1):,7,-4.284877,-4.435000,-4.435000,-4.435000,-4.282323,3.529712,3.530169,5.365407,5.374679,25.579795,39709,3.572474
11781:ApriltagsCameraLog(1):,7,-4.282323,-4.265000,-4.265000,-4.265000,-4.288068,3.527705,3.529947,5.376182,5.370042,25.559483,39710,3.569935
11801:ApriltagsCameraLog(1):,7,-4.288068,-4.371000,-4.371000,-4.371000,-4.287199,3.527381,3.528826,5.369586,5.373112,25.559483,39711,3.569935
11821:ApriltagsCameraLog(1):,7,-4.287199,-4.390000,-4.390000,-4.390000,-4.290354,3.529854,3.528105,5.368209,5.371348,25.579795,39712,3.572474
11841:ApriltagsCameraLog(1):,7,-4.290354,-4.332000,-4.332000,-4.332000,-4.294103,3.530034,3.528981,5.371821,5.369779,25.579795,39713,3.572474
11861:ApriltagsCameraLog(1):,7,-4.294103,-4.290000,-4.290000,-4.290000,-4.295529,3.530162,3.529507,5.374436,5.370800,25.579795,39714,3.572474
11881:ApriltagsCameraLog(1):,7,-4.295529,-4.252000,-4.252000,-4.252000,-4.295321,3.530277,3.529835,5.376803,5.372618,25.579795,39715,3.572474
11901:ApriltagsCameraLog(1):,7,-4.295321,-4.274000,-4.274000,-4.274000,-4.293691,3.530211,3.530056,5.375433,5.374710,25.579795,39716,3.572474
11921:ApriltagsCameraLog(1):,7,-4.293691,-4.160000,-4.160000,-4.160000,-4.292950,3.530547,3.530134,5.382533,5.375072,25.579795,39717,3.572474
11941:ApriltagsCameraLog(1):,7,-4.292950,-4.302000,-4.302000,-4.302000,-4.287948,3.530126,3.530344,5.373689,5.378802,25.579795,39718,3.572474
11961:ApriltagsCameraLog(1):,7,-4.287948,-4.322000,-4.322000,-4.322000,-4.288477,3.530065,3.530235,5.372443,5.376245,25.579795,39719,3.572474
11981:ApriltagsCameraLog(1):,7,-4.288477,-4.364000,-4.364000,-4.364000,-4.289738,3.529935,3.530151,5.369828,5.374344,25.579795,39720,3.572474
12001:ApriltagsCameraLog(1):,7,-4.289738,-4.356000,-4.356000,-4.356000,-4.292532,3.529960,3.530044,5.370326,5.372086,25.579795,39721,3.572474
12021:ApriltagsCameraLog(1):,7,-4.292532,-4.282000,-4.282000,-4.282000,-4.294920,3.530187,3.530003,5.374935,5.371206,25.579795,39722,3.572474
12041:ApriltagsCameraLog(1):,7,-4.294920,-4.176000,-4.176000,-4.176000,-4.294434,3.530500,3.530095,5.381536,5.373070,25.579795,39723,3.572474
12061:ApriltagsCameraLog(1):,7,-4.294434,-4.130000,-4.130000,-4.130000,-4.289978,3.530633,3.530302,5.384401,5.377303,25.579795,39724,3.572474
12081:ApriltagsCameraLog(1):,7,-4.289978,-4.222000,-4.222000,-4.222000,-4.283959,3.530366,3.530472,5.378671,5.380852,25.579795,39725,3.572474
12101:ApriltagsCameraLog(1):,7,-4.283959,-4.240000,-4.240000,-4.240000,-4.281628,3.530312,3.530418,5.377550,5.379762,25.579795,39726,3.572474
12121:ApriltagsCameraLog(1):,7,-4.281628,-4.341000,-4.341000,-4.341000,-4.280062,3.530007,3.530365,5.371260,5.378656,25.579795,39727,3.572474
12141:ApriltagsCameraLog(1):,7,-4.280062,-4.304000,-4.304000,-4.304000,-4.272355,3.530120,3.530188,5.373564,5.374958,25.579795,39728,3.572474
12161:ApriltagsCameraLog(1):,7,-4.272355,-4.276000,-4.276000,-4.276000,-4.273169,3.530205,3.530154,5.375308,5.374261,25.579795,39729,3.572474
12181:ApriltagsCameraLog(1):,7,-4.273169,-4.390000,-4.390000,-4.390000,-4.272956,3.529854,3.530179,5.368209,5.374785,25.579795,39730,3.572474
12201:ApriltagsCameraLog(1):,7,-4.272956,-4.351000,-4.351000,-4.351000,-4.277359,3.529976,3.530020,5.370637,5.371497,25.579795,39731,3.572474
12221:ApriltagsCameraLog(1):,7,-4.277359,-4.221000,-4.221000,-4.221000,-4.280130,3.530369,3.529998,5.378734,5.371067,25.579795,39732,3.572474
12241:ApriltagsCameraLog(1):,7,-4.280130,-4.340000,-4.340000,-4.340000,-4.277905,3.530010,3.530185,5.371322,5.374900,25.579795,39733,3.572474
12261:ApriltagsCameraLog(1):,7,-4.277905,-4.334000,-4.334000,-4.334000,-4.280241,3.530028,3.530098,5.371696,5.373111,25.579795,39734,3.572474
12281:ApriltagsCameraLog(1):,7,-4.280241,-4.395000,-4.395000,-4.395000,-4.282264,3.529839,3.530064,5.367897,5.372404,25.579795,39735,3.572474
12301:ApriltagsCameraLog(1):,7,-4.282264,-4.345000,-4.345000,-4.345000,-4.286505,3.529994,3.529953,5.371011,5.370150,25.579795,39736,3.572474
12321:ApriltagsCameraLog(1):,7,-4.286505,-4.270000,-4.270000,-4.270000,-4.288706,3.530223,3.529973,5.375682,5.370581,25.579795,39737,3.572474
12341:ApriltagsCameraLog(1):,7,-4.288706,-4.231000,-4.231000,-4.231000,-4.288002,3.530339,3.530098,5.378111,5.373131,25.579795,39738,3.572474
12361:ApriltagsCameraLog(1):,7,-4.288002,-4.200000,-4.200000,-4.200000,-4.285858,3.530430,3.530220,5.380042,5.375621,25.579795,39739,3.572474
12381:ApriltagsCameraLog(1):,7,-4.285858,-4.274000,-4.274000,-4.274000,-4.282628,3.530211,3.530327,5.375433,5.377831,25.579795,39740,3.572474
12401:ApriltagsCameraLog(1):,7,-4.282628,-4.218000,-4.218000,-4.218000,-4.282303,3.530377,3.530269,5.378920,5.376632,25.579795,39741,3.572474
12421:ApriltagsCameraLog(1):,7,-4.282303,-4.238000,-4.238000,-4.238000,-4.279884,3.530318,3.530324,5.377675,5.377776,25.579795,39742,3.572474
12441:ApriltagsCameraLog(1):,7,-4.279884,-4.286000,-4.286000,-4.286000,-4.288308,3.530174,3.530321,5.374685,5.377726,25.579795,39743,3.572474
12461:ApriltagsCameraLog(1):,7,-4.288308,-4.259000,-4.259000,-4.259000,-4.278597,3.530256,3.530248,5.376367,5.376205,25.579795,39744,3.572474
12481:ApriltagsCameraLog(1):,7,-4.278597,-4.063000,-4.063000,-4.063000,-4.277785,3.530821,3.530252,5.388575,5.376286,25.579795,39745,3.572474
12501:ApriltagsCameraLog(1):,7,-4.277785,-4.181000,-4.181000,-4.181000,-4.269403,3.530486,3.530548,5.381225,5.382430,25.579795,39746,3.572474
12521:ApriltagsCameraLog(1):,7,-4.269403,-4.193000,-4.193000,-4.193000,-4.266077,3.530451,3.530517,5.380478,5.381827,25.579795,39747,3.572474
12541:ApriltagsCameraLog(1):,7,-4.266077,-4.205000,-4.205000,-4.205000,-4.263328,3.530416,3.530483,5.379730,5.381152,25.579795,39748,3.572474
12561:ApriltagsCameraLog(1):,7,-4.263328,-4.356000,-4.356000,-4.356000,-4.261133,3.529960,3.530449,5.370326,5.380441,25.579795,39749,3.572474
12581:ApriltagsCameraLog(1):,7,-4.261133,-4.375000,-4.375000,-4.375000,-4.264702,3.529901,3.530209,5.369143,5.375384,25.579795,39750,3.572474
12601:ApriltagsCameraLog(1):,7,-4.264702,-4.362000,-4.362000,-4.362000,-4.268852,3.529942,3.530058,5.369952,5.372263,25.579795,39751,3.572474
12621:ApriltagsCameraLog(1):,7,-4.268852,-4.283000,-4.283000,-4.283000,-4.272357,3.530184,3.530001,5.374872,5.371108,25.579795,39752,3.572474
12641:ApriltagsCameraLog(1):,7,-4.272357,-4.309000,-4.309000,-4.309000,-4.272757,3.530105,3.530092,5.373253,5.372990,25.579795,39753,3.572474
12661:ApriltagsCameraLog(1):,7,-4.272757,-4.347000,-4.347000,-4.347000,-4.274121,3.529988,3.530098,5.370887,5.373122,25.579795,39754,3.572474
12681:ApriltagsCameraLog(1):,7,-4.274121,-4.434000,-4.434000,-4.434000,-4.276862,3.529715,3.530044,5.365469,5.372004,25.579795,39755,3.572474
12701:ApriltagsCameraLog(1):,7,-4.276862,-4.341000,-4.341000,-4.341000,-4.282774,3.530007,3.529884,5.371260,5.368736,25.579795,39756,3.572474
12721:ApriltagsCameraLog(1):,7,-4.282774,-4.236000,-4.236000,-4.236000,-4.284965,3.530324,3.529945,5.377799,5.369998,25.579795,39757,3.572474
12741:ApriltagsCameraLog(1):,7,-4.284965,-4.314000,-4.314000,-4.314000,-4.283123,3.530089,3.530136,5.372942,5.373899,25.579795,39758,3.572474
12761:ApriltagsCameraLog(1):,7,-4.283123,-4.153000,-4.153000,-4.153000,-4.284284,3.530567,3.530113,5.382969,5.373420,25.579795,39759,3.572474
12781:ApriltagsCameraLog(1):,7,-4.284284,-4.198000,-4.198000,-4.198000,-4.279345,3.530436,3.530345,5.380166,5.378194,25.579795,39760,3.572474
12801:ApriltagsCameraLog(1):,7,-4.279345,-4.259000,-4.259000,-4.259000,-4.276285,3.530256,3.530391,5.376367,5.379180,25.579795,39761,3.572474
12821:ApriltagsCameraLog(1):,7,-4.276285,-4.295000,-4.295000,-4.295000,-4.275635,3.530147,3.530323,5.374125,5.377774,25.579795,39762,3.572474
12841:ApriltagsCameraLog(1):,7,-4.275635,-4.302000,-4.302000,-4.302000,-4.276363,3.530126,3.530236,5.373689,5.375949,25.579795,39763,3.572474
12861:ApriltagsCameraLog(1):,7,-4.276363,-4.307000,-4.307000,-4.307000,-4.277328,3.530111,3.530181,5.373378,5.374819,25.579795,39764,3.572474
12881:ApriltagsCameraLog(1):,7,-4.277328,-4.264000,-4.264000,-4.264000,-4.278444,3.530241,3.530146,5.376056,5.374098,25.579795,39765,3.572474
12901:ApriltagsCameraLog(1):,7,-4.278444,-4.169000,-4.169000,-4.169000,-4.277901,3.530521,3.530193,5.381972,5.375077,25.579795,39766,3.572474
12921:ApriltagsCameraLog(1):,7,-4.277901,-4.233000,-4.233000,-4.233000,-4.273803,3.530333,3.530360,5.377986,5.378524,25.579795,39767,3.572474
