571:ApriltagsCameraLog(1):,tag,last yaw,cam yaw,calc yaw,update yaw, est yaw,x,est x,y,est y,adjust,frame,dist
849:ApriltagsCameraLog(1):,7,-45.000000,-4.047000,-45.000000,-4.047000,-45.000000,2.553601,0.000000,3.089072,0.000000,1073.149160,166870,3.572474
997:ApriltagsCameraLog(1):,7,-45.000000,-4.048000,-45.000000,-4.048000,-38.164500,2.553601,1.708974,3.089072,1.125030,1073.123580,166875,3.572474
1024:ApriltagsCameraLog(1):,7,-38.164500,-3.920000,-38.164500,-3.920000,-32.476750,2.827822,2.369014,3.415011,1.985545,901.547102,166876,3.572474
1063:ApriltagsCameraLog(1):,7,-32.476750,-4.006000,-32.476750,-4.006000,-27.715625,3.025093,2.744673,3.709545,2.644209,753.855758,166877,3.572474
1104:ApriltagsCameraLog(1):,7,-27.715625,-3.880000,-27.715625,-3.880000,-23.762354,3.167107,2.975831,3.970138,3.148400,635.290208,166881,3.572474
1159:ApriltagsCameraLog(1):,7,-23.762354,-3.988000,-23.762354,-3.988000,-20.446962,3.268254,3.130454,4.194869,3.543115,531.403731,166885,3.572474
1198:ApriltagsCameraLog(1):,7,-20.446962,-4.012000,-20.446962,-4.012000,-17.702135,3.340967,3.238156,4.388347,3.859483,445.982757,166892,3.572474
1222:ApriltagsCameraLog(1):,7,-17.702135,-4.000000,-17.702135,-4.000000,-15.418967,3.392617,3.315786,4.551494,4.118090,376.077602,166895,3.572474
1259:ApriltagsCameraLog(1):,7,-15.418967,-4.050000,-15.418967,-4.050000,-13.514584,3.427138,3.372146,4.689634,4.331199,316.144387,166900,3.569935
1299:ApriltagsCameraLog(1):,7,-13.514584,-3.989000,-13.514584,-3.989000,-11.936372,3.456215,3.411952,4.804670,4.508296,269.242283,166907,3.572474
1341:ApriltagsCameraLog(1):,7,-11.936372,-4.075000,-11.936372,-4.075000,-10.611636,3.475358,3.442631,4.901190,4.655071,226.672090,166911,3.572474
1363:ApriltagsCameraLog(1):,7,-10.611636,-4.007000,-10.611636,-4.007000,-9.522196,3.489369,3.464835,4.982591,4.777279,194.525026,166914,3.572474
1394:ApriltagsCameraLog(1):,7,-9.522196,-4.088000,-9.522196,-4.088000,-8.602997,3.499479,3.481215,5.049761,4.879399,164.585429,166918,3.572474
1416:ApriltagsCameraLog(1):,7,-8.602997,-3.937000,-8.602997,-3.937000,-7.850498,3.507015,3.493141,5.106577,4.964256,144.935045,166920,3.572474
1444:ApriltagsCameraLog(1):,7,-7.850498,-4.025000,-7.850498,-4.025000,-7.198248,3.512504,3.502102,5.153173,5.035203,123.435240,166924,3.572474
1465:ApriltagsCameraLog(1):,7,-7.198248,-4.073000,-7.198248,-4.073000,-7.193115,3.516767,3.508933,5.193618,5.094029,105.522998,166926,3.572474
1485:ApriltagsCameraLog(1):,7,-7.193115,-4.048000,-7.193115,-4.048000,-7.187212,3.516799,3.514202,5.193936,5.143705,106.031186,166928,3.572474
1504:ApriltagsCameraLog(1):,7,-7.187212,-4.120000,-7.187212,-4.120000,-7.181302,3.516836,3.516187,5.194302,5.168779,104.038458,166930,3.572474
1523:ApriltagsCameraLog(1):,7,-7.181302,-3.922000,-7.181302,-3.922000,-7.175428,3.516872,3.516852,5.194669,5.181529,108.952077,166932,3.572474
1542:ApriltagsCameraLog(1):,7,-7.175428,-3.971000,-7.175428,-3.971000,-7.169467,3.516908,3.517048,5.195034,5.188097,107.548420,166933,3.572474
1571:ApriltagsCameraLog(1):,7,-7.169467,-3.983000,-7.169467,-3.983000,-7.163530,3.516945,3.517075,5.195404,5.191566,107.088974,166935,3.572474
1596:ApriltagsCameraLog(1):,7,-7.163530,-3.829000,-7.163530,-3.829000,-7.157601,3.516981,3.517063,5.195772,5.193486,110.876397,166937,3.572474
1610:ApriltagsCameraLog(1):,7,-7.157601,-3.943000,-7.157601,-3.943000,-7.151608,3.517018,3.517055,5.196140,5.194630,107.808641,166938,3.572474
1626:ApriltagsCameraLog(1):,7,-7.151608,-3.879000,-7.151608,-3.879000,-7.145667,3.517055,3.517058,5.196512,5.195385,109.292439,166939,3.572474
1642:ApriltagsCameraLog(1):,7,-7.145667,-3.873000,-7.145667,-3.873000,-7.139700,3.517091,3.517072,5.196880,5.195948,109.293938,166940,3.572474
1659:ApriltagsCameraLog(1):,7,-7.139700,-3.892000,-7.139700,-3.892000,-7.133733,3.517128,3.517095,5.197251,5.196414,108.655289,166941,3.572474
1675:ApriltagsCameraLog(1):,7,-7.133733,-3.864000,-7.133733,-3.864000,-7.127777,3.517164,3.517123,5.197621,5.196832,109.218891,166942,3.572474
1691:ApriltagsCameraLog(1):,7,-7.127777,-3.861000,-7.127777,-3.861000,-7.121811,3.517200,3.517155,5.197990,5.197226,109.143276,166943,3.572474
1715:ApriltagsCameraLog(1):,7,-7.121811,-3.743000,-7.121811,-3.743000,-7.115847,3.517237,3.517188,5.198361,5.197607,112.009092,166944,3.572474
1740:ApriltagsCameraLog(1):,7,-7.115847,-3.887000,-7.115847,-3.887000,-7.109835,3.517273,3.517224,5.198731,5.197983,108.173034,166945,3.572474
1756:ApriltagsCameraLog(1):,7,-7.109835,-4.051000,-7.109835,-4.051000,-7.103887,3.517310,3.517259,5.199104,5.198356,103.824169,166946,3.572474
1778:ApriltagsCameraLog(1):,7,-7.103887,-4.013000,-7.103887,-4.013000,-7.098018,3.517346,3.517294,5.199473,5.198729,104.644061,166947,3.572474
1797:ApriltagsCameraLog(1):,7,-7.098018,-3.833000,-7.098018,-3.833000,-7.092133,3.519902,3.517330,5.199523,5.199100,109.184917,166948,3.575014
1815:ApriltagsCameraLog(1):,7,-7.092133,-3.972000,-7.092133,-3.972000,-7.086174,3.517417,3.518622,5.200202,5.199275,105.392154,166949,3.572474
1837:ApriltagsCameraLog(1):,7,-7.086174,-3.994000,-7.086174,-3.994000,-7.080275,3.517454,3.518032,5.200572,5.199755,104.676968,166950,3.572474
1854:ApriltagsCameraLog(1):,7,-7.080275,-3.797000,-7.080275,-3.797000,-7.074390,3.520010,3.517754,5.200625,5.200171,109.652312,166951,3.575014
1876:ApriltagsCameraLog(1):,7,-7.074390,-3.890000,-7.074390,-3.890000,-7.068423,3.517525,3.518888,5.201303,5.200366,107.035835,166952,3.572474
1890:ApriltagsCameraLog(1):,7,-7.068423,-3.910000,-7.068423,-3.910000,-7.062495,3.517561,3.518220,5.201674,5.200853,106.371607,166953,3.572474
1910:ApriltagsCameraLog(1):,7,-7.062495,-3.983000,-7.062495,-3.983000,-7.056579,3.517597,3.517902,5.202041,5.201272,104.352647,166954,3.572474
1938:ApriltagsCameraLog(1):,7,-7.056579,-3.981000,-7.056579,-3.981000,-7.050699,3.517633,3.517760,5.202409,5.201661,104.252471,166955,3.572474
1949:ApriltagsCameraLog(1):,7,-7.050699,-3.879000,-7.050699,-3.879000,-7.044822,3.520189,3.517706,5.202462,5.202036,106.795954,166956,3.575014
1971:ApriltagsCameraLog(1):,7,-7.044822,-4.051000,-7.044822,-4.051000,-7.038904,3.517703,3.518953,5.203138,5.202215,102.161139,166957,3.572474
1990:ApriltagsCameraLog(1):,7,-7.038904,-4.041000,-7.038904,-4.041000,-7.033066,3.517739,3.518340,5.203506,5.202693,102.265565,166958,3.572474
2010:ApriltagsCameraLog(1):,7,-7.033066,-4.035000,-7.033066,-4.035000,-7.027226,3.517774,3.518050,5.203868,5.203107,102.269710,166959,3.572474
2036:ApriltagsCameraLog(1):,7,-7.027226,-3.964000,-7.027226,-3.964000,-7.011386,3.517809,3.517922,5.204230,5.203491,103.936486,166960,3.572474
2055:ApriltagsCameraLog(1):,7,-7.011386,-4.002000,-7.011386,-4.002000,-7.005514,3.517904,3.517875,5.205213,5.203862,102.559264,166961,3.572474
2076:ApriltagsCameraLog(1):,7,-7.005514,-3.989000,-7.005514,-3.989000,-6.999666,3.517939,3.517907,5.205578,5.204537,102.741600,166962,3.572474
2093:ApriltagsCameraLog(1):,7,-6.999666,-4.024000,-6.999666,-4.024000,-6.993817,3.517974,3.517937,5.205941,5.205057,101.696733,166963,3.572474
2115:ApriltagsCameraLog(1):,7,-6.993817,-3.961000,-6.993817,-3.961000,-6.987988,3.520530,3.517967,5.205994,5.205498,103.240555,166964,3.575014
2129:ApriltagsCameraLog(1):,7,-6.987988,-3.984000,-6.987988,-3.984000,-6.982135,3.518044,3.519255,5.206666,5.205713,102.421195,166965,3.572474
2144:ApriltagsCameraLog(1):,7,-6.982135,-4.089000,-6.982135,-4.089000,-6.976292,3.518078,3.518662,5.207029,5.206205,99.585608,166966,3.572474
2166:ApriltagsCameraLog(1):,7,-6.976292,-4.006000,-6.976292,-4.006000,-6.970505,3.518113,3.518380,5.207391,5.206624,101.559265,166967,3.572474
2195:ApriltagsCameraLog(1):,7,-6.970505,-4.020000,-6.970505,-4.020000,-6.964679,3.518147,3.518257,5.207751,5.207011,101.053118,166968,3.572474
2212:ApriltagsCameraLog(1):,7,-6.964679,-4.026000,-6.964679,-4.026000,-6.958849,3.518182,3.518212,5.208112,5.207382,100.750598,166969,3.572474
2230:ApriltagsCameraLog(1):,7,-6.958849,-3.968000,-6.958849,-3.968000,-6.953039,3.518217,3.518206,5.208474,5.207748,102.085106,166970,3.572474
2257:ApriltagsCameraLog(1):,7,-6.953039,-4.004000,-6.953039,-4.004000,-6.947202,3.518251,3.518221,5.208835,5.208111,101.015602,166971,3.572474
2275:ApriltagsCameraLog(1):,7,-6.947202,-3.986000,-6.947202,-3.986000,-6.941386,3.518285,3.518245,5.209197,5.208472,101.326737,166972,3.572474
2310:ApriltagsCameraLog(1):,7,-6.941386,-3.904000,-6.941386,-3.904000,-6.945564,3.518320,3.518275,5.209558,5.208834,103.275516,166974,3.572474
2331:ApriltagsCameraLog(1):,7,-6.945564,-3.925000,-6.945564,-3.925000,-6.939705,3.518295,3.518307,5.209299,5.209195,102.845215,166975,3.572474
2349:ApriltagsCameraLog(1):,7,-6.939705,-3.801000,-6.939705,-3.801000,-6.933861,3.518330,3.518302,5.209662,5.209247,105.867226,166976,3.572474
2372:ApriltagsCameraLog(1):,7,-6.933861,-3.898000,-6.933861,-3.898000,-6.927954,3.518364,3.518322,5.210025,5.209454,103.236495,166977,3.572474
2392:ApriltagsCameraLog(1):,7,-6.927954,-3.910000,-6.927954,-3.910000,-6.922095,3.518399,3.518351,5.210392,5.209739,102.778430,166978,3.572474
2410:ApriltagsCameraLog(1):,7,-6.922095,-3.905000,-6.922095,-3.905000,-6.916245,3.518434,3.518383,5.210756,5.210065,102.756468,166979,3.572474
2429:ApriltagsCameraLog(1):,7,-6.916245,-3.954000,-6.916245,-3.954000,-6.910395,3.518468,3.518418,5.211119,5.210409,101.353417,166980,3.572474
2449:ApriltagsCameraLog(1):,7,-6.910395,-3.922000,-6.910395,-3.922000,-6.904573,3.518502,3.518452,5.211482,5.210763,102.022340,166981,3.572474
2489:ApriltagsCameraLog(1):,7,-6.904573,-4.016000,-6.904573,-4.016000,-6.888738,3.518536,3.518486,5.211843,5.211122,99.468905,166982,3.572474
2510:ApriltagsCameraLog(1):,7,-6.888738,-3.993000,-6.888738,-3.993000,-6.882953,3.518629,3.518520,5.212826,5.211482,99.652172,166984,3.572474
2530:ApriltagsCameraLog(1):,7,-6.882953,-3.883000,-6.882953,-3.883000,-6.877157,3.518663,3.518592,5.213185,5.212152,102.317980,166985,3.572474
2550:ApriltagsCameraLog(1):,7,-6.877157,-3.948000,-6.877157,-3.948000,-6.871315,3.518697,3.518641,5.213545,5.212668,100.507021,166986,3.572474
2589:ApriltagsCameraLog(1):,7,-6.871315,-3.906000,-6.871315,-3.906000,-6.865510,3.518731,3.518680,5.213908,5.213106,101.431955,166988,3.572474
2609:ApriltagsCameraLog(1):,7,-6.865510,-3.969000,-6.865510,-3.969000,-6.859686,3.518765,3.518716,5.214268,5.213506,99.671922,166989,3.572474
2629:ApriltagsCameraLog(1):,7,-6.859686,-3.955000,-6.859686,-3.955000,-6.853897,3.518799,3.518750,5.214630,5.213886,99.881063,166990,3.572474
2649:ApriltagsCameraLog(1):,7,-6.853897,-3.948000,-6.853897,-3.948000,-6.848104,3.518832,3.518784,5.214989,5.214257,99.912046,166991,3.572474
2670:ApriltagsCameraLog(1):,7,-6.848104,-3.890000,-6.848104,-3.890000,-6.842310,3.518866,3.518817,5.215349,5.214622,101.247488,166992,3.572474
2689:ApriltagsCameraLog(1):,7,-6.842310,-3.989000,-6.842310,-3.989000,-6.836490,3.518900,3.518851,5.215708,5.214985,98.566886,166993,3.572474
2709:ApriltagsCameraLog(1):,7,-6.836490,-3.858000,-6.836490,-3.858000,-6.830724,3.518933,3.518884,5.216070,5.215346,101.768955,166994,3.572474
2730:ApriltagsCameraLog(1):,7,-6.830724,-3.964000,-6.830724,-3.964000,-6.824893,3.518967,3.518918,5.216428,5.215707,98.910002,166995,3.572474
2750:ApriltagsCameraLog(1):,7,-6.824893,-3.955000,-6.824893,-3.955000,-6.819120,3.519000,3.518951,5.216790,5.216067,98.991073,166996,3.572474
2769:ApriltagsCameraLog(1):,7,-6.819120,-4.043000,-6.819120,-4.043000,-6.813345,3.519034,3.518985,5.217148,5.216427,96.592375,166997,3.572474
2790:ApriltagsCameraLog(1):,7,-6.813345,-3.932000,-6.813345,-3.932000,-6.807621,3.519067,3.519018,5.217507,5.216787,99.284010,166998,3.572474
2830:ApriltagsCameraLog(1):,7,-6.807621,-3.883000,-6.807621,-3.883000,-6.801840,3.519100,3.519051,5.217862,5.217146,100.390993,166999,3.572474
2849:ApriltagsCameraLog(1):,7,-6.801840,-4.025000,-6.801840,-4.025000,-6.796036,3.519133,3.519085,5.218221,5.217503,96.610784,167001,3.572474
2869:ApriltagsCameraLog(1):,7,-6.796036,-4.005000,-6.796036,-4.005000,-6.790312,3.519167,3.519118,5.218581,5.217861,96.973930,167002,3.572474
2889:ApriltagsCameraLog(1):,7,-6.790312,-3.999000,-6.790312,-3.999000,-6.784579,3.519200,3.519151,5.218937,5.218221,96.980974,167003,3.572474
2929:ApriltagsCameraLog(1):,7,-6.784579,-4.062000,-6.784579,-4.062000,-6.778846,3.519232,3.519184,5.219293,5.218578,95.222807,167005,3.572474
2949:ApriltagsCameraLog(1):,7,-6.778846,-3.950000,-6.778846,-3.950000,-6.773152,3.519265,3.519217,5.219648,5.218935,97.941101,167006,3.572474
2969:ApriltagsCameraLog(1):,7,-6.773152,-4.274000,-6.773152,-4.274000,-6.767399,3.519298,3.519250,5.220002,5.219291,89.507588,167007,3.572474
2989:ApriltagsCameraLog(1):,7,-6.767399,-4.115000,-6.767399,-4.115000,-6.771840,3.519331,3.519282,5.220359,5.219646,93.427608,167008,3.572474
3009:ApriltagsCameraLog(1):,7,-6.771840,-4.070000,-6.771840,-4.070000,-6.766186,3.519305,3.519314,5.220083,5.220002,94.692300,167009,3.572474
3029:ApriltagsCameraLog(1):,7,-6.766186,-4.051000,-6.766186,-4.051000,-6.760510,3.519338,3.519311,5.220435,5.220043,95.033689,167010,3.572474
3049:ApriltagsCameraLog(1):,7,-6.760510,-3.963000,-6.760510,-3.963000,-6.754820,3.519370,3.519329,5.220787,5.220238,97.139539,167011,3.572474
3069:ApriltagsCameraLog(1):,7,-6.754820,-4.039000,-6.754820,-4.039000,-6.749084,3.519403,3.519356,5.221140,5.220512,95.049920,167012,3.572474
3089:ApriltagsCameraLog(1):,7,-6.749084,-4.039000,-6.749084,-4.039000,-6.743393,3.519435,3.519387,5.221496,5.220826,94.903187,167013,3.572474
3109:ApriltagsCameraLog(1):,7,-6.743393,-4.018000,-6.743393,-4.018000,-6.737706,3.519468,3.519419,5.221850,5.221160,95.294802,167014,3.572474
3130:ApriltagsCameraLog(1):,7,-6.737706,-4.087000,-6.737706,-4.087000,-6.732010,3.519500,3.519451,5.222203,5.221504,93.384317,167015,3.572474
3149:ApriltagsCameraLog(1):,7,-6.732010,-3.865000,-6.732010,-3.865000,-6.726357,3.519532,3.519484,5.222557,5.221853,98.917328,167016,3.572474
3169:ApriltagsCameraLog(1):,7,-6.726357,-3.946000,-6.726357,-3.946000,-6.720584,3.519564,3.519517,5.222908,5.222204,96.700770,167017,3.572474
3189:ApriltagsCameraLog(1):,7,-6.720584,-3.966000,-6.720584,-3.966000,-6.714857,3.519597,3.519549,5.223266,5.222555,96.041485,167018,3.572474
3209:ApriltagsCameraLog(1):,7,-6.714857,-3.916000,-6.714857,-3.916000,-6.709145,3.519630,3.519582,5.223622,5.222910,97.173988,167019,3.572474
3229:ApriltagsCameraLog(1):,7,-6.709145,-4.037000,-6.709145,-4.037000,-6.703408,3.519662,3.519614,5.223976,5.223265,93.932710,167020,3.572474
3249:ApriltagsCameraLog(1):,7,-6.703408,-4.050000,-6.703408,-4.050000,-6.697743,3.519694,3.519646,5.224333,5.223620,93.453423,167021,3.572474
3290:ApriltagsCameraLog(1):,7,-6.697743,-4.024000,-6.697743,-4.024000,-6.692088,3.519726,3.519679,5.224684,5.223976,93.973583,167023,3.572474
3313:ApriltagsCameraLog(1):,7,-6.692088,-3.883000,-6.692088,-3.883000,-6.686422,3.519758,3.519711,5.225035,5.224329,97.435697,167024,3.572474
3349:ApriltagsCameraLog(1):,7,-6.686422,-3.811000,-6.686422,-3.811000,-6.680679,3.519790,3.519743,5.225387,5.224682,99.132499,167025,3.572474
3369:ApriltagsCameraLog(1):,7,-6.680679,-3.986000,-6.680679,-3.986000,-6.674901,3.519822,3.519775,5.225744,5.225034,94.509140,167026,3.572474
3389:ApriltagsCameraLog(1):,7,-6.674901,-3.955000,-6.674901,-3.955000,-6.669223,3.519855,3.519807,5.226103,5.225388,95.154316,167028,3.572474
3409:ApriltagsCameraLog(1):,7,-6.669223,-3.902000,-6.669223,-3.902000,-6.663530,3.519887,3.519839,5.226455,5.225745,96.364797,167029,3.572474
3429:ApriltagsCameraLog(1):,7,-6.663530,-4.031000,-6.663530,-4.031000,-6.657811,3.519919,3.519872,5.226809,5.226099,92.919379,167030,3.572474
3449:ApriltagsCameraLog(1):,7,-6.657811,-3.941000,-6.657811,-3.941000,-6.642169,3.519951,3.519903,5.227164,5.226454,95.075256,167031,3.572474
3489:ApriltagsCameraLog(1):,7,-6.642169,-3.938000,-6.642169,-3.938000,-6.636478,3.520038,3.519935,5.228135,5.226808,94.751881,167033,3.572474
3530:ApriltagsCameraLog(1):,7,-6.636478,-3.988000,-6.636478,-3.988000,-6.630794,3.520070,3.520002,5.228489,5.227470,93.327311,167035,3.572474
3549:ApriltagsCameraLog(1):,7,-6.630794,-4.014000,-6.630794,-4.014000,-6.625142,3.520102,3.520048,5.228842,5.227979,92.516844,167036,3.572474
3569:ApriltagsCameraLog(1):,7,-6.625142,-4.038000,-6.625142,-4.038000,-6.619510,3.520133,3.520084,5.229193,5.228410,91.758367,167037,3.572474
3609:ApriltagsCameraLog(1):,7,-6.619510,-3.923000,-6.619510,-3.923000,-6.613895,3.520164,3.520117,5.229543,5.228801,94.555965,167039,3.572474
3629:ApriltagsCameraLog(1):,7,-6.613895,-4.090000,-6.613895,-4.090000,-6.608216,3.520195,3.520150,5.229891,5.229171,90.140521,167040,3.572474
3648:ApriltagsCameraLog(1):,7,-6.608216,-3.990000,-6.608216,-3.990000,-6.602641,3.520227,3.520180,5.230244,5.229531,92.553217,167041,3.572474
3668:ApriltagsCameraLog(1):,7,-6.602641,-3.938000,-6.602641,-3.938000,-6.597007,3.520258,3.520212,5.230590,5.229887,93.740761,167042,3.572474
3695:ApriltagsCameraLog(1):,7,-6.597007,-3.909000,-6.597007,-3.909000,-6.591346,3.520289,3.520243,5.230940,5.230238,94.338470,167043,3.572474
3712:ApriltagsCameraLog(1):,7,-6.591346,-3.977000,-6.591346,-3.977000,-6.585672,3.520320,3.520274,5.231292,5.230588,92.454236,167044,3.572474
3729:ApriltagsCameraLog(1):,7,-6.585672,-3.899000,-6.585672,-3.899000,-6.580041,3.520352,3.520305,5.231644,5.230939,94.304305,167045,3.572474
3748:ApriltagsCameraLog(1):,7,-6.580041,-3.894000,-6.580041,-3.894000,-6.574367,3.520383,3.520337,5.231994,5.231291,94.288164,167046,3.572474
3769:ApriltagsCameraLog(1):,7,-6.574367,-4.000000,-6.574367,-4.000000,-6.568693,3.520414,3.520368,5.232346,5.231642,91.431569,167047,3.572474
3788:ApriltagsCameraLog(1):,7,-6.568693,-3.965000,-6.568693,-3.965000,-6.563087,3.520445,3.520399,5.232699,5.231993,92.181736,167048,3.572474
3809:ApriltagsCameraLog(1):,7,-6.563087,-3.888000,-6.563087,-3.888000,-6.557462,3.520476,3.520430,5.233047,5.232345,94.007965,167049,3.572474
3829:ApriltagsCameraLog(1):,7,-6.557462,-3.968000,-6.557462,-3.968000,-6.551795,3.520507,3.520461,5.233396,5.232696,91.817704,167050,3.572474
3848:ApriltagsCameraLog(1):,7,-6.551795,-3.890000,-6.551795,-3.890000,-6.546179,3.520538,3.520492,5.233748,5.233045,93.667963,167051,3.572474
3868:ApriltagsCameraLog(1):,7,-6.546179,-3.844000,-6.546179,-3.844000,-6.540520,3.520569,3.520523,5.234097,5.233396,94.700981,167052,3.572474
3888:ApriltagsCameraLog(1):,7,-6.540520,-3.914000,-6.540520,-3.914000,-6.534837,3.520600,3.520554,5.234448,5.233746,92.765629,167053,3.572474
3909:ApriltagsCameraLog(1):,7,-6.534837,-3.807000,-6.534837,-3.807000,-6.529198,3.520631,3.520585,5.234801,5.234097,95.357302,167054,3.572474
3948:ApriltagsCameraLog(1):,7,-6.529198,-3.917000,-6.529198,-3.917000,-6.523501,3.520662,3.520616,5.235152,5.234448,92.399298,167056,3.572474
3969:ApriltagsCameraLog(1):,7,-6.523501,-3.964000,-6.523501,-3.964000,-6.517871,3.520693,3.520647,5.235505,5.234799,91.051306,167057,3.572474
3989:ApriltagsCameraLog(1):,7,-6.517871,-3.892000,-6.517871,-3.892000,-6.512274,3.520723,3.520678,5.235855,5.235152,92.749047,167058,3.572474
4009:ApriltagsCameraLog(1):,7,-6.512274,-4.019000,-6.512274,-4.019000,-6.506636,3.520754,3.520709,5.236203,5.235503,89.357231,167059,3.572474
4029:ApriltagsCameraLog(1):,7,-6.506636,-4.054000,-6.506636,-4.054000,-6.501080,3.520784,3.520739,5.236553,5.235852,88.317717,167060,3.572474
4048:ApriltagsCameraLog(1):,7,-6.501080,-3.938000,-6.501080,-3.938000,-6.495551,3.520815,3.520769,5.236898,5.236202,91.142867,167061,3.572474
4068:ApriltagsCameraLog(1):,7,-6.495551,-3.937000,-6.495551,-3.937000,-6.489951,3.520845,3.520800,5.237242,5.236550,91.027016,167062,3.572474
4109:ApriltagsCameraLog(1):,7,-6.489951,-3.889000,-6.489951,-3.889000,-6.484355,3.520875,3.520830,5.237589,5.236895,92.111602,167064,3.572474
4129:ApriltagsCameraLog(1):,7,-6.484355,-4.078000,-6.484355,-4.078000,-6.478732,3.520905,3.520860,5.237937,5.237242,87.133852,167065,3.572474
4148:ApriltagsCameraLog(1):,7,-6.478732,-4.040000,-6.478732,-4.040000,-6.463234,3.520936,3.520890,5.238286,5.237589,87.962049,167066,3.572474
4168:ApriltagsCameraLog(1):,7,-6.463234,-4.158000,-6.463234,-4.158000,-6.457714,3.521019,3.520920,5.239249,5.237937,84.547202,167067,3.572474
4188:ApriltagsCameraLog(1):,7,-6.457714,-4.042000,-6.457714,-4.042000,-6.452277,3.521049,3.520983,5.239592,5.238592,87.373260,167068,3.572474
4229:ApriltagsCameraLog(1):,7,-6.452277,-3.847000,-6.452277,-3.847000,-6.446772,3.521078,3.521026,5.239930,5.239091,92.222238,167070,3.572474
4248:ApriltagsCameraLog(1):,7,-6.446772,-3.968000,-6.446772,-3.968000,-6.441146,3.521108,3.521062,5.240272,5.239510,88.986276,167071,3.572474
4268:ApriltagsCameraLog(1):,7,-6.441146,-3.967000,-6.441146,-3.967000,-6.435600,3.521138,3.521093,5.240621,5.239890,88.867948,167072,3.572474
4288:ApriltagsCameraLog(1):,7,-6.435600,-4.014000,-6.435600,-4.014000,-6.430057,3.521168,3.521123,5.240966,5.240255,87.523831,167073,3.572474
4308:ApriltagsCameraLog(1):,7,-6.430057,-4.111000,-6.430057,-4.111000,-6.434549,3.521197,3.521153,5.241310,5.240610,84.900798,167074,3.572474
4329:ApriltagsCameraLog(1):,7,-6.434549,-3.985000,-6.434549,-3.985000,-6.429111,3.521173,3.521182,5.241031,5.240959,88.238748,167075,3.572474
4350:ApriltagsCameraLog(1):,7,-6.429111,-3.981000,-6.429111,-3.981000,-6.423593,3.521202,3.521179,5.241369,5.240995,88.201985,167076,3.572474
4368:ApriltagsCameraLog(1):,7,-6.423593,-3.919000,-6.423593,-3.919000,-6.418067,3.521232,3.521194,5.241711,5.241182,89.646778,167077,3.572474
4389:ApriltagsCameraLog(1):,7,-6.418067,-3.847000,-6.418067,-3.847000,-6.412504,3.521261,3.521219,5.242055,5.241446,91.347167,167078,3.572474
4429:ApriltagsCameraLog(1):,7,-6.412504,-3.886000,-6.412504,-3.886000,-6.396899,3.521291,3.521247,5.242400,5.241750,90.207255,167079,3.572474
4449:ApriltagsCameraLog(1):,7,-6.396899,-4.031000,-6.396899,-4.031000,-6.391323,3.521374,3.521276,5.243370,5.242075,86.099018,167081,3.572474
4468:ApriltagsCameraLog(1):,7,-6.391323,-3.877000,-6.391323,-3.877000,-6.385853,3.521404,3.521338,5.243716,5.242721,89.895654,167082,3.572474
4488:ApriltagsCameraLog(1):,7,-6.385853,-3.858000,-6.385853,-3.858000,-6.380283,3.521433,3.521382,5.244056,5.243218,90.241746,167083,3.572474
4508:ApriltagsCameraLog(1):,7,-6.380283,-3.832000,-6.380283,-3.832000,-6.384706,3.518938,3.521417,5.244684,5.243636,90.692283,167084,3.569935
4548:ApriltagsCameraLog(1):,7,-6.384706,-3.815000,-6.384706,-3.815000,-6.379111,3.521439,3.520189,5.244127,5.244188,91.312337,167086,3.572474
4568:ApriltagsCameraLog(1):,7,-6.379111,-3.817000,-6.379111,-3.817000,-6.373507,3.521469,3.520813,5.244475,5.244144,91.118059,167087,3.572474
4588:ApriltagsCameraLog(1):,7,-6.373507,-3.800000,-6.373507,-3.800000,-6.367908,3.524022,3.521145,5.244541,5.244302,91.482158,167088,3.575014
4608:ApriltagsCameraLog(1):,7,-6.367908,-3.927000,-6.367908,-3.927000,-6.362306,3.521528,3.522586,5.245171,5.244389,88.017711,167089,3.572474
4648:ApriltagsCameraLog(1):,7,-6.362306,-4.003000,-6.362306,-4.003000,-6.356785,3.521557,3.522065,5.245519,5.244791,85.930355,167091,3.572474
4669:ApriltagsCameraLog(1):,7,-6.356785,-4.022000,-6.356785,-4.022000,-6.351319,3.521586,3.521819,5.245862,5.245160,85.303110,167092,3.572474
4688:ApriltagsCameraLog(1):,7,-6.351319,-3.906000,-6.351319,-3.906000,-6.345871,3.521615,3.521710,5.246202,5.245513,88.130556,167093,3.572474
4708:ApriltagsCameraLog(1):,7,-6.345871,-4.027000,-6.345871,-4.027000,-6.340346,3.521644,3.521670,5.246540,5.245858,84.896029,167094,3.572474
4729:ApriltagsCameraLog(1):,7,-6.340346,-3.960000,-6.340346,-3.960000,-6.334909,3.521673,3.521664,5.246883,5.246199,86.468562,167095,3.572474
4748:ApriltagsCameraLog(1):,7,-6.334909,-3.970000,-6.334909,-3.970000,-6.329429,3.521702,3.521675,5.247221,5.246541,86.073687,167096,3.572474
4768:ApriltagsCameraLog(1):,7,-6.329429,-4.017000,-6.329429,-4.017000,-6.323959,3.521730,3.521695,5.247562,5.246881,84.731248,167097,3.572474
4788:ApriltagsCameraLog(1):,7,-6.323959,-3.872000,-6.323959,-3.872000,-6.318526,3.521759,3.521720,5.247901,5.247221,88.300406,167098,3.572474
4808:ApriltagsCameraLog(1):,7,-6.318526,-3.981000,-6.318526,-3.981000,-6.312998,3.521787,3.521747,5.248239,5.247561,85.373245,167099,3.572474
4853:ApriltagsCameraLog(1):,7,-6.312998,-4.073000,-6.312998,-4.073000,-6.307547,3.521816,3.521774,5.248582,5.247899,82.878477,167101,3.572474
4888:ApriltagsCameraLog(1):,7,-6.307547,-3.786000,-6.307547,-3.786000,-6.302168,3.521845,3.521802,5.248921,5.248240,90.080461,167103,3.572474
4908:ApriltagsCameraLog(1):,7,-6.302168,-3.736000,-6.302168,-3.736000,-6.296607,3.521873,3.521831,5.249255,5.248580,91.221848,167104,3.572474
4929:ApriltagsCameraLog(1):,7,-6.296607,-3.928000,-6.296607,-3.928000,-6.281015,3.519377,3.521859,5.249879,5.248917,86.099856,167105,3.569935
4948:ApriltagsCameraLog(1):,7,-6.281015,-4.071000,-6.281015,-4.071000,-6.275538,3.521983,3.520628,5.250570,5.249424,82.111518,167106,3.572474
4969:ApriltagsCameraLog(1):,7,-6.275538,-4.072000,-6.275538,-4.072000,-6.270171,3.519486,3.521316,5.251188,5.249984,81.880782,167107,3.569935
4991:ApriltagsCameraLog(1):,7,-6.270171,-3.991000,-6.270171,-3.991000,-6.264815,3.522039,3.520413,5.251243,5.250603,83.880533,167108,3.572474
5009:ApriltagsCameraLog(1):,7,-6.264815,-3.895000,-6.264815,-3.895000,-6.259407,3.522067,3.521232,5.251576,5.250907,86.199185,167109,3.572474
5028:ApriltagsCameraLog(1):,7,-6.259407,-3.962000,-6.259407,-3.962000,-6.253933,3.522095,3.521656,5.251912,5.251233,84.346986,167110,3.572474
5048:ApriltagsCameraLog(1):,7,-6.253933,-3.958000,-6.253933,-3.958000,-6.248512,3.522123,3.521882,5.252252,5.251568,84.309301,167111,3.572474
5068:ApriltagsCameraLog(1):,7,-6.248512,-3.756000,-6.248512,-3.756000,-6.243091,3.522151,3.522009,5.252589,5.251908,89.337734,167112,3.572474
5088:ApriltagsCameraLog(1):,7,-6.243091,-3.870000,-6.243091,-3.870000,-6.237536,3.522179,3.522087,5.252926,5.252247,86.282977,167113,3.572474
5108:ApriltagsCameraLog(1):,7,-6.237536,-3.883000,-6.237536,-3.883000,-6.232060,3.522207,3.522140,5.253271,5.252586,85.808333,167114,3.572474
5129:ApriltagsCameraLog(1):,7,-6.232060,-3.851000,-6.232060,-3.851000,-6.226598,3.522235,3.522181,5.253612,5.252928,86.486833,167115,3.572474
5148:ApriltagsCameraLog(1):,7,-6.226598,-3.919000,-6.226598,-3.919000,-6.221117,3.519738,3.522215,5.254227,5.253269,84.540493,167116,3.569935
5168:ApriltagsCameraLog(1):,7,-6.221117,-3.990000,-6.221117,-3.990000,-6.215684,3.519767,3.520987,5.254567,5.253773,82.585682,167117,3.569935
5188:ApriltagsCameraLog(1):,7,-6.215684,-4.051000,-6.215684,-4.051000,-6.210307,3.522319,3.520384,5.254629,5.254181,80.951964,167118,3.572474
5209:ApriltagsCameraLog(1):,7,-6.210307,-3.981000,-6.210307,-3.981000,-6.204985,3.522347,3.521356,5.254963,5.254387,82.605008,167119,3.572474
5228:ApriltagsCameraLog(1):,7,-6.204985,-4.030000,-6.204985,-4.030000,-6.199614,3.524899,3.521857,5.255020,5.254666,81.279965,167120,3.575014
5248:ApriltagsCameraLog(1):,7,-6.199614,-4.004000,-6.199614,-4.004000,-6.194288,3.522402,3.523381,5.255628,5.254814,81.743141,167121,3.572474
5289:ApriltagsCameraLog(1):,7,-6.194288,-3.917000,-6.194288,-3.917000,-6.188942,3.522429,3.522899,5.255959,5.255230,83.832358,167123,3.572474
5308:ApriltagsCameraLog(1):,7,-6.188942,-3.866000,-6.188942,-3.866000,-6.183535,3.522456,3.522671,5.256291,5.255599,85.000181,167124,3.572474
5329:ApriltagsCameraLog(1):,7,-6.183535,-4.055000,-6.183535,-4.055000,-6.178095,3.522483,3.522571,5.256627,5.255947,80.027282,167125,3.572474
5348:ApriltagsCameraLog(1):,7,-6.178095,-3.966000,-6.178095,-3.966000,-6.172802,3.522511,3.522533,5.256965,5.256288,82.164724,167126,3.572474
5368:ApriltagsCameraLog(1):,7,-6.172802,-3.985000,-6.172802,-3.985000,-6.167443,3.522538,3.522529,5.257294,5.256627,81.543322,167127,3.572474
5408:ApriltagsCameraLog(1):,7,-6.167443,-4.039000,-6.167443,-4.039000,-6.162104,3.522565,3.522540,5.257627,5.256960,80.024941,167128,3.572474
5428:ApriltagsCameraLog(1):,7,-6.162104,-3.969000,-6.162104,-3.969000,-6.156811,3.522592,3.522558,5.257959,5.257293,81.678937,167130,3.572474
5448:ApriltagsCameraLog(1):,7,-6.156811,-4.015000,-6.156811,-4.015000,-6.151467,3.522619,3.522582,5.258288,5.257626,80.366876,167131,3.572474
5468:ApriltagsCameraLog(1):,7,-6.151467,-4.070000,-6.151467,-4.070000,-6.146163,3.522646,3.522606,5.258620,5.257956,78.823288,167132,3.572474
5489:ApriltagsCameraLog(1):,7,-6.146163,-4.063000,-6.146163,-4.063000,-6.140909,3.522673,3.522632,5.258950,5.258288,78.866682,167133,3.572474
5508:ApriltagsCameraLog(1):,7,-6.140909,-4.040000,-6.140909,-4.040000,-6.135652,3.522699,3.522658,5.259276,5.258618,79.320607,167134,3.572474
5529:ApriltagsCameraLog(1):,7,-6.135652,-4.031000,-6.135652,-4.031000,-6.130382,3.522726,3.522685,5.259603,5.258947,79.416375,167135,3.572474
5548:ApriltagsCameraLog(1):,7,-6.130382,-4.027000,-6.130382,-4.027000,-6.125108,3.522752,3.522711,5.259930,5.259274,79.383870,167136,3.572474
5568:ApriltagsCameraLog(1):,7,-6.125108,-3.892000,-6.125108,-3.892000,-6.119835,3.522779,3.522738,5.260258,5.259602,82.702242,167137,3.572474
5588:ApriltagsCameraLog(1):,7,-6.119835,-3.997000,-6.119835,-3.997000,-6.114461,3.522805,3.522764,5.260586,5.259930,79.881489,167138,3.572474
5610:ApriltagsCameraLog(1):,7,-6.114461,-3.971000,-6.114461,-3.971000,-6.109172,3.522832,3.522791,5.260920,5.260257,80.409082,167139,3.572474
5628:ApriltagsCameraLog(1):,7,-6.109172,-3.998000,-6.109172,-3.998000,-6.103867,3.520333,3.522818,5.261519,5.260588,79.519958,167140,3.569935
5648:ApriltagsCameraLog(1):,7,-6.103867,-4.022000,-6.103867,-4.022000,-6.098584,3.522885,3.521584,5.261578,5.261076,78.833538,167141,3.572474
5668:ApriltagsCameraLog(1):,7,-6.098584,-3.920000,-6.098584,-3.920000,-6.093329,3.522911,3.522239,5.261907,5.261315,81.307535,167142,3.572474
5688:ApriltagsCameraLog(1):,7,-6.093329,-4.004000,-6.093329,-4.004000,-6.087996,3.522938,3.522581,5.262233,5.261605,79.024411,167143,3.572474
5730:ApriltagsCameraLog(1):,7,-6.087996,-3.853000,-6.087996,-3.853000,-6.082735,3.522964,3.522765,5.262565,5.261916,82.750548,167144,3.572474
5749:ApriltagsCameraLog(1):,7,-6.082735,-3.956000,-6.082735,-3.956000,-6.077359,3.522990,3.522871,5.262892,5.262238,79.981254,167146,3.572474
5788:ApriltagsCameraLog(1):,7,-6.077359,-4.103000,-6.077359,-4.103000,-6.072068,3.523017,3.522937,5.263226,5.262564,76.083505,167147,3.572474
5809:ApriltagsCameraLog(1):,7,-6.072068,-4.025000,-6.072068,-4.025000,-6.066905,3.523043,3.522982,5.263555,5.262894,77.943376,167148,3.572474
5828:ApriltagsCameraLog(1):,7,-6.066905,-3.898000,-6.066905,-3.898000,-6.061679,3.523069,3.523019,5.263875,5.263224,81.059954,167150,3.572474
5848:ApriltagsCameraLog(1):,7,-6.061679,-3.975000,-6.061679,-3.975000,-6.056354,3.523095,3.523050,5.264200,5.263549,78.956629,167151,3.572474
5868:ApriltagsCameraLog(1):,7,-6.056354,-3.963000,-6.056354,-3.963000,-6.051095,3.523121,3.523078,5.264531,5.263874,79.127366,167152,3.572474
5908:ApriltagsCameraLog(1):,7,-6.051095,-3.922000,-6.051095,-3.922000,-6.045831,3.523147,3.523106,5.264858,5.264202,80.041618,167154,3.572474
5929:ApriltagsCameraLog(1):,7,-6.045831,-3.799000,-6.045831,-3.799000,-6.040537,3.523173,3.523132,5.265185,5.264530,83.053268,167155,3.572474
5949:ApriltagsCameraLog(1):,7,-6.040537,-3.892000,-6.040537,-3.892000,-6.035152,3.520673,3.523159,5.265782,5.264857,80.474982,167156,3.569935
5969:ApriltagsCameraLog(1):,7,-6.035152,-3.850000,-6.035152,-3.850000,-6.029839,3.523226,3.521925,5.265849,5.265343,81.475545,167157,3.572474
5991:ApriltagsCameraLog(1):,7,-6.029839,-3.992000,-6.029839,-3.992000,-6.024501,3.520726,3.522580,5.266446,5.265583,77.645600,167158,3.569935
6029:ApriltagsCameraLog(1):,7,-6.024501,-3.945000,-6.024501,-3.945000,-6.019280,3.523278,3.521661,5.266511,5.266031,78.773018,167159,3.572474
6049:ApriltagsCameraLog(1):,7,-6.019280,-4.040000,-6.019280,-4.040000,-6.014026,3.523304,3.522474,5.266836,5.266257,76.209363,167161,3.572474
6068:ApriltagsCameraLog(1):,7,-6.014026,-3.889000,-6.014026,-3.889000,-6.008859,3.523329,3.522894,5.267162,5.266539,79.937538,167162,3.572474
6109:ApriltagsCameraLog(1):,7,-6.008859,-3.928000,-6.008859,-3.928000,-6.003569,3.523355,3.523117,5.267483,5.266847,78.807756,167163,3.572474
6129:ApriltagsCameraLog(1):,7,-6.003569,-3.826000,-6.003569,-3.826000,-5.998315,3.523381,3.523242,5.267812,5.267163,81.281564,167164,3.572474
6148:ApriltagsCameraLog(1):,7,-5.998315,-3.829000,-5.998315,-3.829000,-5.992983,3.523406,3.523317,5.268139,5.267486,81.070426,167165,3.572474
6168:ApriltagsCameraLog(1):,7,-5.992983,-3.922000,-5.992983,-3.922000,-5.987657,3.523432,3.523368,5.268470,5.267812,78.555112,167166,3.572474
6188:ApriltagsCameraLog(1):,7,-5.987657,-3.898000,-5.987657,-3.898000,-5.982412,3.523458,3.523406,5.268801,5.268140,79.032805,167167,3.572474
6208:ApriltagsCameraLog(1):,7,-5.982412,-3.907000,-5.982412,-3.907000,-5.977150,3.523484,3.523438,5.269127,5.268470,78.668401,167168,3.572474
6228:ApriltagsCameraLog(1):,7,-5.977150,-3.986000,-5.977150,-3.986000,-5.971901,3.523509,3.523467,5.269454,5.268798,76.513009,167169,3.572474
6248:ApriltagsCameraLog(1):,7,-5.971901,-3.981000,-5.971901,-3.981000,-5.956723,3.521009,3.523494,5.270045,5.269126,76.445870,167170,3.569935
6268:ApriltagsCameraLog(1):,7,-5.956723,-4.015000,-5.956723,-4.015000,-5.951541,3.523608,3.522259,5.270724,5.269607,75.248674,167171,3.572474
6289:ApriltagsCameraLog(1):,7,-5.951541,-3.940000,-5.951541,-3.940000,-5.946382,3.523633,3.522943,5.271046,5.270154,77.034616,167172,3.572474
6309:ApriltagsCameraLog(1):,7,-5.946382,-4.009000,-5.946382,-4.009000,-5.941176,3.523658,3.523296,5.271367,5.270594,75.137620,167173,3.572474
6329:ApriltagsCameraLog(1):,7,-5.941176,-4.044000,-5.941176,-4.044000,-5.936046,3.523683,3.523484,5.271691,5.270978,74.109161,167174,3.572474
6348:ApriltagsCameraLog(1):,7,-5.936046,-4.054000,-5.936046,-4.054000,-5.930954,3.523708,3.523589,5.272010,5.271332,73.722155,167176,3.572474
6388:ApriltagsCameraLog(1):,7,-5.930954,-3.970000,-5.930954,-3.970000,-5.925876,3.523733,3.523654,5.272326,5.271670,75.740596,167178,3.572474
6429:ApriltagsCameraLog(1):,7,-5.925876,-4.037000,-5.925876,-4.037000,-5.920725,3.523757,3.523699,5.272642,5.271997,73.896851,167180,3.572474
6448:ApriltagsCameraLog(1):,7,-5.920725,-3.974000,-5.920725,-3.974000,-5.915640,3.523782,3.523733,5.272962,5.272319,75.376615,167181,3.572474
6488:ApriltagsCameraLog(1):,7,-5.915640,-3.991000,-5.915640,-3.991000,-5.910502,3.523806,3.523763,5.273278,5.272640,74.811698,167183,3.572474
6508:ApriltagsCameraLog(1):,7,-5.910502,-4.062000,-5.910502,-4.062000,-5.905384,3.523831,3.523790,5.273598,5.272959,72.864098,167184,3.572474
6529:ApriltagsCameraLog(1):,7,-5.905384,-4.037000,-5.905384,-4.037000,-5.900338,3.523855,3.523816,5.273916,5.273278,73.372679,167185,3.572474
6548:ApriltagsCameraLog(1):,7,-5.900338,-4.072000,-5.900338,-4.072000,-5.885273,3.523879,3.523841,5.274229,5.273596,72.348312,167186,3.572474
6569:ApriltagsCameraLog(1):,7,-5.885273,-4.070000,-5.885273,-4.070000,-5.880247,3.523951,3.523865,5.275166,5.273913,72.014104,167187,3.572474
6588:ApriltagsCameraLog(1):,7,-5.880247,-3.925000,-5.880247,-3.925000,-5.875223,3.523975,3.523918,5.275479,5.274539,75.594601,167188,3.572474
6608:ApriltagsCameraLog(1):,7,-5.875223,-3.985000,-5.875223,-3.985000,-5.870077,3.523999,3.523955,5.275791,5.275008,73.931307,167189,3.572474
6648:ApriltagsCameraLog(1):,7,-5.870077,-4.035000,-5.870077,-4.035000,-5.864991,3.524023,3.523983,5.276111,5.275399,72.520682,167191,3.572474
6668:ApriltagsCameraLog(1):,7,-5.864991,-4.079000,-5.864991,-4.079000,-5.859958,3.524048,3.524009,5.276427,5.275755,71.265077,167192,3.572474
6688:ApriltagsCameraLog(1):,7,-5.859958,-4.006000,-5.859958,-4.006000,-5.854974,3.524071,3.524033,5.276740,5.276090,73.003661,167193,3.572474
6708:ApriltagsCameraLog(1):,7,-5.854974,-4.053000,-5.854974,-4.053000,-5.849922,3.524095,3.524058,5.277050,5.276415,71.673918,167194,3.572474
6729:ApriltagsCameraLog(1):,7,-5.849922,-4.050000,-5.849922,-4.050000,-5.844922,3.524119,3.524081,5.277364,5.276732,71.621438,167195,3.572474
6748:ApriltagsCameraLog(1):,7,-5.844922,-3.967000,-5.844922,-3.967000,-5.839924,3.524142,3.524105,5.277675,5.277048,73.616657,167196,3.572474
6788:ApriltagsCameraLog(1):,7,-5.839924,-4.130000,-5.839924,-4.130000,-5.834849,3.524166,3.524129,5.277985,5.277361,69.319295,167198,3.572474
6808:ApriltagsCameraLog(1):,7,-5.834849,-4.066000,-5.834849,-4.066000,-5.829945,3.524190,3.524152,5.278301,5.277673,70.826597,167199,3.572474
6828:ApriltagsCameraLog(1):,7,-5.829945,-4.089000,-5.829945,-4.089000,-5.824978,3.521686,3.524176,5.278864,5.277987,70.057124,167200,3.569935
6849:ApriltagsCameraLog(1):,7,-5.824978,-4.076000,-5.824978,-4.076000,-5.820036,3.524236,3.522938,5.278915,5.278444,70.318283,167201,3.572474
6868:ApriltagsCameraLog(1):,7,-5.820036,-4.098000,-5.820036,-4.098000,-5.815089,3.524259,3.523590,5.279222,5.278670,69.629118,167202,3.572474
6888:ApriltagsCameraLog(1):,7,-5.815089,-4.150000,-5.815089,-4.150000,-5.810171,3.524283,3.523929,5.279530,5.278941,68.172442,167203,3.572474
6908:ApriltagsCameraLog(1):,7,-5.810171,-4.198000,-5.810171,-4.198000,-5.805315,3.524306,3.524110,5.279835,5.279233,66.818811,167204,3.572474
6929:ApriltagsCameraLog(1):,7,-5.805315,-4.055000,-5.805315,-4.055000,-5.800519,3.521801,3.524212,5.280394,5.279533,70.296633,167205,3.569935
6968:ApriltagsCameraLog(1):,7,-5.800519,-3.694000,-5.800519,-3.694000,-5.795567,3.524351,3.523013,5.280436,5.279982,79.464110,167207,3.572474
6988:ApriltagsCameraLog(1):,7,-5.795567,-3.876000,-5.795567,-3.876000,-5.790290,3.524374,3.523686,5.280743,5.280196,74.681914,167208,3.572474
7028:ApriltagsCameraLog(1):,7,-5.790290,-3.947000,-5.790290,-3.947000,-5.785178,3.524398,3.524034,5.281071,5.280464,72.730788,167210,3.572474
7048:ApriltagsCameraLog(1):,7,-5.785178,-3.962000,-5.785178,-3.962000,-5.780137,3.524422,3.524221,5.281389,5.280765,72.216306,167211,3.572474
7068:ApriltagsCameraLog(1):,7,-5.780137,-3.939000,-5.780137,-3.939000,-5.775115,3.524446,3.524327,5.281703,5.281075,72.675697,167212,3.572474
7088:ApriltagsCameraLog(1):,7,-5.775115,-3.961000,-5.775115,-3.961000,-5.770076,3.524469,3.524391,5.282015,5.281388,71.984496,167213,3.572474
7108:ApriltagsCameraLog(1):,7,-5.770076,-3.857000,-5.770076,-3.857000,-5.765064,3.527019,3.524435,5.282073,5.281701,74.575071,167214,3.575014
7129:ApriltagsCameraLog(1):,7,-5.765064,-4.021000,-5.765064,-4.021000,-5.759961,3.524516,3.525730,5.282640,5.281865,70.192596,167215,3.572474
7150:ApriltagsCameraLog(1):,7,-5.759961,-3.979000,-5.759961,-3.979000,-5.755020,3.524539,3.525129,5.282957,5.282262,71.136401,167216,3.572474
7168:ApriltagsCameraLog(1):,7,-5.755020,-3.999000,-5.755020,-3.999000,-5.750040,3.524562,3.524839,5.283265,5.282614,70.498422,167217,3.572474
7208:ApriltagsCameraLog(1):,7,-5.750040,-4.025000,-5.750040,-4.025000,-5.745087,3.524585,3.524706,5.283574,5.282941,69.705978,167219,3.572474
7228:ApriltagsCameraLog(1):,7,-5.745087,-4.085000,-5.745087,-4.085000,-5.740166,3.524608,3.524650,5.283882,5.283259,68.044480,167220,3.572474
7248:ApriltagsCameraLog(1):,7,-5.740166,-4.109000,-5.740166,-4.109000,-5.735315,3.524630,3.524633,5.284188,5.283571,67.304683,167221,3.572474
7289:ApriltagsCameraLog(1):,7,-5.735315,-4.086000,-5.735315,-4.086000,-5.730497,3.524653,3.524636,5.284490,5.283879,67.768938,167223,3.572474
7308:ApriltagsCameraLog(1):,7,-5.730497,-4.018000,-5.730497,-4.018000,-5.725658,3.524675,3.524649,5.284789,5.284184,69.385111,167224,3.572474
7330:ApriltagsCameraLog(1):,7,-5.725658,-4.094000,-5.725658,-4.094000,-5.720750,3.522170,3.524666,5.285344,5.284487,67.263810,167225,3.569935
7348:ApriltagsCameraLog(1):,7,-5.720750,-3.995000,-5.720750,-3.995000,-5.715927,3.524720,3.523424,5.285396,5.284933,69.724118,167226,3.572474
7388:ApriltagsCameraLog(1):,7,-5.715927,-4.000000,-5.715927,-4.000000,-5.701005,3.524742,3.524075,5.285695,5.285154,69.472859,167227,3.572474
7408:ApriltagsCameraLog(1):,7,-5.701005,-3.887000,-5.701005,-3.887000,-5.696093,3.527337,3.524413,5.286371,5.285420,72.038828,167229,3.575014
7428:ApriltagsCameraLog(1):,7,-5.696093,-3.923000,-5.696093,-3.923000,-5.691069,3.524832,3.525882,5.286929,5.285872,70.935158,167230,3.572474
7448:ApriltagsCameraLog(1):,7,-5.691069,-3.895000,-5.691069,-3.895000,-5.686098,3.524855,3.525365,5.287241,5.286409,71.522883,167231,3.572474
7468:ApriltagsCameraLog(1):,7,-5.686098,-3.932000,-5.686098,-3.932000,-5.681104,3.524878,3.525117,5.287550,5.286829,70.449273,167232,3.572474
7488:ApriltagsCameraLog(1):,7,-5.681104,-3.880000,-5.681104,-3.880000,-5.676152,3.524900,3.525003,5.287861,5.287191,71.651664,167233,3.572474
7508:ApriltagsCameraLog(1):,7,-5.676152,-3.853000,-5.676152,-3.853000,-5.671153,3.524923,3.524957,5.288169,5.287527,72.215660,167234,3.572474
7548:ApriltagsCameraLog(1):,7,-5.671153,-3.810000,-5.671153,-3.810000,-5.666131,3.524945,3.524945,5.288480,5.287848,73.187702,167235,3.572474
7568:ApriltagsCameraLog(1):,7,-5.666131,-3.920000,-5.666131,-3.920000,-5.661073,3.524968,3.524950,5.288792,5.288164,70.245477,167236,3.572474
7589:ApriltagsCameraLog(1):,7,-5.661073,-3.942000,-5.661073,-3.942000,-5.656130,3.524991,3.524964,5.289107,5.288478,69.553328,167237,3.572474
7608:ApriltagsCameraLog(1):,7,-5.656130,-3.724000,-5.656130,-3.724000,-5.651215,3.525013,3.524982,5.289414,5.288792,75.003282,167239,3.572474
7648:ApriltagsCameraLog(1):,7,-5.651215,-3.808000,-5.651215,-3.808000,-5.646090,3.525036,3.525003,5.289720,5.289103,72.728858,167241,3.572474
7668:ApriltagsCameraLog(1):,7,-5.646090,-3.822000,-5.646090,-3.822000,-5.641049,3.525059,3.525024,5.290038,5.289411,72.239636,167242,3.572474
7708:ApriltagsCameraLog(1):,7,-5.641049,-3.933000,-5.641049,-3.933000,-5.636027,3.525081,3.525046,5.290352,5.289724,69.271337,167243,3.572474
7730:ApriltagsCameraLog(1):,7,-5.636027,-3.887000,-5.636027,-3.887000,-5.631124,3.525104,3.525068,5.290664,5.290038,70.319539,167244,3.572474
7748:ApriltagsCameraLog(1):,7,-5.631124,-3.926000,-5.631124,-3.926000,-5.626177,3.525126,3.525091,5.290969,5.290351,69.196514,167245,3.572474
7769:ApriltagsCameraLog(1):,7,-5.626177,-3.866000,-5.626177,-3.866000,-5.621277,3.525148,3.525113,5.291277,5.290660,70.604771,167246,3.572474
7788:ApriltagsCameraLog(1):,7,-5.621277,-3.999000,-5.621277,-3.999000,-5.616319,3.525170,3.525135,5.291581,5.290968,67.077320,167248,3.572474
7828:ApriltagsCameraLog(1):,7,-5.616319,-3.932000,-5.616319,-3.932000,-5.611511,3.525192,3.525157,5.291890,5.291274,68.664340,167250,3.572474
7868:ApriltagsCameraLog(1):,7,-5.611511,-3.966000,-5.611511,-3.966000,-5.606634,3.525214,3.525179,5.292189,5.291582,67.671641,167252,3.572474
7888:ApriltagsCameraLog(1):,7,-5.606634,-4.086000,-5.606634,-4.086000,-5.601799,3.525235,3.525201,5.292492,5.291885,64.477294,167253,3.572474
7931:ApriltagsCameraLog(1):,7,-5.601799,-4.099000,-5.601799,-4.099000,-5.597112,3.525257,3.525222,5.292793,5.292188,64.021091,167255,3.572474
7968:ApriltagsCameraLog(1):,7,-5.597112,-4.073000,-5.597112,-4.073000,-5.592446,3.525278,3.525243,5.293084,5.292490,64.566266,167257,3.572474
7988:ApriltagsCameraLog(1):,7,-5.592446,-4.096000,-5.592446,-4.096000,-5.587754,3.525298,3.525264,5.293374,5.292787,63.858589,167258,3.572474
8008:ApriltagsCameraLog(1):,7,-5.587754,-3.995000,-5.587754,-3.995000,-5.583097,3.525319,3.525285,5.293666,5.293080,66.322126,167259,3.572474
8028:ApriltagsCameraLog(1):,7,-5.583097,-4.080000,-5.583097,-4.080000,-5.578322,3.525340,3.525306,5.293956,5.293373,64.028706,167260,3.572474
8048:ApriltagsCameraLog(1):,7,-5.578322,-4.018000,-5.578322,-4.018000,-5.573657,3.525361,3.525327,5.294253,5.293664,65.492519,167261,3.572474
8068:ApriltagsCameraLog(1):,7,-5.573657,-3.973000,-5.573657,-3.973000,-5.568920,3.525382,3.525348,5.294543,5.293958,66.524265,167262,3.572474
8088:ApriltagsCameraLog(1):,7,-5.568920,-3.994000,-5.568920,-3.994000,-5.564137,3.525403,3.525369,5.294838,5.294250,65.865939,167263,3.572474
8108:ApriltagsCameraLog(1):,7,-5.564137,-4.047000,-5.564137,-4.047000,-5.559384,3.525424,3.525390,5.295135,5.294544,64.387845,167264,3.572474
8128:ApriltagsCameraLog(1):,7,-5.559384,-3.926000,-5.559384,-3.926000,-5.554700,3.525445,3.525411,5.295431,5.294839,67.361414,167265,3.572474
8148:ApriltagsCameraLog(1):,7,-5.554700,-3.988000,-5.554700,-3.988000,-5.549879,3.525465,3.525432,5.295722,5.295135,65.655672,167266,3.572474
8189:ApriltagsCameraLog(1):,7,-5.549879,-3.886000,-5.549879,-3.886000,-5.545136,3.525487,3.525453,5.296022,5.295428,68.141480,167267,3.572474
8208:ApriltagsCameraLog(1):,7,-5.545136,-3.913000,-5.545136,-3.913000,-5.540280,3.525507,3.525474,5.296317,5.295725,67.329492,167269,3.572474
8249:ApriltagsCameraLog(1):,7,-5.540280,-3.917000,-5.540280,-3.917000,-5.535461,3.525529,3.525495,5.296619,5.296021,67.102972,167271,3.572474
8268:ApriltagsCameraLog(1):,7,-5.535461,-3.944000,-5.535461,-3.944000,-5.530651,3.525550,3.525516,5.296919,5.296319,66.289037,167272,3.572474
8288:ApriltagsCameraLog(1):,7,-5.530651,-3.928000,-5.530651,-3.928000,-5.525879,3.525571,3.525537,5.297218,5.296619,66.575288,167273,3.572474
8329:ApriltagsCameraLog(1):,7,-5.525879,-3.819000,-5.525879,-3.819000,-5.521093,3.525592,3.525558,5.297515,5.296918,69.241402,167274,3.572474
8348:ApriltagsCameraLog(1):,7,-5.521093,-3.959000,-5.521093,-3.959000,-5.516191,3.525613,3.525579,5.297812,5.297216,65.537810,167276,3.572474
8388:ApriltagsCameraLog(1):,7,-5.516191,-3.972000,-5.516191,-3.972000,-5.511453,3.525634,3.525600,5.298117,5.297514,65.079874,167277,3.572474
8408:ApriltagsCameraLog(1):,7,-5.511453,-3.955000,-5.511453,-3.955000,-5.506737,3.525655,3.525621,5.298412,5.297815,65.393544,167278,3.572474
8428:ApriltagsCameraLog(1):,7,-5.506737,-3.868000,-5.506737,-3.868000,-5.502005,3.525675,3.525642,5.298705,5.298113,67.498340,167280,3.572474
8468:ApriltagsCameraLog(1):,7,-5.502005,-3.821000,-5.502005,-3.821000,-5.497178,3.525696,3.525663,5.299000,5.298409,68.579563,167282,3.572474
8508:ApriltagsCameraLog(1):,7,-5.497178,-4.001000,-5.497178,-4.001000,-5.492304,3.523188,3.525683,5.299543,5.298704,63.801014,167284,3.569935
8529:ApriltagsCameraLog(1):,7,-5.492304,-3.874000,-5.492304,-3.874000,-5.487644,3.525738,3.524441,5.299603,5.299140,66.975675,167285,3.572474
8548:ApriltagsCameraLog(1):,7,-5.487644,-3.930000,-5.487644,-3.930000,-5.482839,3.525758,3.525093,5.299893,5.299362,65.423998,167286,3.572474
8568:ApriltagsCameraLog(1):,7,-5.482839,-3.946000,-5.482839,-3.946000,-5.478107,3.525779,3.525429,5.300192,5.299623,64.891830,167287,3.572474
8588:ApriltagsCameraLog(1):,7,-5.478107,-3.912000,-5.478107,-3.912000,-5.473399,3.525799,3.525608,5.300486,5.299905,65.640485,167288,3.572474
8608:ApriltagsCameraLog(1):,7,-5.473399,-3.878000,-5.473399,-3.878000,-5.468656,3.525819,3.525707,5.300779,5.300194,66.389781,167289,3.572474
8628:ApriltagsCameraLog(1):,7,-5.468656,-3.902000,-5.468656,-3.902000,-5.463879,3.525840,3.525767,5.301074,5.300486,65.654542,167290,3.572474
8651:ApriltagsCameraLog(1):,7,-5.463879,-3.778000,-5.463879,-3.778000,-5.459135,3.525861,3.525808,5.301371,5.300779,68.704229,167291,3.572474
8688:ApriltagsCameraLog(1):,7,-5.459135,-3.805000,-5.459135,-3.805000,-5.454256,3.525881,3.525838,5.301666,5.301075,67.892239,167292,3.572474
8709:ApriltagsCameraLog(1):,7,-5.454256,-3.861000,-5.454256,-3.861000,-5.449412,3.525902,3.525864,5.301970,5.301370,66.334951,167293,3.572474
8734:ApriltagsCameraLog(1):,7,-5.449412,-3.919000,-5.449412,-3.919000,-5.444637,3.525923,3.525887,5.302271,5.301670,64.727409,167294,3.572474
8749:ApriltagsCameraLog(1):,7,-5.444637,-3.976000,-5.444637,-3.976000,-5.439937,3.525943,3.525909,5.302568,5.301970,63.147226,167295,3.572474
8769:ApriltagsCameraLog(1):,7,-5.439937,-4.016000,-5.439937,-4.016000,-5.435315,3.525963,3.525930,5.302860,5.302269,62.003821,167297,3.572474
8793:ApriltagsCameraLog(1):,7,-5.435315,-4.024000,-5.435315,-4.024000,-5.430752,3.525983,3.525950,5.303148,5.302564,61.680955,167298,3.572474
8828:ApriltagsCameraLog(1):,7,-5.430752,-3.960000,-5.430752,-3.960000,-5.426205,3.526002,3.525970,5.303432,5.302856,63.201330,167299,3.572474
8848:ApriltagsCameraLog(1):,7,-5.426205,-3.783000,-5.426205,-3.783000,-5.411580,3.526022,3.525990,5.303715,5.303144,67.612652,167300,3.572474
8868:ApriltagsCameraLog(1):,7,-5.411580,-3.897000,-5.411580,-3.897000,-5.406747,3.526084,3.526010,5.304624,5.303429,64.322446,167301,3.572474
8888:ApriltagsCameraLog(1):,7,-5.406747,-3.822000,-5.406747,-3.822000,-5.412037,3.526105,3.526055,5.304925,5.304026,66.117312,167302,3.572474
8908:ApriltagsCameraLog(1):,7,-5.412037,-3.793000,-5.412037,-3.793000,-5.407255,3.526082,3.526086,5.304596,5.304475,66.994424,167303,3.572474
8929:ApriltagsCameraLog(1):,7,-5.407255,-3.992000,-5.407255,-3.992000,-5.402480,3.526102,3.526085,5.304893,5.304536,61.781731,167304,3.572474
8948:ApriltagsCameraLog(1):,7,-5.402480,-3.982000,-5.402480,-3.982000,-5.397947,3.526123,3.526096,5.305190,5.304714,61.915386,167305,3.572474
8968:ApriltagsCameraLog(1):,7,-5.397947,-3.954000,-5.397947,-3.954000,-5.393387,3.526142,3.526112,5.305472,5.304952,62.515654,167307,3.572474
8988:ApriltagsCameraLog(1):,7,-5.393387,-3.890000,-5.393387,-3.890000,-5.388797,3.526161,3.526130,5.305756,5.305212,64.036140,167308,3.572474
9008:ApriltagsCameraLog(1):,7,-5.388797,-3.910000,-5.388797,-3.910000,-5.384131,3.526180,3.526149,5.306042,5.305484,63.407128,167309,3.572474
9028:ApriltagsCameraLog(1):,7,-5.384131,-3.820000,-5.384131,-3.820000,-5.379496,3.526200,3.526168,5.306332,5.305762,65.589941,167310,3.572474
9048:ApriltagsCameraLog(1):,7,-5.379496,-3.932000,-5.379496,-3.932000,-5.374755,3.526220,3.526188,5.306620,5.306047,62.606438,167311,3.572474
9088:ApriltagsCameraLog(1):,7,-5.374755,-3.994000,-5.374755,-3.994000,-5.370161,3.526240,3.526207,5.306915,5.306333,60.899221,167313,3.572474
9109:ApriltagsCameraLog(1):,7,-5.370161,-3.941000,-5.370161,-3.941000,-5.355656,3.526259,3.526227,5.307201,5.306624,62.137430,167314,3.572474
9130:ApriltagsCameraLog(1):,7,-5.355656,-4.085000,-5.355656,-4.085000,-5.351085,3.526320,3.526247,5.308103,5.306912,58.082912,167315,3.572474
9148:ApriltagsCameraLog(1):,7,-5.351085,-3.974000,-5.351085,-3.974000,-5.346721,3.526339,3.526290,5.308388,5.307507,60.805350,167316,3.572474
9168:ApriltagsCameraLog(1):,7,-5.346721,-4.102000,-5.346721,-4.102000,-5.342221,3.526357,3.526320,5.308659,5.307947,57.419500,167317,3.572474
9188:ApriltagsCameraLog(1):,7,-5.342221,-3.969000,-5.342221,-3.969000,-5.337916,3.526376,3.526342,5.308939,5.308303,60.706495,167318,3.572474
9229:ApriltagsCameraLog(1):,7,-5.337916,-3.995000,-5.337916,-3.995000,-5.343421,3.526394,3.526363,5.309207,5.308621,59.931303,167320,3.572474
9249:ApriltagsCameraLog(1):,7,-5.343421,-4.048000,-5.343421,-4.048000,-5.328955,3.523842,3.526382,5.309101,5.308914,58.669760,167321,3.569935
9268:ApriltagsCameraLog(1):,7,-5.328955,-3.834000,-5.328955,-3.834000,-5.324569,3.526431,3.525113,5.309764,5.309022,63.820428,167322,3.572474
9288:ApriltagsCameraLog(1):,7,-5.324569,-3.943000,-5.324569,-3.943000,-5.319894,3.526449,3.525777,5.310037,5.309384,60.920043,167323,3.572474
9308:ApriltagsCameraLog(1):,7,-5.319894,-3.966000,-5.319894,-3.966000,-5.315388,3.526469,3.526117,5.310328,5.309707,60.212115,167324,3.572474
9329:ApriltagsCameraLog(1):,7,-5.315388,-3.955000,-5.315388,-3.955000,-5.310921,3.526487,3.526296,5.310608,5.310015,60.378242,167325,3.572474
9348:ApriltagsCameraLog(1):,7,-5.310921,-3.888000,-5.310921,-3.888000,-5.306444,3.526506,3.526395,5.310886,5.310311,61.977816,167326,3.572474
9388:ApriltagsCameraLog(1):,7,-5.306444,-3.928000,-5.306444,-3.928000,-5.311882,3.526524,3.526454,5.311165,5.310598,60.840114,167328,3.572474
9408:ApriltagsCameraLog(1):,7,-5.311882,-3.887000,-5.311882,-3.887000,-5.297367,3.526502,3.526493,5.310827,5.310881,62.027974,167329,3.572474
9428:ApriltagsCameraLog(1):,7,-5.297367,-4.076000,-5.297367,-4.076000,-5.292802,3.526562,3.526497,5.311730,5.310854,56.822111,167330,3.572474
9451:ApriltagsCameraLog(1):,7,-5.292802,-4.040000,-5.292802,-4.040000,-5.288515,3.526581,3.526534,5.312014,5.311291,57.626210,167331,3.572474
9468:ApriltagsCameraLog(1):,7,-5.288515,-4.118000,-5.288515,-4.118000,-5.284197,3.526598,3.526561,5.312280,5.311652,55.521323,167332,3.572474
9489:ApriltagsCameraLog(1):,7,-5.284197,-4.038000,-5.284197,-4.038000,-5.280011,3.526616,3.526583,5.312549,5.311966,57.457249,167333,3.572474
9508:ApriltagsCameraLog(1):,7,-5.280011,-3.958000,-5.280011,-3.958000,-5.275702,3.526633,3.526603,5.312809,5.312257,59.396560,167334,3.572474
9529:ApriltagsCameraLog(1):,7,-5.275702,-4.004000,-5.275702,-4.004000,-5.271280,3.526651,3.526621,5.313077,5.312533,58.109685,167335,3.572474
9548:ApriltagsCameraLog(1):,7,-5.271280,-4.113000,-5.271280,-4.113000,-5.266934,3.526669,3.526639,5.313353,5.312805,55.208372,167336,3.572474
9568:ApriltagsCameraLog(1):,7,-5.266934,-3.925000,-5.266934,-3.925000,-5.262768,3.526687,3.526657,5.313623,5.313079,59.906185,167337,3.572474
9588:ApriltagsCameraLog(1):,7,-5.262768,-4.044000,-5.262768,-4.044000,-5.258317,3.526704,3.526675,5.313882,5.313351,56.755644,167338,3.572474
9608:ApriltagsCameraLog(1):,7,-5.258317,-3.845000,-5.258317,-3.845000,-5.254053,3.526722,3.526692,5.314159,5.313616,61.732159,167339,3.572474
9628:ApriltagsCameraLog(1):,7,-5.254053,-4.091000,-5.254053,-4.091000,-5.249503,3.526739,3.526710,5.314424,5.313888,55.330455,167340,3.572474
9648:ApriltagsCameraLog(1):,7,-5.249503,-4.081000,-5.249503,-4.081000,-5.245330,3.526758,3.526728,5.314708,5.314156,55.469857,167341,3.572474
9668:ApriltagsCameraLog(1):,7,-5.245330,-4.042000,-5.245330,-4.042000,-5.241147,3.526775,3.526745,5.314967,5.314432,56.360738,167342,3.572474
9688:ApriltagsCameraLog(1):,7,-5.241147,-4.017000,-5.241147,-4.017000,-5.236907,3.526792,3.526763,5.315227,5.314699,56.893233,167343,3.572474
9728:ApriltagsCameraLog(1):,7,-5.236907,-4.096000,-5.236907,-4.096000,-5.232634,3.524280,3.526780,5.315723,5.314963,54.720477,167345,3.569935
9748:ApriltagsCameraLog(1):,7,-5.232634,-3.898000,-5.232634,-3.898000,-5.228494,3.526826,3.525534,5.315757,5.315355,59.719452,167346,3.572474
9768:ApriltagsCameraLog(1):,7,-5.228494,-3.929000,-5.228494,-3.929000,-5.224054,3.526843,3.526182,5.316015,5.315549,58.820599,167347,3.572474
9808:ApriltagsCameraLog(1):,7,-5.224054,-3.947000,-5.224054,-3.947000,-5.219665,3.526861,3.526515,5.316291,5.315778,58.246564,167349,3.572474
9828:ApriltagsCameraLog(1):,7,-5.219665,-3.895000,-5.219665,-3.895000,-5.215310,3.526879,3.526691,5.316564,5.316033,59.464457,167350,3.572474
9868:ApriltagsCameraLog(1):,7,-5.215310,-3.850000,-5.215310,-3.850000,-5.210884,3.526896,3.526788,5.316835,5.316297,60.504148,167352,3.572474
9888:ApriltagsCameraLog(1):,7,-5.210884,-3.799000,-5.210884,-3.799000,-5.206401,3.526914,3.526845,5.317110,5.316565,61.695507,167353,3.572474
9929:ApriltagsCameraLog(1):,7,-5.206401,-4.026000,-5.206401,-4.026000,-5.201853,3.526932,3.526883,5.317389,5.316838,55.774203,167355,3.572474
9948:ApriltagsCameraLog(1):,7,-5.201853,-4.074000,-5.201853,-4.074000,-5.197652,3.524421,3.526910,5.317903,5.317113,54.386821,167356,3.569935
9968:ApriltagsCameraLog(1):,7,-5.197652,-4.098000,-5.197652,-4.098000,-5.193535,3.524438,3.525670,5.318164,5.317520,53.666008,167357,3.569935
9988:ApriltagsCameraLog(1):,7,-5.193535,-4.106000,-5.193535,-4.106000,-5.189467,3.524454,3.525057,5.318420,5.317848,53.356305,167358,3.569935
10008:ApriltagsCameraLog(1):,7,-5.189467,-4.074000,-5.189467,-4.074000,-5.185421,3.527000,3.524758,5.318443,5.318137,54.113213,167359,3.572474
10028:ApriltagsCameraLog(1):,7,-5.185421,-4.217000,-5.185421,-4.217000,-5.181328,3.524487,3.525881,5.318924,5.318279,50.311820,167360,3.569935
10068:ApriltagsCameraLog(1):,7,-5.181328,-3.932000,-5.181328,-3.932000,-5.177510,3.527033,3.525186,5.318949,5.318608,57.537358,167362,3.572474
10088:ApriltagsCameraLog(1):,7,-5.177510,-3.863000,-5.177510,-3.863000,-5.173196,3.527048,3.526111,5.319187,5.318768,59.204694,167363,3.572474
10108:ApriltagsCameraLog(1):,7,-5.173196,-3.871000,-5.173196,-3.871000,-5.168785,3.527065,3.526582,5.319455,5.318972,58.889694,167364,3.572474
10129:ApriltagsCameraLog(1):,7,-5.168785,-3.777000,-5.168785,-3.777000,-5.164392,3.527083,3.526826,5.319730,5.319211,61.181360,167365,3.572474
10168:ApriltagsCameraLog(1):,7,-5.164392,-3.848000,-5.164392,-3.848000,-5.159871,3.527100,3.526958,5.320003,5.319469,59.252833,167366,3.572474
10188:ApriltagsCameraLog(1):,7,-5.159871,-3.791000,-5.159871,-3.791000,-5.155458,3.527118,3.527032,5.320285,5.319735,60.595246,167367,3.572474
10209:ApriltagsCameraLog(1):,7,-5.155458,-3.873000,-5.155458,-3.873000,-5.150970,3.527136,3.527078,5.320559,5.320009,58.384816,167369,3.572474
10228:ApriltagsCameraLog(1):,7,-5.150970,-3.898000,-5.150970,-3.898000,-5.136607,3.527154,3.527110,5.320839,5.320284,57.630501,167370,3.572474
10249:ApriltagsCameraLog(1):,7,-5.136607,-3.941000,-5.136607,-3.941000,-5.132289,3.527210,3.527135,5.321732,5.320561,56.163172,167371,3.572474
10288:ApriltagsCameraLog(1):,7,-5.132289,-3.978000,-5.132289,-3.978000,-5.128043,3.529757,3.527179,5.321774,5.321146,55.150022,167373,3.575014
10308:ApriltagsCameraLog(1):,7,-5.128043,-3.984000,-5.128043,-3.984000,-5.123887,3.527244,3.528471,5.322265,5.321447,54.844175,167374,3.572474
10328:ApriltagsCameraLog(1):,7,-5.123887,-3.887000,-5.123887,-3.887000,-5.119745,3.529790,3.527862,5.322297,5.321862,57.264555,167375,3.575014
10348:ApriltagsCameraLog(1):,7,-5.119745,-3.948000,-5.119745,-3.948000,-5.115455,3.527277,3.528828,5.322781,5.322069,55.552806,167376,3.572474
10368:ApriltagsCameraLog(1):,7,-5.115455,-3.930000,-5.115455,-3.930000,-5.111267,3.527294,3.528056,5.323048,5.322433,55.903493,167377,3.572474
10408:ApriltagsCameraLog(1):,7,-5.111267,-4.053000,-5.111267,-4.053000,-5.107056,3.527310,3.527678,5.323309,5.322745,52.650051,167379,3.572474
10429:ApriltagsCameraLog(1):,7,-5.107056,-4.023000,-5.107056,-4.023000,-5.103067,3.527326,3.527497,5.323571,5.323029,53.309727,167380,3.572474
10448:ApriltagsCameraLog(1):,7,-5.103067,-3.932000,-5.103067,-3.932000,-5.099030,3.527342,3.527414,5.323819,5.323301,55.535455,167381,3.572474
10468:ApriltagsCameraLog(1):,7,-5.099030,-3.930000,-5.099030,-3.930000,-5.094843,3.527358,3.527381,5.324071,5.323560,55.483351,167382,3.572474
10489:ApriltagsCameraLog(1):,7,-5.094843,-4.003000,-5.094843,-4.003000,-5.090659,3.527374,3.527372,5.324331,5.323816,53.508904,167383,3.572474
10508:ApriltagsCameraLog(1):,7,-5.090659,-3.930000,-5.090659,-3.930000,-5.086609,3.527391,3.527375,5.324591,5.324073,55.269208,167384,3.572474
10529:ApriltagsCameraLog(1):,7,-5.086609,-3.786000,-5.086609,-3.786000,-5.082438,3.527406,3.527386,5.324844,5.324332,58.849096,167385,3.572474
10548:ApriltagsCameraLog(1):,7,-5.082438,-3.874000,-5.082438,-3.874000,-5.078047,3.527423,3.527399,5.325103,5.324588,56.491399,167386,3.572474
10589:ApriltagsCameraLog(1):,7,-5.078047,-4.070000,-5.078047,-4.070000,-5.073799,3.527440,3.527413,5.325376,5.324845,51.365437,167387,3.572474
10608:ApriltagsCameraLog(1):,7,-5.073799,-3.923000,-5.073799,-3.923000,-5.069906,3.527456,3.527429,5.325641,5.325111,55.017011,167388,3.572474
10628:ApriltagsCameraLog(1):,7,-5.069906,-4.107000,-5.069906,-4.107000,-5.065752,3.527471,3.527445,5.325883,5.325376,50.210739,167389,3.572474
10648:ApriltagsCameraLog(1):,7,-5.065752,-3.985000,-5.065752,-3.985000,-5.061948,3.527487,3.527460,5.326141,5.325629,53.225211,167391,3.572474
10668:ApriltagsCameraLog(1):,7,-5.061948,-4.079000,-5.061948,-4.079000,-5.057917,3.527502,3.527476,5.326378,5.325885,50.723410,167392,3.572474
10689:ApriltagsCameraLog(1):,7,-5.057917,-3.967000,-5.057917,-3.967000,-5.054072,3.527518,3.527491,5.326629,5.326132,53.485220,167393,3.572474
10708:ApriltagsCameraLog(1):,7,-5.054072,-4.051000,-5.054072,-4.051000,-5.050022,3.527532,3.527507,5.326868,5.326380,51.238171,167394,3.572474
10729:ApriltagsCameraLog(1):,7,-5.050022,-4.007000,-5.050022,-4.007000,-5.046138,3.527548,3.527522,5.327120,5.326624,52.260089,167395,3.572474
10748:ApriltagsCameraLog(1):,7,-5.046138,-3.887000,-5.046138,-3.887000,-5.042176,3.527563,3.527537,5.327362,5.326872,55.230304,167396,3.572474
10768:ApriltagsCameraLog(1):,7,-5.042176,-3.959000,-5.042176,-3.959000,-5.038008,3.527578,3.527552,5.327609,5.327117,53.287221,167397,3.572474
10788:ApriltagsCameraLog(1):,7,-5.038008,-3.810000,-5.038008,-3.810000,-5.033974,3.527594,3.527568,5.327868,5.327363,56.991993,167398,3.572474
10808:ApriltagsCameraLog(1):,7,-5.033974,-3.943000,-5.033974,-3.943000,-5.029693,3.527610,3.527584,5.328119,5.327615,53.486675,167399,3.572474
10828:ApriltagsCameraLog(1):,7,-5.029693,-3.939000,-5.029693,-3.939000,-5.025645,3.527626,3.527599,5.328385,5.327867,53.479506,167400,3.572474
10848:ApriltagsCameraLog(1):,7,-5.025645,-3.899000,-5.025645,-3.899000,-5.021596,3.527642,3.527615,5.328637,5.328126,54.399144,167401,3.572474
10868:ApriltagsCameraLog(1):,7,-5.021596,-3.790000,-5.021596,-3.790000,-5.017484,3.527657,3.527631,5.328889,5.328382,57.083778,167402,3.572474
10908:ApriltagsCameraLog(1):,7,-5.017484,-3.942000,-5.017484,-3.942000,-5.013199,3.527673,3.527647,5.329145,5.328635,53.090462,167404,3.572474
10930:ApriltagsCameraLog(1):,7,-5.013199,-3.980000,-5.013199,-3.980000,-5.009178,3.527689,3.527662,5.329412,5.328890,52.008804,167405,3.572474
10948:ApriltagsCameraLog(1):,7,-5.009178,-3.980000,-5.009178,-3.980000,-5.005236,3.527704,3.527678,5.329662,5.329151,51.905968,167406,3.572474
10988:ApriltagsCameraLog(1):,7,-5.005236,-3.928000,-5.005236,-3.928000,-5.001301,3.527719,3.527693,5.329908,5.329406,53.135267,167408,3.572474
11008:ApriltagsCameraLog(1):,7,-5.001301,-3.915000,-5.001301,-3.915000,-4.997276,3.527734,3.527709,5.330152,5.329657,53.367143,167409,3.572474
11032:ApriltagsCameraLog(1):,7,-4.997276,-3.887000,-4.997276,-3.887000,-4.993235,3.527750,3.527724,5.330403,5.329905,53.980426,167410,3.572474
11050:ApriltagsCameraLog(1):,7,-4.993235,-3.890000,-4.993235,-3.890000,-4.989152,3.527765,3.527739,5.330654,5.330154,53.800323,167411,3.572474
11068:ApriltagsCameraLog(1):,7,-4.989152,-3.829000,-4.989152,-3.829000,-4.985081,3.527780,3.527755,5.330909,5.330404,55.256235,167412,3.572474
11108:ApriltagsCameraLog(1):,7,-4.985081,-3.954000,-4.985081,-3.954000,-4.980911,3.527796,3.527770,5.331162,5.330656,51.954627,167414,3.572474
11129:ApriltagsCameraLog(1):,7,-4.980911,-3.930000,-4.980911,-3.930000,-4.976973,3.527812,3.527785,5.331421,5.330909,52.461892,167415,3.572474
