510:ApriltagsCameraLog(1):,tag,last yaw,cam yaw,calc yaw,update yaw, est yaw,x,est x,y,est y,adjust,frame,dist
843:ApriltagsCameraLog(1):,7,-45.000000,-3.846000,-45.000000,-3.846000,-45.000000,2.553601,0.000000,3.089072,0.000000,1.000000,182153,3.572474
1002:ApriltagsCameraLog(1):,7,-45.000000,-3.943000,-45.000000,-3.943000,-24.423000,2.553601,1.557170,3.089072,1.312767,1.000000,182157,3.572474
1032:ApriltagsCameraLog(1):,7,-24.423000,-3.963000,-24.423000,-3.963000,-14.183000,3.252434,2.134963,4.156836,2.156280,1.000000,182159,3.572474
1066:ApriltagsCameraLog(1):,7,-14.183000,-3.956000,-14.183000,-3.956000,-9.073000,3.447307,2.738334,4.763956,3.131625,1.000000,182160,3.572474
1111:ApriltagsCameraLog(1):,7,-9.073000,-3.920000,-9.073000,-3.920000,-6.514500,3.505784,3.111046,5.077110,3.939875,1.000000,182161,3.575014
1157:ApriltagsCameraLog(1):,7,-6.514500,-3.948000,-6.514500,-3.948000,-5.217250,3.520742,3.314852,5.236065,4.506258,1.000000,182163,3.572474
1202:ApriltagsCameraLog(1):,7,-5.217250,-4.071000,-5.217250,-4.071000,-4.582625,3.526889,3.419818,5.316714,4.870591,28.805088,182166,3.572474
1227:ApriltagsCameraLog(1):,7,-4.582625,-3.824000,-4.582625,-3.824000,-4.565459,3.529230,3.474315,5.356215,5.093420,27.714397,182168,3.572474
1305:ApriltagsCameraLog(1):,7,-4.565459,-3.830000,-4.565459,-3.830000,-4.539637,3.529287,3.502593,5.357283,5.224644,27.649214,182171,3.572474
1328:ApriltagsCameraLog(1):,7,-4.539637,-4.016000,-4.539637,-4.016000,-4.514868,3.529373,3.516336,5.358891,5.290883,27.053195,182176,3.572474
1363:ApriltagsCameraLog(1):,7,-4.514868,-3.949000,-4.514868,-3.949000,-4.497085,3.526922,3.522997,5.360633,5.324860,27.150444,182181,3.569935
1388:ApriltagsCameraLog(1):,7,-4.497085,-3.935000,-4.497085,-3.935000,-4.477615,3.529512,3.525042,5.361541,5.342737,27.161377,182184,3.572474
1427:ApriltagsCameraLog(1):,7,-4.477615,-3.807000,-4.477615,-3.807000,-4.458347,3.529575,3.527320,5.362753,5.352129,27.466756,182189,3.572474
1443:ApriltagsCameraLog(1):,7,-4.458347,-3.938000,-4.458347,-3.938000,-4.435466,3.529637,3.528477,5.363953,5.357435,27.043935,182190,3.572474
1460:ApriltagsCameraLog(1):,7,-4.435466,-3.960000,-4.435466,-3.960000,-4.417727,3.529711,3.529071,5.365378,5.360691,26.917650,182191,3.572474
1476:ApriltagsCameraLog(1):,7,-4.417727,-3.962000,-4.417727,-3.962000,-4.401331,3.529767,3.529400,5.366482,5.363033,26.862110,182192,3.572474
1510:ApriltagsCameraLog(1):,7,-4.401331,-3.909000,-4.401331,-3.909000,-4.385563,3.529819,3.529590,5.367503,5.364757,26.965106,182194,3.572474
1526:ApriltagsCameraLog(1):,7,-4.385563,-3.850000,-4.385563,-3.850000,-4.368522,3.529868,3.529710,5.368485,5.366130,27.086752,182195,3.572474
1549:ApriltagsCameraLog(1):,7,-4.368522,-3.881000,-4.368522,-3.881000,-4.350061,3.529921,3.529794,5.369546,5.367307,26.951574,182196,3.572474
1573:ApriltagsCameraLog(1):,7,-4.350061,-3.896000,-4.350061,-3.896000,-4.333279,3.529979,3.529862,5.370696,5.368426,26.857421,182197,3.572474
1591:ApriltagsCameraLog(1):,7,-4.333279,-3.788000,-4.333279,-3.788000,-4.317582,3.530030,3.529925,5.371741,5.369561,27.114090,182198,3.572474
1608:ApriltagsCameraLog(1):,7,-4.317582,-3.922000,-4.317582,-3.922000,-4.298745,3.530078,3.529982,5.372719,5.370651,26.692876,182199,3.572474
1624:ApriltagsCameraLog(1):,7,-4.298745,-3.953000,-4.298745,-3.953000,-4.285141,3.530136,3.530034,5.373892,5.371684,26.552646,182200,3.572474
1643:ApriltagsCameraLog(1):,7,-4.285141,-3.957000,-4.285141,-3.957000,-4.273086,3.530177,3.530088,5.374739,5.372788,26.503111,182201,3.572474
1660:ApriltagsCameraLog(1):,7,-4.273086,-3.941000,-4.273086,-3.941000,-4.261593,3.530213,3.530135,5.375490,5.373763,26.514212,182202,3.572474
1682:ApriltagsCameraLog(1):,7,-4.261593,-3.988000,-4.261593,-3.988000,-4.249942,3.530248,3.530177,5.376205,5.374626,26.349627,182203,3.572474
1701:ApriltagsCameraLog(1):,7,-4.249942,-4.112000,-4.249942,-4.112000,-4.240364,3.530283,3.530214,5.376931,5.375416,25.967932,182204,3.572474
1721:ApriltagsCameraLog(1):,7,-4.240364,-3.972000,-4.240364,-3.972000,-4.235604,3.530311,3.530249,5.377528,5.376173,26.334912,182205,3.572474
1743:ApriltagsCameraLog(1):,7,-4.235604,-4.178000,-4.235604,-4.178000,-4.225961,3.530325,3.530282,5.377824,5.376850,25.741881,182206,3.572474
1766:ApriltagsCameraLog(1):,7,-4.225961,-3.942000,-4.225961,-3.942000,-4.224167,3.530354,3.530304,5.378425,5.377337,26.378798,182207,3.572474
1783:ApriltagsCameraLog(1):,7,-4.224167,-3.953000,-4.224167,-3.953000,-4.213861,3.530359,3.530330,5.378536,5.377881,26.342800,182208,3.572474
1800:ApriltagsCameraLog(1):,7,-4.213861,-4.048000,-4.213861,-4.048000,-4.204321,3.530390,3.530345,5.379178,5.378209,26.046492,182209,3.572474
1820:ApriltagsCameraLog(1):,7,-4.204321,-3.885000,-4.204321,-3.885000,-4.198541,3.530418,3.530368,5.379772,5.378693,26.478293,182210,3.572474
1852:ApriltagsCameraLog(1):,7,-4.198541,-3.948000,-4.198541,-3.948000,-4.187131,3.530435,3.530394,5.380132,5.379233,26.284762,182211,3.572474
1865:ApriltagsCameraLog(1):,7,-4.187131,-4.067000,-4.187131,-4.067000,-4.178366,3.530468,3.530415,5.380843,5.379683,25.917816,182212,3.572474
1894:ApriltagsCameraLog(1):,7,-4.178366,-4.044000,-4.178366,-4.044000,-4.174229,3.530493,3.530442,5.381389,5.380263,25.957872,182213,3.572474
1915:ApriltagsCameraLog(1):,7,-4.174229,-3.983000,-4.174229,-3.983000,-4.169398,3.530505,3.530468,5.381647,5.380826,26.117871,182214,3.572474
1942:ApriltagsCameraLog(1):,7,-4.169398,-3.920000,-4.169398,-3.920000,-4.162525,3.530519,3.530488,5.381948,5.381236,26.281546,182215,3.572474
1958:ApriltagsCameraLog(1):,7,-4.162525,-3.848000,-4.162525,-3.848000,-4.153635,3.530539,3.530504,5.382376,5.381592,26.464798,182217,3.572474
1982:ApriltagsCameraLog(1):,7,-4.153635,-3.842000,-4.153635,-3.842000,-4.142507,3.530565,3.530523,5.382929,5.381984,26.456667,182218,3.572474
2000:ApriltagsCameraLog(1):,7,-4.142507,-3.896000,-4.142507,-3.896000,-4.131562,3.530597,3.530545,5.383622,5.382456,26.273410,182219,3.572474
2021:ApriltagsCameraLog(1):,7,-4.131562,-3.942000,-4.131562,-3.942000,-4.122925,3.530628,3.530572,5.384304,5.383039,26.113180,182220,3.572474
2040:ApriltagsCameraLog(1):,7,-4.122925,-3.867000,-4.122925,-3.867000,-4.116252,3.530653,3.530601,5.384842,5.383672,26.299911,182221,3.572474
2063:ApriltagsCameraLog(1):,7,-4.116252,-3.996000,-4.116252,-3.996000,-4.107122,3.530672,3.530628,5.385258,5.384257,25.918157,182222,3.572474
2081:ApriltagsCameraLog(1):,7,-4.107122,-3.969000,-4.107122,-3.969000,-4.102994,3.530698,3.530651,5.385826,5.384757,25.968439,182223,3.572474
2096:ApriltagsCameraLog(1):,7,-4.102994,-3.988000,-4.102994,-3.988000,-4.098025,3.530709,3.530675,5.386084,5.385292,25.903362,182224,3.572474
2119:ApriltagsCameraLog(1):,7,-4.098025,-4.011000,-4.098025,-4.011000,-4.083935,3.530723,3.530692,5.386393,5.385688,25.824665,182225,3.572474
2141:ApriltagsCameraLog(1):,7,-4.083935,-3.962000,-4.083935,-3.962000,-4.090844,3.530763,3.530708,5.387271,5.386040,25.922895,182226,3.572474
2166:ApriltagsCameraLog(1):,7,-4.090844,-3.993000,-4.090844,-3.993000,-4.086058,3.530744,3.530736,5.386840,5.386655,25.855106,182227,3.572474
2187:ApriltagsCameraLog(1):,7,-4.086058,-3.921000,-4.086058,-3.921000,-4.082965,3.530757,3.530740,5.387138,5.386748,26.044232,182228,3.572474
2208:ApriltagsCameraLog(1):,7,-4.082965,-4.002000,-4.082965,-4.002000,-4.076976,3.530766,3.530749,5.387331,5.386943,25.807613,182229,3.572474
2228:ApriltagsCameraLog(1):,7,-4.076976,-3.983000,-4.076976,-3.983000,-4.064179,3.530782,3.530757,5.387704,5.387137,25.844224,182230,3.572474
2247:ApriltagsCameraLog(1):,7,-4.064179,-3.979000,-4.064179,-3.979000,-4.060783,3.530818,3.530770,5.388501,5.387421,25.819472,182231,3.572474
2267:ApriltagsCameraLog(1):,7,-4.060783,-3.954000,-4.060783,-3.954000,-4.057396,3.530828,3.530795,5.388713,5.387961,25.880259,182232,3.572474
2286:ApriltagsCameraLog(1):,7,-4.057396,-3.941000,-4.057396,-3.941000,-4.053550,3.530837,3.530811,5.388924,5.388337,25.907308,182233,3.572474
2308:ApriltagsCameraLog(1):,7,-4.053550,-3.982000,-4.053550,-3.982000,-4.049367,3.530848,3.530824,5.389163,5.388630,25.781120,182234,3.572474
2328:ApriltagsCameraLog(1):,7,-4.049367,-3.953000,-4.049367,-3.953000,-4.046851,3.530859,3.530836,5.389424,5.388897,25.850950,182235,3.572474
2347:ApriltagsCameraLog(1):,7,-4.046851,-3.940000,-4.046851,-3.940000,-4.043356,3.530866,3.530848,5.389581,5.389160,25.880451,182236,3.572474
2366:ApriltagsCameraLog(1):,7,-4.043356,-3.979000,-4.043356,-3.979000,-4.039511,3.530876,3.530857,5.389798,5.389370,25.760879,182237,3.572474
2386:ApriltagsCameraLog(1):,7,-4.039511,-3.976000,-4.039511,-3.976000,-4.037250,3.530886,3.530867,5.390038,5.389584,25.758501,182238,3.572474
2406:ApriltagsCameraLog(1):,7,-4.037250,-4.002000,-4.037250,-4.002000,-4.034961,3.530893,3.530877,5.390179,5.389811,25.678981,182239,3.572474
2426:ApriltagsCameraLog(1):,7,-4.034961,-3.959000,-4.034961,-3.959000,-4.033725,3.530899,3.530885,5.390321,5.389995,25.793532,182240,3.572474
2446:ApriltagsCameraLog(1):,7,-4.033725,-4.001000,-4.033725,-4.001000,-4.030936,3.530902,3.530892,5.390398,5.390158,25.671877,182241,3.572474
2467:ApriltagsCameraLog(1):,7,-4.030936,-3.992000,-4.030936,-3.992000,-4.029814,3.530910,3.530897,5.390572,5.390278,25.689354,182242,3.572474
2486:ApriltagsCameraLog(1):,7,-4.029814,-4.089000,-4.029814,-4.089000,-4.028397,3.530913,3.530904,5.390642,5.390425,25.746332,182243,3.572474
2506:ApriltagsCameraLog(1):,7,-4.028397,-4.065000,-4.028397,-4.065000,-4.030663,3.530917,3.530908,5.390730,5.390533,25.682788,182244,3.572474
2526:ApriltagsCameraLog(1):,7,-4.030663,-3.968000,-4.030663,-3.968000,-4.031950,3.530911,3.530913,5.390589,5.390632,25.756115,182245,3.572474
2546:ApriltagsCameraLog(1):,7,-4.031950,-4.001000,-4.031950,-4.001000,-4.029560,3.530907,3.530912,5.390509,5.390610,25.666882,182246,3.572474
2566:ApriltagsCameraLog(1):,7,-4.029560,-4.031000,-4.029560,-4.031000,-4.028489,3.530914,3.530909,5.390658,5.390560,25.583848,182247,3.572474
2586:ApriltagsCameraLog(1):,7,-4.028489,-4.006000,-4.028489,-4.006000,-4.028583,3.530917,3.530912,5.390724,5.390609,25.643074,182248,3.572474
2606:ApriltagsCameraLog(1):,7,-4.028583,-3.957000,-4.028583,-3.957000,-4.027736,3.530916,3.530914,5.390719,5.390667,25.781215,182249,3.572474
2626:ApriltagsCameraLog(1):,7,-4.027736,-4.001000,-4.027736,-4.001000,-4.025094,3.530919,3.530915,5.390771,5.390693,25.655024,182250,3.572474
2646:ApriltagsCameraLog(1):,7,-4.025094,-4.082000,-4.025094,-4.082000,-4.024190,3.530926,3.530917,5.390936,5.390732,25.739915,182251,3.572474
2666:ApriltagsCameraLog(1):,7,-4.024190,-4.028000,-4.024190,-4.028000,-4.026352,3.530929,3.530922,5.390992,5.390834,25.590515,182252,3.572474
2686:ApriltagsCameraLog(1):,7,-4.026352,-3.926000,-4.026352,-3.926000,-4.026414,3.530923,3.530925,5.390858,5.390913,25.862165,182253,3.572474
2706:ApriltagsCameraLog(1):,7,-4.026414,-3.800000,-4.026414,-3.800000,-4.022676,3.530922,3.530924,5.390854,5.390885,26.216875,182254,3.572474
2726:ApriltagsCameraLog(1):,7,-4.022676,-3.909000,-4.022676,-3.909000,-4.014495,3.530933,3.530923,5.391087,5.390869,25.899655,182255,3.572474
2746:ApriltagsCameraLog(1):,7,-4.014495,-3.895000,-4.014495,-3.895000,-4.010573,3.530955,3.530928,5.391596,5.390978,25.916027,182256,3.572474
2767:ApriltagsCameraLog(1):,7,-4.010573,-3.905000,-4.010573,-3.905000,-4.006279,3.530966,3.530942,5.391840,5.391287,25.876854,182257,3.572474
2786:ApriltagsCameraLog(1):,7,-4.006279,-3.945000,-4.006279,-3.945000,-4.002511,3.530977,3.530954,5.392108,5.391564,25.752221,182258,3.572474
2806:ApriltagsCameraLog(1):,7,-4.002511,-4.068000,-4.002511,-4.068000,-4.000361,3.530988,3.530966,5.392343,5.391836,25.764068,182259,3.572474
2827:ApriltagsCameraLog(1):,7,-4.000361,-4.058000,-4.000361,-4.058000,-4.002888,3.530993,3.530977,5.392477,5.392089,25.741979,182260,3.572474
2846:ApriltagsCameraLog(1):,7,-4.002888,-3.991000,-4.002888,-3.991000,-4.004949,3.530987,3.530985,5.392319,5.392283,25.613246,182261,3.572474
2866:ApriltagsCameraLog(1):,7,-4.004949,-3.911000,-4.004949,-3.911000,-4.004425,3.530981,3.530986,5.392191,5.392301,25.844147,182262,3.572474
2887:ApriltagsCameraLog(1):,7,-4.004425,-3.956000,-4.004425,-3.956000,-4.000945,3.530982,3.530983,5.392223,5.392246,25.716053,182263,3.572474
2906:ApriltagsCameraLog(1):,7,-4.000945,-4.093000,-4.000945,-4.093000,-3.999262,3.530992,3.530983,5.392440,5.392235,25.838819,182264,3.572474
2926:ApriltagsCameraLog(1):,7,-3.999262,-3.989000,-3.999262,-3.989000,-4.002755,3.530996,3.530987,5.392545,5.392337,25.608672,182265,3.572474
2946:ApriltagsCameraLog(1):,7,-4.002755,-3.805000,-4.002755,-3.805000,-4.002238,3.530987,3.530992,5.392327,5.392441,26.136234,182266,3.572474
2966:ApriltagsCameraLog(1):,7,-4.002238,-3.816000,-4.002238,-3.816000,-3.994970,3.530988,3.530989,5.392360,5.392384,26.103828,182267,3.572474
2986:ApriltagsCameraLog(1):,7,-3.994970,-3.828000,-3.994970,-3.828000,-3.988367,3.531008,3.530989,5.392812,5.392372,26.049611,182268,3.572474
3006:ApriltagsCameraLog(1):,7,-3.988367,-3.826000,-3.988367,-3.826000,-3.982438,3.531026,3.530999,5.393224,5.392592,26.036659,182269,3.572474
3025:ApriltagsCameraLog(1):,7,-3.982438,-3.924000,-3.982438,-3.924000,-3.976652,3.531042,3.531013,5.393593,5.392908,25.744227,182270,3.572474
3046:ApriltagsCameraLog(1):,7,-3.976652,-4.002000,-3.976652,-4.002000,-3.974683,3.531057,3.531027,5.393953,5.393250,25.651120,182271,3.572474
3066:ApriltagsCameraLog(1):,7,-3.974683,-3.932000,-3.974683,-3.932000,-3.975708,3.531063,3.531042,5.394076,5.393602,25.699896,182272,3.572474
3085:ApriltagsCameraLog(1):,7,-3.975708,-3.833000,-3.975708,-3.833000,-3.974071,3.531060,3.531053,5.394012,5.393839,25.981344,182273,3.572474
3106:ApriltagsCameraLog(1):,7,-3.974071,-3.918000,-3.974071,-3.918000,-3.968843,3.531064,3.531056,5.394114,5.393926,25.737567,182274,3.572474
3126:ApriltagsCameraLog(1):,7,-3.968843,-3.860000,-3.968843,-3.860000,-3.966941,3.531078,3.531060,5.394440,5.394020,25.886054,182275,3.572474
3146:ApriltagsCameraLog(1):,7,-3.966941,-3.877000,-3.966941,-3.877000,-3.962963,3.531083,3.531070,5.394558,5.394230,25.832870,182276,3.572474
3165:ApriltagsCameraLog(1):,7,-3.962963,-3.968000,-3.962963,-3.968000,-3.959760,3.531094,3.531077,5.394806,5.394394,25.593967,182277,3.572474
3186:ApriltagsCameraLog(1):,7,-3.959760,-3.961000,-3.959760,-3.961000,-3.960070,3.531103,3.531085,5.395006,5.394600,25.583285,182278,3.572474
3206:ApriltagsCameraLog(1):,7,-3.960070,-3.880000,-3.960070,-3.880000,-3.960105,3.531102,3.531094,5.394986,5.394803,25.805094,182279,3.572474
3226:ApriltagsCameraLog(1):,7,-3.960105,-4.051000,-3.960105,-4.051000,-3.957116,3.531102,3.531098,5.394984,5.394895,25.835555,182280,3.572474
3246:ApriltagsCameraLog(1):,7,-3.957116,-3.974000,-3.957116,-3.974000,-3.960615,3.531110,3.531100,5.395170,5.394939,25.627303,182281,3.572474
3265:ApriltagsCameraLog(1):,7,-3.960615,-3.965000,-3.960615,-3.965000,-3.961117,3.531100,3.531105,5.394952,5.395055,25.592135,182282,3.572474
3285:ApriltagsCameraLog(1):,7,-3.961117,-4.029000,-3.961117,-4.029000,-3.961263,3.531099,3.531103,5.394921,5.395004,25.770802,182283,3.572474
3305:ApriltagsCameraLog(1):,7,-3.961263,-4.092000,-3.961263,-4.092000,-3.963794,3.531099,3.531101,5.394912,5.394962,25.947659,182284,3.572474
3325:ApriltagsCameraLog(1):,7,-3.963794,-3.936000,-3.963794,-3.936000,-3.968551,3.531092,3.531100,5.394754,5.394937,25.658001,182285,3.572474
3345:ApriltagsCameraLog(1):,7,-3.968551,-4.078000,-3.968551,-4.078000,-3.967330,3.531079,3.531096,5.394458,5.394846,25.887760,182286,3.572474
3365:ApriltagsCameraLog(1):,7,-3.967330,-3.994000,-3.967330,-3.994000,-3.971446,3.531082,3.531088,5.394534,5.394652,25.654838,182287,3.572474
3387:ApriltagsCameraLog(1):,7,-3.971446,-3.897000,-3.971446,-3.897000,-3.972292,3.531071,3.531085,5.394278,5.394593,25.789270,182288,3.572474
3406:ApriltagsCameraLog(1):,7,-3.972292,-3.900000,-3.972292,-3.900000,-3.969482,3.531069,3.531078,5.394225,5.394435,25.783210,182289,3.572474
3426:ApriltagsCameraLog(1):,7,-3.969482,-3.865000,-3.969482,-3.865000,-3.966888,3.531077,3.531074,5.394400,5.394330,25.873784,182290,3.572474
3446:ApriltagsCameraLog(1):,7,-3.966888,-3.845000,-3.966888,-3.845000,-3.963096,3.531084,3.531075,5.394562,5.394365,25.922760,182291,3.572474
3465:ApriltagsCameraLog(1):,7,-3.963096,-3.777000,-3.963096,-3.777000,-3.958710,3.531094,3.531080,5.394798,5.394463,26.103429,182292,3.572474
3485:ApriltagsCameraLog(1):,7,-3.958710,-3.872000,-3.958710,-3.872000,-3.952005,3.531105,3.531087,5.395071,5.394631,25.823777,182293,3.572474
3505:ApriltagsCameraLog(1):,7,-3.952005,-3.854000,-3.952005,-3.854000,-3.949023,3.531123,3.531096,5.395489,5.394851,25.855561,182294,3.572474
3526:ApriltagsCameraLog(1):,7,-3.949023,-3.915000,-3.949023,-3.915000,-3.935485,3.531131,3.531110,5.395675,5.395170,25.675528,182295,3.572474
3545:ApriltagsCameraLog(1):,7,-3.935485,-3.928000,-3.935485,-3.928000,-3.934342,3.531167,3.531121,5.396518,5.395422,25.600855,182296,3.572474
3565:ApriltagsCameraLog(1):,7,-3.934342,-3.891000,-3.934342,-3.891000,-3.943746,3.531170,3.531144,5.396589,5.395970,25.701749,182297,3.572474
3585:ApriltagsCameraLog(1):,7,-3.943746,-3.829000,-3.943746,-3.829000,-3.932145,3.531145,3.531157,5.396003,5.396280,25.902666,182298,3.572474
3605:ApriltagsCameraLog(1):,7,-3.932145,-3.894000,-3.932145,-3.894000,-3.928311,3.531176,3.531151,5.396726,5.396141,25.687128,182299,3.572474
3625:ApriltagsCameraLog(1):,7,-3.928311,-3.879000,-3.928311,-3.879000,-3.926688,3.531186,3.531164,5.396965,5.396434,25.718546,182300,3.572474
3645:ApriltagsCameraLog(1):,7,-3.926688,-3.870000,-3.926688,-3.870000,-3.924904,3.531190,3.531175,5.397066,5.396699,25.739304,182301,3.572474
3666:ApriltagsCameraLog(1):,7,-3.924904,-3.822000,-3.924904,-3.822000,-3.922850,3.531195,3.531183,5.397177,5.396883,25.869343,182302,3.572474
3685:ApriltagsCameraLog(1):,7,-3.922850,-4.041000,-3.922850,-4.041000,-3.919097,3.531200,3.531189,5.397305,5.397030,25.912243,182303,3.572474
3705:ApriltagsCameraLog(1):,7,-3.919097,-3.949000,-3.919097,-3.949000,-3.923627,3.531210,3.531195,5.397539,5.397167,25.663936,182304,3.572474
3725:ApriltagsCameraLog(1):,7,-3.923627,-3.932000,-3.923627,-3.932000,-3.924578,3.531198,3.531202,5.397257,5.397353,25.603357,182305,3.572474
3745:ApriltagsCameraLog(1):,7,-3.924578,-3.966000,-3.924578,-3.966000,-3.924857,3.531196,3.531200,5.397197,5.397305,25.696347,182306,3.572474
3765:ApriltagsCameraLog(1):,7,-3.924857,-3.900000,-3.924857,-3.900000,-3.926398,3.531195,3.531198,5.397180,5.397251,25.649738,182307,3.572474
3785:ApriltagsCameraLog(1):,7,-3.926398,-3.836000,-3.926398,-3.836000,-3.925408,3.531191,3.531197,5.397084,5.397216,25.834156,182308,3.572474
3805:ApriltagsCameraLog(1):,7,-3.925408,-3.851000,-3.925408,-3.851000,-3.922076,3.531194,3.531194,5.397146,5.397150,25.789162,182309,3.572474
3825:ApriltagsCameraLog(1):,7,-3.922076,-3.821000,-3.922076,-3.821000,-3.919423,3.531202,3.531194,5.397353,5.397148,25.864200,182310,3.572474
3845:ApriltagsCameraLog(1):,7,-3.919423,-4.042000,-3.919423,-4.042000,-3.915759,3.528675,3.531198,5.397692,5.397251,25.904114,182311,3.569935
3865:ApriltagsCameraLog(1):,7,-3.915759,-3.791000,-3.915759,-3.791000,-3.920451,3.531219,3.529937,5.397747,5.397470,25.930839,182312,3.572474
3886:ApriltagsCameraLog(1):,7,-3.920451,-3.863000,-3.920451,-3.863000,-3.915644,3.531207,3.530578,5.397454,5.397608,25.741450,182313,3.572474
3906:ApriltagsCameraLog(1):,7,-3.915644,-3.752000,-3.915644,-3.752000,-3.903676,3.531219,3.530892,5.397754,5.397531,26.040254,182314,3.572474
3925:ApriltagsCameraLog(1):,7,-3.903676,-3.746000,-3.903676,-3.746000,-3.897697,3.531251,3.531056,5.398500,5.397642,26.023460,182315,3.572474
3945:ApriltagsCameraLog(1):,7,-3.897697,-3.801000,-3.897697,-3.801000,-3.891750,3.531266,3.531154,5.398872,5.398071,25.851878,182316,3.572474
3965:ApriltagsCameraLog(1):,7,-3.891750,-3.978000,-3.891750,-3.978000,-3.898370,3.531282,3.531210,5.399242,5.398471,25.822483,182317,3.572474
3990:ApriltagsCameraLog(1):,7,-3.898370,-4.032000,-3.898370,-4.032000,-3.891712,3.531264,3.531246,5.398830,5.398857,25.955799,182318,3.572474
4005:ApriltagsCameraLog(1):,7,-3.891712,-3.899000,-3.891712,-3.899000,-3.896916,3.531282,3.531255,5.399245,5.398843,25.600302,182319,3.572474
4025:ApriltagsCameraLog(1):,7,-3.896916,-3.893000,-3.896916,-3.893000,-3.896638,3.531268,3.531268,5.398921,5.399044,25.590815,182320,3.572474
4045:ApriltagsCameraLog(1):,7,-3.896638,-3.994000,-3.896638,-3.994000,-3.906501,3.531269,3.531268,5.398938,5.398982,25.853752,182321,3.572474
4065:ApriltagsCameraLog(1):,7,-3.906501,-3.918000,-3.906501,-3.918000,-3.900132,3.531243,3.531269,5.398324,5.398960,25.612152,182322,3.572474
4085:ApriltagsCameraLog(1):,7,-3.900132,-3.896000,-3.900132,-3.896000,-3.900784,3.531260,3.531256,5.398720,5.398642,25.591421,182323,3.572474
4105:ApriltagsCameraLog(1):,7,-3.900784,-3.935000,-3.900784,-3.935000,-3.900266,3.531258,3.531258,5.398680,5.398681,25.676071,182324,3.572474
4125:ApriltagsCameraLog(1):,7,-3.900266,-3.931000,-3.900266,-3.931000,-3.901568,3.531259,3.531258,5.398712,5.398680,25.666275,182325,3.572474
4146:ApriltagsCameraLog(1):,7,-3.901568,-3.996000,-3.901568,-3.996000,-3.902672,3.531256,3.531259,5.398631,5.398696,25.845506,182326,3.572474
4165:ApriltagsCameraLog(1):,7,-3.902672,-3.904000,-3.902672,-3.904000,-3.906148,3.533787,3.531257,5.398389,5.398664,25.603849,182327,3.575014
4185:ApriltagsCameraLog(1):,7,-3.906148,-3.969000,-3.906148,-3.969000,-3.906067,3.533778,3.532522,5.398172,5.398526,25.777100,182328,3.575014
4205:ApriltagsCameraLog(1):,7,-3.906067,-4.039000,-3.906067,-4.039000,-3.908418,3.531244,3.533150,5.398351,5.398350,25.953838,182329,3.572474
4225:ApriltagsCameraLog(1):,7,-3.908418,-3.916000,-3.908418,-3.916000,-3.913262,3.533772,3.532197,5.398031,5.398349,25.621460,182330,3.575014
4245:ApriltagsCameraLog(1):,7,-3.913262,-3.959000,-3.913262,-3.959000,-3.913365,3.531226,3.532985,5.397902,5.398190,25.708491,182331,3.572474
4265:ApriltagsCameraLog(1):,7,-3.913365,-4.013000,-3.913365,-4.013000,-3.915074,3.531225,3.532105,5.397896,5.398046,25.860146,182332,3.572474
4285:ApriltagsCameraLog(1):,7,-3.915074,-4.059000,-3.915074,-4.059000,-3.918720,3.531221,3.531665,5.397789,5.397971,25.984772,182333,3.572474
4305:ApriltagsCameraLog(1):,7,-3.918720,-3.955000,-3.918720,-3.955000,-3.923918,3.531211,3.531443,5.397562,5.397880,25.681881,182334,3.572474
4325:ApriltagsCameraLog(1):,7,-3.923918,-4.011000,-3.923918,-4.011000,-3.925083,3.531198,3.531327,5.397239,5.397721,25.824825,182335,3.572474
4345:ApriltagsCameraLog(1):,7,-3.925083,-3.960000,-3.925083,-3.960000,-3.928286,3.531195,3.531263,5.397166,5.397480,25.678044,182336,3.572474
4365:ApriltagsCameraLog(1):,7,-3.928286,-3.925000,-3.928286,-3.925000,-3.929475,3.531186,3.531229,5.396966,5.397323,25.589041,182337,3.572474
4385:ApriltagsCameraLog(1):,7,-3.929475,-3.829000,-3.929475,-3.829000,-3.929306,3.531183,3.531207,5.396892,5.397145,25.862509,182338,3.572474
4405:ApriltagsCameraLog(1):,7,-3.929306,-4.073000,-3.929306,-4.073000,-3.925572,3.531183,3.531195,5.396903,5.397019,25.984117,182339,3.572474
4425:ApriltagsCameraLog(1):,7,-3.925572,-4.030000,-3.925572,-4.030000,-3.931036,3.531193,3.531189,5.397135,5.396961,25.873632,182340,3.572474
4445:ApriltagsCameraLog(1):,7,-3.931036,-3.930000,-3.931036,-3.930000,-3.934718,3.531179,3.531191,5.396795,5.397048,25.582710,182341,3.572474
4465:ApriltagsCameraLog(1):,7,-3.934718,-4.024000,-3.934718,-4.024000,-3.934541,3.531169,3.531185,5.396566,5.396922,25.831014,182342,3.572474
4485:ApriltagsCameraLog(1):,7,-3.934541,-4.087000,-3.934541,-4.087000,-3.937875,3.531170,3.531177,5.396577,5.396744,26.008782,182343,3.572474
4505:ApriltagsCameraLog(1):,7,-3.937875,-4.064000,-3.937875,-4.064000,-3.953396,3.531161,3.531174,5.396369,5.396660,25.934683,182344,3.572474
4525:ApriltagsCameraLog(1):,7,-3.953396,-4.178000,-3.953396,-4.178000,-3.957874,3.531120,3.531167,5.395402,5.396515,26.211780,182345,3.572474
4545:ApriltagsCameraLog(1):,7,-3.957874,-3.898000,-3.957874,-3.898000,-3.966294,3.531108,3.531145,5.395123,5.395958,25.748268,182346,3.572474
4565:ApriltagsCameraLog(1):,7,-3.966294,-3.994000,-3.966294,-3.994000,-3.963741,3.531085,3.531126,5.394599,5.395541,25.657754,182347,3.572474
4585:ApriltagsCameraLog(1):,7,-3.963741,-3.959000,-3.963741,-3.959000,-3.964876,3.531092,3.531106,5.394758,5.395070,25.593135,182348,3.572474
4605:ApriltagsCameraLog(1):,7,-3.964876,-3.964000,-3.964876,-3.964000,-3.964655,3.531089,3.531099,5.394687,5.394914,25.582260,182349,3.572474
4625:ApriltagsCameraLog(1):,7,-3.964655,-3.908000,-3.964655,-3.908000,-3.964630,3.531090,3.531094,5.394701,5.394800,25.739210,182350,3.572474
4645:ApriltagsCameraLog(1):,7,-3.964630,-3.854000,-3.964630,-3.854000,-3.962513,3.531090,3.531092,5.394702,5.394751,25.891085,182351,3.572474
4665:ApriltagsCameraLog(1):,7,-3.962513,-3.929000,-3.962513,-3.929000,-3.958477,3.531095,3.531091,5.394834,5.394726,25.674092,182352,3.572474
4685:ApriltagsCameraLog(1):,7,-3.958477,-3.928000,-3.958477,-3.928000,-3.957372,3.531106,3.531093,5.395086,5.394780,25.665552,182353,3.572474
4705:ApriltagsCameraLog(1):,7,-3.957372,-4.006000,-3.957372,-4.006000,-3.956271,3.531109,3.531100,5.395154,5.394933,25.716623,182354,3.572474
4725:ApriltagsCameraLog(1):,7,-3.956271,-4.017000,-3.956271,-4.017000,-3.958132,3.531112,3.531104,5.395223,5.395044,25.750674,182355,3.572474
4745:ApriltagsCameraLog(1):,7,-3.958132,-3.995000,-3.958132,-3.995000,-3.960333,3.531107,3.531108,5.395107,5.395133,25.683534,182356,3.572474
4765:ApriltagsCameraLog(1):,7,-3.960333,-3.909000,-3.960333,-3.909000,-3.961632,3.531101,3.531108,5.394970,5.395120,25.724234,182357,3.572474
4785:ApriltagsCameraLog(1):,7,-3.961632,-3.906000,-3.961632,-3.906000,-3.959662,3.531098,3.531104,5.394889,5.395045,25.736331,182358,3.572474
4805:ApriltagsCameraLog(1):,7,-3.959662,-3.931000,-3.959662,-3.931000,-3.957655,3.531103,3.531101,5.395012,5.394967,25.660445,182359,3.572474
4825:ApriltagsCameraLog(1):,7,-3.957655,-3.777000,-3.957655,-3.777000,-3.956655,3.531108,3.531102,5.395137,5.394989,26.088119,182360,3.572474
4845:ApriltagsCameraLog(1):,7,-3.956655,-4.005000,-3.956655,-4.005000,-3.950023,3.531111,3.531105,5.395199,5.395063,25.715826,182361,3.572474
4865:ApriltagsCameraLog(1):,7,-3.950023,-3.798000,-3.950023,-3.798000,-3.952081,3.531129,3.531108,5.395612,5.395131,26.007555,182362,3.572474
4885:ApriltagsCameraLog(1):,7,-3.952081,-3.805000,-3.952081,-3.805000,-3.946376,3.531123,3.531119,5.395484,5.395372,25.993649,182363,3.572474
4905:ApriltagsCameraLog(1):,7,-3.946376,-3.872000,-3.946376,-3.872000,-3.941139,3.531138,3.531121,5.395839,5.395428,25.789073,182364,3.572474
4925:ApriltagsCameraLog(1):,7,-3.941139,-3.977000,-3.941139,-3.977000,-3.938558,3.531152,3.531130,5.396166,5.395634,25.680702,182365,3.572474
4945:ApriltagsCameraLog(1):,7,-3.938558,-3.808000,-3.938558,-3.808000,-3.939999,3.531159,3.531141,5.396327,5.395900,25.947156,182366,3.572474
4965:ApriltagsCameraLog(1):,7,-3.939999,-3.972000,-3.939999,-3.972000,-3.925100,3.531155,3.531150,5.396237,5.396113,25.669840,182367,3.572474
4985:ApriltagsCameraLog(1):,7,-3.925100,-3.945000,-3.925100,-3.945000,-3.926484,3.531194,3.531153,5.397165,5.396175,25.635789,182368,3.572474
5005:ApriltagsCameraLog(1):,7,-3.926484,-3.930000,-3.926484,-3.930000,-3.936822,3.531191,3.531174,5.397079,5.396670,25.589690,182369,3.572474
5025:ApriltagsCameraLog(1):,7,-3.936822,-3.998000,-3.936822,-3.998000,-3.926942,3.531164,3.531182,5.396435,5.396874,25.751936,182370,3.572474
5045:ApriltagsCameraLog(1):,7,-3.926942,-3.940000,-3.926942,-3.940000,-3.929579,3.531190,3.531173,5.397050,5.396654,25.616539,182371,3.572474
5065:ApriltagsCameraLog(1):,7,-3.929579,-3.931000,-3.929579,-3.931000,-3.929633,3.531183,3.531181,5.396886,5.396852,25.583793,182372,3.572474
5088:ApriltagsCameraLog(1):,7,-3.929633,-3.978000,-3.929633,-3.978000,-3.929684,3.531183,3.531182,5.396883,5.396869,25.715891,182373,3.572474
5105:ApriltagsCameraLog(1):,7,-3.929684,-3.908000,-3.929684,-3.908000,-3.931493,3.531182,3.531182,5.396879,5.396876,25.640810,182374,3.572474
5125:ApriltagsCameraLog(1):,7,-3.931493,-3.949000,-3.931493,-3.949000,-3.930611,3.531178,3.531182,5.396767,5.396878,25.629058,182375,3.572474
5146:ApriltagsCameraLog(1):,7,-3.930611,-3.923000,-3.930611,-3.923000,-3.931301,3.531180,3.531180,5.396822,5.396822,25.601210,182376,3.572474
5165:ApriltagsCameraLog(1):,7,-3.931301,-3.894000,-3.931301,-3.894000,-3.930989,3.533712,3.531180,5.396604,5.396822,25.705149,182377,3.575014
5185:ApriltagsCameraLog(1):,7,-3.930989,-3.976000,-3.930989,-3.976000,-3.929604,3.533713,3.532446,5.396624,5.396713,25.726859,182378,3.575014
5205:ApriltagsCameraLog(1):,7,-3.929604,-3.926000,-3.929604,-3.926000,-3.931340,3.531183,3.533080,5.396884,5.396669,25.589937,182379,3.572474
5225:ApriltagsCameraLog(1):,7,-3.931340,-3.904000,-3.931340,-3.904000,-3.931139,3.531178,3.532131,5.396776,5.396776,25.656724,182380,3.572474
5245:ApriltagsCameraLog(1):,7,-3.931139,-3.918000,-3.931139,-3.918000,-3.930121,3.531179,3.531655,5.396789,5.396776,25.616766,182381,3.572474
5265:ApriltagsCameraLog(1):,7,-3.930121,-3.995000,-3.930121,-3.995000,-3.929666,3.531181,3.531417,5.396852,5.396783,25.762350,182382,3.572474
5285:ApriltagsCameraLog(1):,7,-3.929666,-3.885000,-3.929666,-3.885000,-3.932107,3.531182,3.531299,5.396880,5.396817,25.705475,182383,3.572474
5305:ApriltagsCameraLog(1):,7,-3.932107,-3.869000,-3.932107,-3.869000,-3.930343,3.531176,3.531241,5.396728,5.396849,25.757365,182384,3.572474
5325:ApriltagsCameraLog(1):,7,-3.930343,-4.016000,-3.930343,-4.016000,-3.928051,3.531181,3.531208,5.396838,5.396789,25.820815,182385,3.572474
5345:ApriltagsCameraLog(1):,7,-3.928051,-4.028000,-3.928051,-4.028000,-3.931330,3.531187,3.531195,5.396981,5.396813,25.861031,182386,3.572474
5365:ApriltagsCameraLog(1):,7,-3.931330,-4.008000,-3.931330,-4.008000,-3.934929,3.531178,3.531191,5.396777,5.396897,25.795529,182387,3.572474
5385:ApriltagsCameraLog(1):,7,-3.934929,-3.992000,-3.934929,-3.992000,-3.937656,3.531169,3.531184,5.396553,5.396837,25.740382,182388,3.572474
5405:ApriltagsCameraLog(1):,7,-3.937656,-3.999000,-3.937656,-3.999000,-3.939688,3.531161,3.531177,5.396383,5.396695,25.752405,182389,3.572474
5425:ApriltagsCameraLog(1):,7,-3.939688,-3.914000,-3.939688,-3.914000,-3.941905,3.531156,3.531169,5.396256,5.396539,25.652075,182390,3.572474
5445:ApriltagsCameraLog(1):,7,-3.941905,-4.098000,-3.941905,-4.098000,-3.940858,3.531150,3.531162,5.396118,5.396397,26.019012,182391,3.572474
5465:ApriltagsCameraLog(1):,7,-3.940858,-3.901000,-3.940858,-3.901000,-3.946674,3.531153,3.531157,5.396183,5.396258,25.691947,182392,3.572474
5485:ApriltagsCameraLog(1):,7,-3.946674,-4.053000,-3.946674,-4.053000,-3.944963,3.531138,3.531155,5.395821,5.396220,25.878973,182393,3.572474
5505:ApriltagsCameraLog(1):,7,-3.944963,-3.972000,-3.944963,-3.972000,-3.948982,3.533676,3.531146,5.395753,5.396021,25.676246,182394,3.575014
5525:ApriltagsCameraLog(1):,7,-3.948982,-3.802000,-3.948982,-3.802000,-3.949845,3.533665,3.532411,5.395502,5.395887,26.014012,182395,3.575014
5545:ApriltagsCameraLog(1):,7,-3.949845,-3.934000,-3.949845,-3.934000,-3.944372,3.531129,3.533038,5.395623,5.395694,25.624380,182396,3.572474
5565:ApriltagsCameraLog(1):,7,-3.944372,-3.992000,-3.944372,-3.992000,-3.943983,3.531144,3.532084,5.395964,5.395659,25.713810,182397,3.572474
5585:ApriltagsCameraLog(1):,7,-3.943983,-3.902000,-3.943983,-3.902000,-3.945780,3.531145,3.531614,5.395989,5.395811,25.697925,182398,3.572474
5605:ApriltagsCameraLog(1):,7,-3.945780,-3.970000,-3.945780,-3.970000,-3.944140,3.531140,3.531379,5.395877,5.395900,25.647945,182399,3.572474
5625:ApriltagsCameraLog(1):,7,-3.944140,-4.004000,-3.944140,-4.004000,-3.945111,3.531144,3.531259,5.395979,5.395888,25.748228,182400,3.572474
5645:ApriltagsCameraLog(1):,7,-3.945111,-3.908000,-3.945111,-3.908000,-3.947312,3.531142,3.531202,5.395918,5.395934,25.684217,182401,3.572474
5665:ApriltagsCameraLog(1):,7,-3.947312,-3.949000,-3.947312,-3.949000,-3.945839,3.531136,3.531172,5.395781,5.395926,25.584544,182402,3.572474
5685:ApriltagsCameraLog(1):,7,-3.945839,-4.049000,-3.945839,-4.049000,-3.945958,3.531140,3.531154,5.395873,5.395854,25.870068,182403,3.572474
5705:ApriltagsCameraLog(1):,7,-3.945958,-4.080000,-3.945958,-4.080000,-3.949793,3.531139,3.531147,5.395866,5.395863,25.956960,182404,3.572474
5725:ApriltagsCameraLog(1):,7,-3.949793,-3.918000,-3.949793,-3.918000,-3.954623,3.531129,3.531143,5.395627,5.395864,25.669253,182405,3.572474
5745:ApriltagsCameraLog(1):,7,-3.954623,-3.919000,-3.954623,-3.919000,-3.953250,3.531116,3.531136,5.395326,5.395746,25.680030,182406,3.572474
5765:ApriltagsCameraLog(1):,7,-3.953250,-3.964000,-3.953250,-3.964000,-3.951966,3.531120,3.531126,5.395411,5.395536,25.610044,182407,3.572474
5785:ApriltagsCameraLog(1):,7,-3.951966,-3.832000,-3.951966,-3.832000,-3.952418,3.531123,3.531123,5.395491,5.395473,25.917353,182408,3.572474
5805:ApriltagsCameraLog(1):,7,-3.952418,-3.902000,-3.952418,-3.902000,-3.947945,3.531122,3.531123,5.395463,5.395482,25.721661,182409,3.572474
5825:ApriltagsCameraLog(1):,7,-3.947945,-3.955000,-3.947945,-3.955000,-3.946225,3.531134,3.531123,5.395742,5.395473,25.599648,182410,3.572474
5845:ApriltagsCameraLog(1):,7,-3.946225,-4.022000,-3.946225,-4.022000,-3.946555,3.531139,3.531128,5.395849,5.395607,25.793009,182411,3.572474
5865:ApriltagsCameraLog(1):,7,-3.946555,-3.980000,-3.946555,-3.980000,-3.949371,3.531138,3.531133,5.395828,5.395728,25.673902,182412,3.572474
5885:ApriltagsCameraLog(1):,7,-3.949371,-3.946000,-3.949371,-3.946000,-3.950519,3.531130,3.531136,5.395653,5.395778,25.589281,182413,3.572474
5905:ApriltagsCameraLog(1):,7,-3.950519,-3.980000,-3.950519,-3.980000,-3.950349,3.531127,3.531133,5.395581,5.395716,25.662748,182414,3.572474
5925:ApriltagsCameraLog(1):,7,-3.950349,-3.960000,-3.950349,-3.960000,-3.951461,3.531128,3.531130,5.395592,5.395648,25.606951,182415,3.572474
5945:ApriltagsCameraLog(1):,7,-3.951461,-3.936000,-3.951461,-3.936000,-3.951782,3.531125,3.531129,5.395523,5.395620,25.623300,182416,3.572474
5965:ApriltagsCameraLog(1):,7,-3.951782,-3.958000,-3.951782,-3.958000,-3.951189,3.531124,3.531127,5.395503,5.395571,25.597291,182417,3.572474
5985:ApriltagsCameraLog(1):,7,-3.951189,-3.970000,-3.951189,-3.970000,-3.951445,3.531126,3.531125,5.395540,5.395537,25.632724,182418,3.572474
6005:ApriltagsCameraLog(1):,7,-3.951445,-4.179000,-3.951445,-4.179000,-3.952142,3.531125,3.531125,5.395524,5.395538,26.220083,182419,3.572474
6025:ApriltagsCameraLog(1):,7,-3.952142,-4.031000,-3.952142,-4.031000,-3.960476,3.531123,3.531125,5.395480,5.395531,25.801684,182420,3.572474
6045:ApriltagsCameraLog(1):,7,-3.960476,-4.193000,-3.960476,-4.193000,-3.963108,3.528567,3.531124,5.395137,5.395506,26.213233,182421,3.569935
6065:ApriltagsCameraLog(1):,7,-3.963108,-4.060000,-3.963108,-4.060000,-3.971556,3.531094,3.529846,5.394797,5.395319,25.852429,182422,3.572474
6085:ApriltagsCameraLog(1):,7,-3.971556,-4.075000,-3.971556,-4.075000,-3.974849,3.531071,3.530470,5.394271,5.395058,25.870865,182423,3.572474
6105:ApriltagsCameraLog(1):,7,-3.974849,-3.922000,-3.974849,-3.922000,-3.978576,3.531062,3.530771,5.394066,5.394665,25.728501,182424,3.572474
6125:ApriltagsCameraLog(1):,7,-3.978576,-3.840000,-3.978576,-3.840000,-3.976460,3.533586,3.530916,5.393657,5.394365,25.990341,182425,3.575014
6145:ApriltagsCameraLog(1):,7,-3.976460,-3.932000,-3.976460,-3.932000,-3.971404,3.531058,3.532251,5.393965,5.394010,25.704895,182426,3.572474
6165:ApriltagsCameraLog(1):,7,-3.971404,-3.901000,-3.971404,-3.901000,-3.969928,3.531072,3.531654,5.394280,5.393988,25.777896,182427,3.572474
6189:ApriltagsCameraLog(1):,7,-3.969928,-4.019000,-3.969928,-4.019000,-3.967354,3.531075,3.531363,5.394372,5.394134,25.717872,182428,3.572474
6205:ApriltagsCameraLog(1):,7,-3.967354,-3.941000,-3.967354,-3.941000,-3.969287,3.531082,3.531219,5.394533,5.394253,25.653950,182429,3.572474
6225:ApriltagsCameraLog(1):,7,-3.969287,-4.044000,-3.969287,-4.044000,-3.958226,3.531077,3.531151,5.394412,5.394393,25.790021,182430,3.572474
6245:ApriltagsCameraLog(1):,7,-3.958226,-3.984000,-3.958226,-3.984000,-3.961054,3.531107,3.531114,5.395101,5.394403,25.652318,182431,3.572474
6265:ApriltagsCameraLog(1):,7,-3.961054,-3.897000,-3.961054,-3.897000,-3.961596,3.531099,3.531110,5.394925,5.394752,25.760030,182432,3.572474
6285:ApriltagsCameraLog(1):,7,-3.961596,-3.938000,-3.961596,-3.938000,-3.959182,3.531098,3.531105,5.394891,5.394839,25.646190,182433,3.572474
6305:ApriltagsCameraLog(1):,7,-3.959182,-3.893000,-3.959182,-3.893000,-3.958387,3.531104,3.531101,5.395042,5.394865,25.766018,182434,3.572474
6325:ApriltagsCameraLog(1):,7,-3.958387,-3.905000,-3.958387,-3.905000,-3.955945,3.531106,3.531103,5.395091,5.394953,25.730016,182435,3.572474
6345:ApriltagsCameraLog(1):,7,-3.955945,-3.978000,-3.955945,-3.978000,-3.954039,3.531113,3.531105,5.395243,5.395022,25.641855,182436,3.572474
6365:ApriltagsCameraLog(1):,7,-3.954039,-4.063000,-3.954039,-4.063000,-3.954938,3.531118,3.531109,5.395362,5.395133,25.886388,182437,3.572474
6385:ApriltagsCameraLog(1):,7,-3.954938,-3.981000,-3.954938,-3.981000,-3.958957,3.531116,3.531113,5.395306,5.395247,25.653128,182438,3.572474
6405:ApriltagsCameraLog(1):,7,-3.958957,-3.978000,-3.958957,-3.978000,-3.959784,3.531105,3.531114,5.395056,5.395277,25.633378,182439,3.572474
6425:ApriltagsCameraLog(1):,7,-3.959784,-3.997000,-3.959784,-3.997000,-3.960468,3.531103,3.531110,5.395004,5.395166,25.684512,182440,3.572474
6445:ApriltagsCameraLog(1):,7,-3.960468,-4.017000,-3.960468,-4.017000,-3.961837,3.531101,3.531106,5.394962,5.395085,25.738863,182441,3.572474
6465:ApriltagsCameraLog(1):,7,-3.961837,-4.092000,-3.961837,-4.092000,-3.963900,3.531097,3.531103,5.394876,5.395023,25.946044,182442,3.572474
6485:ApriltagsCameraLog(1):,7,-3.963900,-4.110000,-3.963900,-4.110000,-3.968654,3.531092,3.531100,5.394748,5.394950,25.990888,182443,3.572474
6505:ApriltagsCameraLog(1):,7,-3.968654,-4.031000,-3.968654,-4.031000,-3.973891,3.531079,3.531096,5.394452,5.394849,25.755223,182444,3.572474
6525:ApriltagsCameraLog(1):,7,-3.973891,-3.878000,-3.973891,-3.878000,-3.976026,3.531065,3.531088,5.394125,5.394650,25.849611,182445,3.572474
6545:ApriltagsCameraLog(1):,7,-3.976026,-3.963000,-3.976026,-3.963000,-3.972375,3.531059,3.531076,5.393992,5.394388,25.616446,182446,3.572474
6565:ApriltagsCameraLog(1):,7,-3.972375,-4.012000,-3.972375,-4.012000,-3.972022,3.531069,3.531068,5.394220,5.394190,25.691293,182447,3.572474
6585:ApriltagsCameraLog(1):,7,-3.972022,-4.221000,-3.972022,-4.221000,-3.963520,3.528536,3.531068,5.394418,5.394205,26.259494,182448,3.569935
6605:ApriltagsCameraLog(1):,7,-3.963520,-4.034000,-3.963520,-4.034000,-3.972599,3.531093,3.529802,5.394771,5.394309,25.778110,182449,3.572474
6625:ApriltagsCameraLog(1):,7,-3.972599,-4.006000,-3.972599,-4.006000,-3.974556,3.531068,3.530447,5.394206,5.394540,25.673779,182450,3.572474
6645:ApriltagsCameraLog(1):,7,-3.974556,-4.078000,-3.974556,-4.078000,-3.975735,3.531063,3.530758,5.394084,5.394373,25.870865,182451,3.572474
6665:ApriltagsCameraLog(1):,7,-3.975735,-3.994000,-3.975735,-3.994000,-3.979540,3.531060,3.530911,5.394011,5.394229,25.631190,182452,3.572474
6685:ApriltagsCameraLog(1):,7,-3.979540,-3.940000,-3.979540,-3.940000,-3.980083,3.531050,3.530985,5.393774,5.394120,25.691053,182453,3.572474
6705:ApriltagsCameraLog(1):,7,-3.980083,-4.100000,-3.980083,-4.100000,-3.988582,3.531048,3.531017,5.393740,5.393947,25.917214,182454,3.572474
6725:ApriltagsCameraLog(1):,7,-3.988582,-3.977000,-3.988582,-3.977000,-3.993092,3.531025,3.531033,5.393210,5.393843,25.612383,182455,3.572474
6745:ApriltagsCameraLog(1):,7,-3.993092,-3.963000,-3.993092,-3.963000,-3.992826,3.531013,3.531029,5.392929,5.393527,25.664469,182456,3.572474
6765:ApriltagsCameraLog(1):,7,-3.992826,-3.980000,-3.992826,-3.980000,-3.991707,3.531014,3.531021,5.392946,5.393228,25.615885,182457,3.572474
6785:ApriltagsCameraLog(1):,7,-3.991707,-3.946000,-3.991707,-3.946000,-3.991267,3.531017,3.531017,5.393016,5.393087,25.708406,182458,3.572474
6805:ApriltagsCameraLog(1):,7,-3.991267,-3.984000,-3.991267,-3.984000,-3.979573,3.531018,3.531017,5.393043,5.393051,25.600244,182459,3.572474
6825:ApriltagsCameraLog(1):,7,-3.979573,-3.899000,-3.979573,-3.899000,-3.979363,3.531050,3.531018,5.393772,5.393047,25.806509,182460,3.572474
6845:ApriltagsCameraLog(1):,7,-3.979363,-3.787000,-3.979363,-3.787000,-3.975992,3.531050,3.531034,5.393785,5.393409,26.121062,182461,3.572474
6865:ApriltagsCameraLog(1):,7,-3.975992,-3.887000,-3.975992,-3.887000,-3.969024,3.531059,3.531042,5.393995,5.393597,25.830200,182462,3.572474
6885:ApriltagsCameraLog(1):,7,-3.969024,-3.889000,-3.969024,-3.889000,-3.965967,3.531078,3.531051,5.394429,5.393796,25.804964,182463,3.572474
6905:ApriltagsCameraLog(1):,7,-3.965967,-3.902000,-3.965967,-3.902000,-3.963095,3.531086,3.531065,5.394619,5.394112,25.759783,182464,3.572474
6925:ApriltagsCameraLog(1):,7,-3.963095,-3.901000,-3.963095,-3.901000,-3.960812,3.531094,3.531075,5.394798,5.394366,25.754517,182465,3.572474
6945:ApriltagsCameraLog(1):,7,-3.960812,-3.954000,-3.960812,-3.954000,-3.958576,3.531100,3.531085,5.394940,5.394582,25.598963,182466,3.572474
6965:ApriltagsCameraLog(1):,7,-3.958576,-3.994000,-3.958576,-3.994000,-3.958404,3.531106,3.531092,5.395079,5.394761,25.679469,182467,3.572474
6985:ApriltagsCameraLog(1):,7,-3.958404,-3.925000,-3.958404,-3.925000,-3.959739,3.531106,3.531099,5.395090,5.394920,25.673788,182468,3.572474
7005:ApriltagsCameraLog(1):,7,-3.959739,-3.922000,-3.959739,-3.922000,-3.958436,3.531103,3.531103,5.395007,5.395005,25.685984,182469,3.572474
7045:ApriltagsCameraLog(1):,7,-3.958436,-3.995000,-3.958436,-3.995000,-3.957071,3.531106,3.531103,5.395088,5.395006,25.682678,182471,3.572474
7065:ApriltagsCameraLog(1):,7,-3.957071,-3.965000,-3.957071,-3.965000,-3.958492,3.531110,3.531104,5.395173,5.395047,25.602106,182472,3.572474
7085:ApriltagsCameraLog(1):,7,-3.958492,-3.917000,-3.958492,-3.917000,-3.958737,3.531106,3.531107,5.395085,5.395110,25.696546,182473,3.572474
7105:ApriltagsCameraLog(1):,7,-3.958737,-4.034000,-3.958737,-4.034000,-3.957174,3.531105,3.531107,5.395069,5.395097,25.791569,182474,3.572474
7125:ApriltagsCameraLog(1):,7,-3.957174,-3.883000,-3.957174,-3.883000,-3.960041,3.531110,3.531106,5.395167,5.395083,25.788504,182475,3.572474
7145:ApriltagsCameraLog(1):,7,-3.960041,-4.102000,-3.960041,-4.102000,-3.957165,3.533636,3.531108,5.394813,5.395125,25.999866,182476,3.575014
7165:ApriltagsCameraLog(1):,7,-3.957165,-4.010000,-3.957165,-4.010000,-3.962530,3.531110,3.532372,5.395167,5.394971,25.728461,182477,3.572474
7185:ApriltagsCameraLog(1):,7,-3.962530,-4.013000,-3.962530,-4.013000,-3.964306,3.531095,3.531741,5.394833,5.395069,25.721808,182478,3.572474
7205:ApriltagsCameraLog(1):,7,-3.964306,-4.061000,-3.964306,-4.061000,-3.966128,3.531091,3.531418,5.394723,5.394951,25.851872,182479,3.572474
7225:ApriltagsCameraLog(1):,7,-3.966128,-4.059000,-3.966128,-4.059000,-3.969661,3.531086,3.531254,5.394609,5.394837,25.841117,182480,3.572474
7245:ApriltagsCameraLog(1):,7,-3.969661,-3.942000,-3.969661,-3.942000,-3.972989,3.531076,3.531170,5.394389,5.394723,25.657627,182481,3.572474
7265:ApriltagsCameraLog(1):,7,-3.972989,-3.907000,-3.972989,-3.907000,-3.971827,3.531067,3.531123,5.394182,5.394556,25.765475,182482,3.572474
7285:ApriltagsCameraLog(1):,7,-3.971827,-3.995000,-3.971827,-3.995000,-3.969405,3.531070,3.531095,5.394254,5.394369,25.644999,182483,3.572474
7305:ApriltagsCameraLog(1):,7,-3.969405,-3.836000,-3.969405,-3.836000,-3.970366,3.533611,3.531083,5.394229,5.394311,25.975778,182484,3.575014
7325:ApriltagsCameraLog(1):,7,-3.970366,-3.983000,-3.970366,-3.983000,-3.965385,3.531074,3.532347,5.394345,5.394269,25.615346,182485,3.572474
7345:ApriltagsCameraLog(1):,7,-3.965385,-3.941000,-3.965385,-3.941000,-3.966046,3.531088,3.531711,5.394655,5.394307,25.648408,182486,3.572474
7365:ApriltagsCameraLog(1):,7,-3.966046,-3.934000,-3.966046,-3.934000,-3.965107,3.533620,3.531399,5.394438,5.394481,25.690352,182487,3.575014
7385:ApriltagsCameraLog(1):,7,-3.965107,-3.854000,-3.965107,-3.854000,-3.963941,3.531088,3.532509,5.394673,5.394460,25.892425,182488,3.572474
7405:ApriltagsCameraLog(1):,7,-3.963941,-3.877000,-3.963941,-3.877000,-3.959853,3.531092,3.531799,5.394745,5.394567,25.824428,182489,3.572474
7425:ApriltagsCameraLog(1):,7,-3.959853,-4.057000,-3.959853,-4.057000,-3.956764,3.531102,3.531445,5.395000,5.394656,25.853146,182490,3.572474
7445:ApriltagsCameraLog(1):,7,-3.956764,-4.152000,-3.956764,-4.152000,-3.960497,3.531111,3.531274,5.395192,5.394828,26.129146,182491,3.572474
7465:ApriltagsCameraLog(1):,7,-3.960497,-3.988000,-3.960497,-3.988000,-3.967556,3.531101,3.531192,5.394960,5.395010,25.657183,182492,3.572474
7485:ApriltagsCameraLog(1):,7,-3.967556,-4.079000,-3.967556,-4.079000,-3.968323,3.531082,3.531146,5.394520,5.394985,25.893375,182493,3.572474
7506:ApriltagsCameraLog(1):,7,-3.968323,-3.937000,-3.968323,-3.937000,-3.972438,3.531080,3.531114,5.394472,5.394752,25.667931,182494,3.572474
7525:ApriltagsCameraLog(1):,7,-3.972438,-3.913000,-3.972438,-3.913000,-3.971109,3.531069,3.531097,5.394216,5.394612,25.747041,182495,3.572474
7545:ApriltagsCameraLog(1):,7,-3.971109,-4.015000,-3.971109,-4.015000,-3.968937,3.531072,3.531083,5.394299,5.394414,25.703294,182496,3.572474
7565:ApriltagsCameraLog(1):,7,-3.968937,-4.019000,-3.968937,-4.019000,-3.970662,3.531078,3.531078,5.394434,5.394356,25.720662,182497,3.572474
7585:ApriltagsCameraLog(1):,7,-3.970662,-4.169000,-3.970662,-4.169000,-3.972471,3.531074,3.531078,5.394327,5.394395,26.137875,182498,3.572474
7605:ApriltagsCameraLog(1):,7,-3.972471,-4.004000,-3.972471,-4.004000,-3.979713,3.531069,3.531076,5.394214,5.394361,25.668512,182499,3.572474
7625:ApriltagsCameraLog(1):,7,-3.979713,-3.991000,-3.979713,-3.991000,-3.980623,3.531049,3.531072,5.393763,5.394287,25.611556,182500,3.572474
7645:ApriltagsCameraLog(1):,7,-3.980623,-4.020000,-3.980623,-4.020000,-3.981013,3.531047,3.531061,5.393706,5.394025,25.690593,182501,3.572474
7665:ApriltagsCameraLog(1):,7,-3.981013,-3.859000,-3.981013,-3.859000,-3.982474,3.531046,3.531054,5.393682,5.393866,25.923114,182502,3.572474
7685:ApriltagsCameraLog(1):,7,-3.982474,-3.853000,-3.982474,-3.853000,-3.977888,3.531042,3.531050,5.393591,5.393774,25.944107,182503,3.572474
7705:ApriltagsCameraLog(1):,7,-3.977888,-4.103000,-3.977888,-4.103000,-3.973253,3.531054,3.531046,5.393876,5.393682,25.931833,182504,3.572474
7725:ApriltagsCameraLog(1):,7,-3.973253,-3.955000,-3.973253,-3.955000,-3.978070,3.531067,3.531050,5.394165,5.393779,25.631155,182505,3.572474
7745:ApriltagsCameraLog(1):,7,-3.978070,-3.896000,-3.978070,-3.896000,-3.977204,3.531054,3.531058,5.393865,5.393972,25.810723,182506,3.572474
7765:ApriltagsCameraLog(1):,7,-3.977204,-3.878000,-3.977204,-3.878000,-3.974175,3.531056,3.531056,5.393919,5.393919,25.858934,182507,3.572474
7785:ApriltagsCameraLog(1):,7,-3.974175,-3.983000,-3.974175,-3.983000,-3.970595,3.531064,3.531056,5.394108,5.393919,25.604626,182508,3.572474
7805:ApriltagsCameraLog(1):,7,-3.970595,-3.883000,-3.970595,-3.883000,-3.971061,3.531074,3.531060,5.394331,5.394013,25.826267,182509,3.572474
7825:ApriltagsCameraLog(1):,7,-3.971061,-3.941000,-3.971061,-3.941000,-3.967778,3.531072,3.531067,5.394302,5.394172,25.664380,182510,3.572474
7845:ApriltagsCameraLog(1):,7,-3.967778,-4.075000,-3.967778,-4.075000,-3.966774,3.531081,3.531070,5.394506,5.394237,25.881494,182511,3.572474
7865:ApriltagsCameraLog(1):,7,-3.966774,-4.077000,-3.966774,-4.077000,-3.970800,3.531084,3.531075,5.394569,5.394372,25.889947,182512,3.572474
7885:ApriltagsCameraLog(1):,7,-3.970800,-4.150000,-3.970800,-4.150000,-3.974749,3.528539,3.531080,5.394494,5.394470,26.063311,182513,3.569935
7905:ApriltagsCameraLog(1):,7,-3.974749,-4.024000,-3.974749,-4.024000,-3.981225,3.531063,3.529809,5.394072,5.394480,25.718376,182514,3.572474
7925:ApriltagsCameraLog(1):,7,-3.981225,-4.119000,-3.981225,-4.119000,-3.982826,3.531045,3.530436,5.393669,5.394276,25.967464,182515,3.572474
7945:ApriltagsCameraLog(1):,7,-3.982826,-4.161000,-3.982826,-4.161000,-3.987876,3.528507,3.530741,5.393745,5.393973,26.060427,182516,3.569935
7965:ApriltagsCameraLog(1):,7,-3.987876,-4.090000,-3.987876,-4.090000,-3.994273,3.531027,3.529624,5.393254,5.393857,25.867151,182517,3.572474
7985:ApriltagsCameraLog(1):,7,-3.994273,-4.131000,-3.994273,-4.131000,-3.997836,3.531010,3.530326,5.392856,5.393556,25.964514,182518,3.572474
8005:ApriltagsCameraLog(1):,7,-3.997836,-3.986000,-3.997836,-3.986000,-4.002775,3.531000,3.530668,5.392634,5.393206,25.613100,182519,3.572474
8028:ApriltagsCameraLog(1):,7,-4.002775,-4.066000,-4.002775,-4.066000,-4.002144,3.530987,3.530834,5.392326,5.392920,25.757698,182520,3.572474
8045:ApriltagsCameraLog(1):,7,-4.002144,-4.000000,-4.002144,-4.000000,-4.004531,3.530989,3.530911,5.392365,5.392623,25.585829,182521,3.572474
8065:ApriltagsCameraLog(1):,7,-4.004531,-4.020000,-4.004531,-4.020000,-4.004360,3.530982,3.530950,5.392217,5.392494,25.623322,182522,3.572474
8085:ApriltagsCameraLog(1):,7,-4.004360,-3.986000,-4.004360,-3.986000,-4.004948,3.530983,3.530966,5.392227,5.392356,25.631457,182523,3.572474
8105:ApriltagsCameraLog(1):,7,-4.004948,-4.066000,-4.004948,-4.066000,-4.004236,3.530981,3.530974,5.392191,5.392292,25.751583,182524,3.572474
8125:ApriltagsCameraLog(1):,7,-4.004236,-3.925000,-4.004236,-3.925000,-4.006545,3.530983,3.530978,5.392235,5.392241,25.802749,182525,3.572474
8145:ApriltagsCameraLog(1):,7,-4.006545,-4.123000,-4.006545,-4.123000,-4.003503,3.530977,3.530980,5.392091,5.392238,25.907474,182526,3.572474
8165:ApriltagsCameraLog(1):,7,-4.003503,-4.075000,-4.003503,-4.075000,-4.007944,3.530985,3.530979,5.392281,5.392165,25.780973,182527,3.572474
8185:ApriltagsCameraLog(1):,7,-4.007944,-4.049000,-4.007944,-4.049000,-4.010448,3.530973,3.530982,5.392004,5.392223,25.695319,182528,3.572474
8205:ApriltagsCameraLog(1):,7,-4.010448,-4.049000,-4.010448,-4.049000,-4.011892,3.530966,3.530977,5.391848,5.392114,25.688273,182529,3.572474
8225:ApriltagsCameraLog(1):,7,-4.011892,-3.980000,-4.011892,-3.980000,-4.013282,3.530962,3.530972,5.391758,5.391981,25.669532,182530,3.572474
8245:ApriltagsCameraLog(1):,7,-4.013282,-3.943000,-4.013282,-3.943000,-4.012034,3.530958,3.530967,5.391672,5.391870,25.777554,182531,3.572474
8265:ApriltagsCameraLog(1):,7,-4.012034,-4.069000,-4.012034,-4.069000,-4.009456,3.530962,3.530963,5.391749,5.391771,25.740084,182532,3.572474
8285:ApriltagsCameraLog(1):,7,-4.009456,-4.075000,-4.009456,-4.075000,-4.011683,3.530969,3.530962,5.391910,5.391760,25.764221,182533,3.572474
8305:ApriltagsCameraLog(1):,7,-4.011683,-4.047000,-4.011683,-4.047000,-4.014049,3.530963,3.530965,5.391771,5.391835,25.679170,182534,3.572474
8325:ApriltagsCameraLog(1):,7,-4.014049,-3.888000,-4.014049,-3.888000,-4.015284,3.530956,3.530964,5.391624,5.391803,25.934468,182535,3.572474
8345:ApriltagsCameraLog(1):,7,-4.015284,-4.128000,-4.015284,-4.128000,-4.010558,3.530953,3.530960,5.391547,5.391714,25.896954,182536,3.572474
8365:ApriltagsCameraLog(1):,7,-4.010558,-4.054000,-4.010558,-4.054000,-4.014924,3.530966,3.530957,5.391841,5.391630,25.702031,182537,3.572474
8385:ApriltagsCameraLog(1):,7,-4.014924,-4.036000,-4.014924,-4.036000,-4.016388,3.530954,3.530961,5.391569,5.391736,25.639097,182538,3.572474
8405:ApriltagsCameraLog(1):,7,-4.016388,-3.948000,-4.016388,-3.948000,-4.017124,3.530950,3.530957,5.391478,5.391653,25.772224,182539,3.572474
8425:ApriltagsCameraLog(1):,7,-4.017124,-3.940000,-4.017124,-3.940000,-4.014542,3.530948,3.530954,5.391432,5.391565,25.796805,182540,3.572474
8445:ApriltagsCameraLog(1):,7,-4.014542,-3.936000,-4.014542,-3.936000,-4.011760,3.530955,3.530951,5.391593,5.391499,25.800796,182541,3.572474
8465:ApriltagsCameraLog(1):,7,-4.011760,-3.886000,-4.011760,-3.886000,-4.008934,3.530962,3.530953,5.391766,5.391546,25.933657,182542,3.572474
8485:ApriltagsCameraLog(1):,7,-4.008934,-3.878000,-4.008934,-3.878000,-4.004369,3.530970,3.530958,5.391943,5.391656,25.948213,182543,3.572474
8505:ApriltagsCameraLog(1):,7,-4.004369,-3.904000,-4.004369,-3.904000,-3.999680,3.530983,3.530964,5.392227,5.391799,25.862212,182544,3.572474
8525:ApriltagsCameraLog(1):,7,-3.999680,-3.906000,-3.999680,-3.906000,-3.996118,3.530995,3.530974,5.392519,5.392013,25.843390,182545,3.572474
8545:ApriltagsCameraLog(1):,7,-3.996118,-3.907000,-3.996118,-3.907000,-3.992761,3.531005,3.530985,5.392741,5.392266,25.830554,182546,3.572474
8565:ApriltagsCameraLog(1):,7,-3.992761,-3.856000,-3.992761,-3.856000,-3.989564,3.531014,3.530995,5.392950,5.392503,25.964610,182547,3.572474
8585:ApriltagsCameraLog(1):,7,-3.989564,-3.945000,-3.989564,-3.945000,-3.984611,3.531023,3.531005,5.393149,5.392727,25.705190,182548,3.572474
8605:ApriltagsCameraLog(1):,7,-3.984611,-3.942000,-3.984611,-3.942000,-3.983128,3.531036,3.531014,5.393458,5.392938,25.699694,182549,3.572474
8625:ApriltagsCameraLog(1):,7,-3.983128,-3.944000,-3.983128,-3.944000,-3.981588,3.531040,3.531025,5.393550,5.393198,25.689893,182550,3.572474
8645:ApriltagsCameraLog(1):,7,-3.981588,-3.910000,-3.981588,-3.910000,-3.980179,3.531044,3.531033,5.393646,5.393374,25.781227,182551,3.572474
8665:ApriltagsCameraLog(1):,7,-3.980179,-3.919000,-3.980179,-3.919000,-3.977559,3.531048,3.531038,5.393734,5.393510,25.751940,182552,3.572474
8685:ApriltagsCameraLog(1):,7,-3.977559,-3.936000,-3.977559,-3.936000,-3.975370,3.531055,3.531043,5.393897,5.393622,25.696733,182553,3.572474
8705:ApriltagsCameraLog(1):,7,-3.975370,-3.984000,-3.975370,-3.984000,-3.973895,3.531061,3.531049,5.394033,5.393759,25.604079,182554,3.572474
8725:ApriltagsCameraLog(1):,7,-3.973895,-3.873000,-3.973895,-3.873000,-3.974275,3.531065,3.531055,5.394125,5.393896,25.863692,182555,3.572474
8745:ApriltagsCameraLog(1):,7,-3.974275,-3.973000,-3.974275,-3.973000,-3.970505,3.531064,3.531060,5.394102,5.394011,25.583383,182556,3.572474
8765:ApriltagsCameraLog(1):,7,-3.970505,-3.899000,-3.970505,-3.899000,-3.970599,3.531074,3.531062,5.394336,5.394056,25.780995,182557,3.572474
8785:ApriltagsCameraLog(1):,7,-3.970599,-3.895000,-3.970599,-3.895000,-3.967925,3.531074,3.531068,5.394331,5.394196,25.792514,182558,3.572474
8805:ApriltagsCameraLog(1):,7,-3.967925,-3.743000,-3.967925,-3.743000,-3.965203,3.531081,3.531071,5.394497,5.394263,26.212685,182559,3.572474
8825:ApriltagsCameraLog(1):,7,-3.965203,-3.859000,-3.965203,-3.859000,-3.957038,3.531088,3.531076,5.394667,5.394380,25.878628,182560,3.572474
8845:ApriltagsCameraLog(1):,7,-3.957038,-3.960000,-3.957038,-3.960000,-3.953391,3.531110,3.531082,5.395175,5.394523,25.588130,182561,3.572474
8865:ApriltagsCameraLog(1):,7,-3.953391,-4.055000,-3.953391,-4.055000,-3.953639,3.531120,3.531096,5.395403,5.394849,25.865702,182562,3.572474
8885:ApriltagsCameraLog(1):,7,-3.953639,-4.006000,-3.953639,-4.006000,-3.957412,3.531119,3.531108,5.395387,5.395126,25.727127,182563,3.572474
8905:ApriltagsCameraLog(1):,7,-3.957412,-4.082000,-3.957412,-4.082000,-3.959230,3.528575,3.531113,5.395327,5.395256,25.909767,182564,3.569935
8925:ApriltagsCameraLog(1):,7,-3.959230,-4.110000,-3.959230,-4.110000,-3.963792,3.528570,3.529844,5.395214,5.395291,25.983379,182565,3.569935
8945:ApriltagsCameraLog(1):,7,-3.963792,-4.166000,-3.963792,-4.166000,-3.969211,3.528558,3.529207,5.394930,5.395252,26.127998,182566,3.569935
8965:ApriltagsCameraLog(1):,7,-3.969211,-4.077000,-3.969211,-4.077000,-3.976465,3.531077,3.528883,5.394417,5.395090,25.883091,182567,3.572474
8985:ApriltagsCameraLog(1):,7,-3.976465,-4.046000,-3.976465,-4.046000,-3.980205,3.531058,3.529980,5.393965,5.394755,25.775452,182568,3.572474
9005:ApriltagsCameraLog(1):,7,-3.980205,-4.016000,-3.980205,-4.016000,-3.982662,3.531048,3.530519,5.393732,5.394360,25.680516,182569,3.572474
9025:ApriltagsCameraLog(1):,7,-3.982662,-4.026000,-3.982662,-4.026000,-3.983911,3.531041,3.530784,5.393579,5.394046,25.701739,182570,3.572474
9045:ApriltagsCameraLog(1):,7,-3.983911,-4.039000,-3.983911,-4.039000,-3.985488,3.531038,3.530913,5.393501,5.393813,25.734803,182571,3.572474
9065:ApriltagsCameraLog(1):,7,-3.985488,-4.013000,-3.985488,-4.013000,-3.987489,3.531034,3.530975,5.393403,5.393657,25.657209,182572,3.572474
9085:ApriltagsCameraLog(1):,7,-3.987489,-3.891000,-3.987489,-3.891000,-3.988446,3.531028,3.531005,5.393278,5.393530,25.851295,182573,3.572474
9105:ApriltagsCameraLog(1):,7,-3.988446,-4.087000,-3.988446,-4.087000,-3.984817,3.531026,3.531016,5.393219,5.393404,25.857104,182574,3.572474
9128:ApriltagsCameraLog(1):,7,-3.984817,-4.013000,-3.984817,-4.013000,-3.988622,3.531035,3.531021,5.393445,5.393311,25.659096,182575,3.572474
9145:ApriltagsCameraLog(1):,7,-3.988622,-4.059000,-3.988622,-4.059000,-3.989536,3.531025,3.531028,5.393208,5.393378,25.777824,182576,3.572474
9166:ApriltagsCameraLog(1):,7,-3.989536,-4.075000,-3.989536,-4.075000,-3.992130,3.531023,3.531027,5.393151,5.393293,25.820272,182577,3.572474
9185:ApriltagsCameraLog(1):,7,-3.992130,-4.061000,-3.992130,-4.061000,-3.995220,3.531016,3.531025,5.392989,5.393222,25.773579,182578,3.572474
9205:ApriltagsCameraLog(1):,7,-3.995220,-4.077000,-3.995220,-4.077000,-3.997677,3.531007,3.531020,5.392797,5.393106,25.809906,182579,3.572474
9225:ApriltagsCameraLog(1):,7,-3.997677,-4.042000,-3.997677,-4.042000,-4.000636,3.531001,3.531014,5.392644,5.392951,25.704511,182580,3.572474
9246:ApriltagsCameraLog(1):,7,-4.000636,-4.032000,-4.000636,-4.032000,-4.002185,3.530993,3.531007,5.392459,5.392797,25.668048,182581,3.572474
9266:ApriltagsCameraLog(1):,7,-4.002185,-4.019000,-4.002185,-4.019000,-4.003303,3.530989,3.531000,5.392363,5.392628,25.627110,182582,3.572474
9285:ApriltagsCameraLog(1):,7,-4.003303,-3.935000,-4.003303,-3.935000,-4.003892,3.530985,3.530994,5.392293,5.392496,25.771984,182583,3.572474
9305:ApriltagsCameraLog(1):,7,-4.003892,-4.029000,-4.003892,-4.029000,-4.001319,3.530984,3.530990,5.392257,5.392395,25.650443,182584,3.572474
9325:ApriltagsCameraLog(1):,7,-4.001319,-4.063000,-4.001319,-4.063000,-4.002358,3.530991,3.530987,5.392417,5.392326,25.753352,182585,3.572474
9345:ApriltagsCameraLog(1):,7,-4.002358,-3.949000,-4.002358,-3.949000,-4.004624,3.530988,3.530989,5.392352,5.392371,25.729932,182586,3.572474
9365:ApriltagsCameraLog(1):,7,-4.004624,-3.995000,-4.004624,-3.995000,-4.002543,3.530982,3.530988,5.392211,5.392362,25.606876,182587,3.572474
9385:ApriltagsCameraLog(1):,7,-4.002543,-3.863000,-4.002543,-3.863000,-4.002260,3.530988,3.530985,5.392341,5.392286,25.972439,182588,3.572474
9405:ApriltagsCameraLog(1):,7,-4.002260,-3.902000,-4.002260,-3.902000,-3.997097,3.530988,3.530986,5.392358,5.392313,25.861904,182589,3.572474
9425:ApriltagsCameraLog(1):,7,-3.997097,-3.795000,-3.997097,-3.795000,-3.993557,3.531002,3.530987,5.392680,5.392336,26.148451,182590,3.572474
9445:ApriltagsCameraLog(1):,7,-3.993557,-3.967000,-3.993557,-3.967000,-3.986243,3.531012,3.530995,5.392900,5.392508,25.654520,182591,3.572474
9465:ApriltagsCameraLog(1):,7,-3.986243,-4.030000,-3.986243,-4.030000,-3.985521,3.531032,3.531004,5.393356,5.392704,25.702918,182592,3.572474
9485:ApriltagsCameraLog(1):,7,-3.985521,-3.921000,-3.985521,-3.921000,-3.987187,3.531034,3.531017,5.393401,5.393030,25.761343,182593,3.572474
9505:ApriltagsCameraLog(1):,7,-3.987187,-3.855000,-3.987187,-3.855000,-3.984713,3.531029,3.531026,5.393297,5.393216,25.951739,182594,3.572474
9525:ApriltagsCameraLog(1):,7,-3.984713,-4.027000,-3.984713,-4.027000,-3.979901,3.531036,3.531027,5.393451,5.393256,25.698781,182595,3.572474
9545:ApriltagsCameraLog(1):,7,-3.979901,-4.015000,-3.979901,-4.015000,-3.971665,3.531049,3.531032,5.393751,5.393354,25.678557,182596,3.572474
9565:ApriltagsCameraLog(1):,7,-3.971665,-4.046000,-3.971665,-4.046000,-3.972914,3.528537,3.531040,5.394440,5.393552,25.768479,182597,3.569935
9585:ApriltagsCameraLog(1):,7,-3.972914,-3.918000,-3.972914,-3.918000,-3.975308,3.531067,3.529788,5.394186,5.393996,25.734312,182598,3.572474
9605:ApriltagsCameraLog(1):,7,-3.975308,-3.998000,-3.975308,-3.998000,-3.973165,3.531061,3.530428,5.394037,5.394091,25.643645,182599,3.572474
9625:ApriltagsCameraLog(1):,7,-3.973165,-3.896000,-3.973165,-3.896000,-3.974097,3.531067,3.530745,5.394171,5.394064,25.796920,182600,3.572474
9645:ApriltagsCameraLog(1):,7,-3.974097,-3.912000,-3.974097,-3.912000,-3.971182,3.531064,3.530906,5.394113,5.394117,25.754522,182601,3.572474
9665:ApriltagsCameraLog(1):,7,-3.971182,-3.994000,-3.971182,-3.994000,-3.968970,3.528538,3.530985,5.394470,5.394115,25.623635,182602,3.569935
9685:ApriltagsCameraLog(1):,7,-3.968970,-3.865000,-3.968970,-3.865000,-3.969910,3.531078,3.529762,5.394432,5.394292,25.872345,182603,3.572474
9705:ApriltagsCameraLog(1):,7,-3.969910,-4.243000,-3.969910,-4.243000,-3.966006,3.531076,3.530420,5.394373,5.394362,26.348209,182604,3.572474
9725:ApriltagsCameraLog(1):,7,-3.966006,-4.026000,-3.966006,-4.026000,-3.976135,3.531086,3.530748,5.394617,5.394368,25.748604,182605,3.572474
9745:ApriltagsCameraLog(1):,7,-3.976135,-4.091000,-3.976135,-4.091000,-3.977999,3.531059,3.530917,5.393986,5.394492,25.903000,182606,3.572474
9765:ApriltagsCameraLog(1):,7,-3.977999,-3.964000,-3.977999,-3.964000,-3.982199,3.533588,3.530988,5.393693,5.394239,25.639530,182607,3.575014
9785:ApriltagsCameraLog(1):,7,-3.982199,-4.025000,-3.982199,-4.025000,-3.981516,3.531043,3.532288,5.393608,5.393966,25.700227,182608,3.572474
9805:ApriltagsCameraLog(1):,7,-3.981516,-3.908000,-3.981516,-3.908000,-3.983145,3.531044,3.531665,5.393650,5.393787,25.786654,182609,3.572474
9825:ApriltagsCameraLog(1):,7,-3.983145,-3.968000,-3.983145,-3.968000,-3.980339,3.531040,3.531355,5.393549,5.393719,25.622410,182610,3.572474
9845:ApriltagsCameraLog(1):,7,-3.980339,-3.988000,-3.980339,-3.988000,-3.969876,3.531048,3.531197,5.393724,5.393634,25.601350,182611,3.572474
9865:ApriltagsCameraLog(1):,7,-3.969876,-3.909000,-3.969876,-3.909000,-3.970181,3.531076,3.531122,5.394376,5.393679,25.751087,182612,3.572474
9885:ApriltagsCameraLog(1):,7,-3.970181,-4.049000,-3.970181,-4.049000,-3.967558,3.531075,3.531099,5.394357,5.394027,25.801574,182613,3.572474
9905:ApriltagsCameraLog(1):,7,-3.967558,-4.236000,-3.967558,-4.236000,-3.970597,3.531082,3.531087,5.394520,5.394192,26.335132,182614,3.572474
9925:ApriltagsCameraLog(1):,7,-3.970597,-3.936000,-3.970597,-3.936000,-3.980306,3.531074,3.531084,5.394331,5.394356,25.677143,182615,3.572474
9945:ApriltagsCameraLog(1):,7,-3.980306,-4.026000,-3.980306,-4.026000,-3.978645,3.531048,3.531079,5.393726,5.394343,25.708369,182616,3.572474
9965:ApriltagsCameraLog(1):,7,-3.978645,-4.010000,-3.978645,-4.010000,-3.990418,3.531052,3.531063,5.393829,5.394035,25.668021,182617,3.572474
9985:ApriltagsCameraLog(1):,7,-3.990418,-3.922000,-3.990418,-3.922000,-3.991527,3.531020,3.531058,5.393096,5.393932,25.772309,182618,3.572474
10005:ApriltagsCameraLog(1):,7,-3.991527,-3.967000,-3.991527,-3.967000,-3.989267,3.531017,3.531039,5.393027,5.393514,25.648810,182619,3.572474
10025:ApriltagsCameraLog(1):,7,-3.989267,-3.939000,-3.989267,-3.939000,-3.988431,3.531023,3.531028,5.393168,5.393270,25.721234,182620,3.572474
10045:ApriltagsCameraLog(1):,7,-3.988431,-3.881000,-3.988431,-3.881000,-3.986581,3.531026,3.531026,5.393220,5.393219,25.882082,182621,3.572474
10065:ApriltagsCameraLog(1):,7,-3.986581,-4.195000,-3.986581,-4.195000,-3.982654,3.531031,3.531026,5.393335,5.393219,26.166240,182622,3.572474
10085:ApriltagsCameraLog(1):,7,-3.982654,-4.130000,-3.982654,-4.130000,-3.990470,3.531041,3.531028,5.393580,5.393277,25.994396,182623,3.572474
10105:ApriltagsCameraLog(1):,7,-3.990470,-4.046000,-3.990470,-4.046000,-3.995639,3.531020,3.531035,5.393093,5.393428,25.736044,182624,3.572474
10125:ApriltagsCameraLog(1):,7,-3.995639,-4.029000,-3.995639,-4.029000,-3.987523,3.531006,3.531027,5.392771,5.393261,25.673666,182625,3.572474
10145:ApriltagsCameraLog(1):,7,-3.987523,-4.064000,-3.987523,-4.064000,-3.988703,3.531028,3.531017,5.393276,5.393016,25.794986,182626,3.572474
10165:ApriltagsCameraLog(1):,7,-3.988703,-4.050000,-3.988703,-4.050000,-3.991158,3.531025,3.531022,5.393203,5.393146,25.752273,182627,3.572474
10185:ApriltagsCameraLog(1):,7,-3.991158,-3.993000,-3.991158,-3.993000,-3.993358,3.531018,3.531024,5.393050,5.393174,25.584978,182628,3.572474
10205:ApriltagsCameraLog(1):,7,-3.993358,-4.019000,-3.993358,-4.019000,-3.993344,3.531012,3.531021,5.392913,5.393112,25.651947,182629,3.572474
10225:ApriltagsCameraLog(1):,7,-3.993344,-3.966000,-3.993344,-3.966000,-4.004307,3.533546,3.531017,5.392737,5.393012,25.677110,182630,3.575014
10245:ApriltagsCameraLog(1):,7,-4.004307,-3.957000,-4.004307,-3.957000,-3.993246,3.530983,3.532282,5.392231,5.392874,25.712907,182631,3.572474
10265:ApriltagsCameraLog(1):,7,-3.993246,-3.892000,-3.993246,-3.892000,-3.991852,3.531013,3.531632,5.392920,5.392553,25.864679,182632,3.572474
10285:ApriltagsCameraLog(1):,7,-3.991852,-4.147000,-3.991852,-4.147000,-3.987781,3.531017,3.531323,5.393007,5.392737,26.016349,182633,3.572474
10305:ApriltagsCameraLog(1):,7,-3.987781,-3.922000,-3.987781,-3.922000,-3.993674,3.531027,3.531169,5.393260,5.392871,25.764889,182634,3.572474
10325:ApriltagsCameraLog(1):,7,-3.993674,-4.067000,-3.993674,-4.067000,-3.990997,3.531012,3.531099,5.392893,5.393066,25.786117,182635,3.572474
10345:ApriltagsCameraLog(1):,7,-3.990997,-3.949000,-3.990997,-3.949000,-4.003834,3.531019,3.531055,5.393060,5.392979,25.697964,182636,3.572474
10365:ApriltagsCameraLog(1):,7,-4.003834,-4.002000,-4.003834,-4.002000,-4.002155,3.530984,3.531037,5.392260,5.393020,25.584956,182637,3.572474
10385:ApriltagsCameraLog(1):,7,-4.002155,-4.072000,-4.002155,-4.072000,-4.002487,3.528455,3.531011,5.392542,5.392640,25.755856,182638,3.569935
10405:ApriltagsCameraLog(1):,7,-4.002487,-3.968000,-4.002487,-3.968000,-4.005085,3.530988,3.529733,5.392344,5.392590,25.676835,182639,3.572474
10425:ApriltagsCameraLog(1):,7,-4.005085,-3.829000,-4.005085,-3.829000,-4.003695,3.530981,3.530360,5.392182,5.392467,26.075261,182640,3.572474
10445:ApriltagsCameraLog(1):,7,-4.003695,-3.942000,-4.003695,-3.942000,-3.997243,3.530984,3.530670,5.392269,5.392324,25.753392,182641,3.572474
10465:ApriltagsCameraLog(1):,7,-3.997243,-4.080000,-3.997243,-4.080000,-3.995178,3.531002,3.530827,5.392671,5.392296,25.812655,182642,3.572474
10485:ApriltagsCameraLog(1):,7,-3.995178,-3.981000,-3.995178,-3.981000,-3.998342,3.531008,3.530914,5.392799,5.392484,25.619690,182643,3.572474
10505:ApriltagsCameraLog(1):,7,-3.998342,-3.949000,-3.998342,-3.949000,-3.997690,3.530999,3.530961,5.392602,5.392642,25.718632,182644,3.572474
10525:ApriltagsCameraLog(1):,7,-3.997690,-4.041000,-3.997690,-4.041000,-3.995868,3.528467,3.530980,5.392820,5.392622,25.681250,182645,3.569935
10545:ApriltagsCameraLog(1):,7,-3.995868,-4.052000,-3.995868,-4.052000,-3.997559,3.531006,3.529723,5.392756,5.392720,25.737739,182646,3.572474
10565:ApriltagsCameraLog(1):,7,-3.997559,-3.986000,-3.997559,-3.986000,-3.999595,3.531001,3.530365,5.392651,5.392739,25.612321,182647,3.572474
10585:ApriltagsCameraLog(1):,7,-3.999595,-3.928000,-3.999595,-3.928000,-3.999085,3.530996,3.530683,5.392524,5.392695,25.781249,182648,3.572474
10605:ApriltagsCameraLog(1):,7,-3.999085,-4.067000,-3.999085,-4.067000,-3.996430,3.530997,3.530839,5.392556,5.392609,25.770894,182649,3.572474
10625:ApriltagsCameraLog(1):,7,-3.996430,-4.197000,-3.996430,-4.197000,-3.999066,3.531004,3.530918,5.392721,5.392583,26.144154,182650,3.572474
10645:ApriltagsCameraLog(1):,7,-3.999066,-4.115000,-3.999066,-4.115000,-4.016358,3.530997,3.530961,5.392557,5.392652,25.906007,182651,3.572474
10665:ApriltagsCameraLog(1):,7,-4.016358,-4.068000,-4.016358,-4.068000,-4.010396,3.530950,3.530979,5.391480,5.392605,25.725104,182652,3.572474
10685:ApriltagsCameraLog(1):,7,-4.010396,-3.967000,-4.010396,-3.967000,-4.012533,3.530966,3.530965,5.391851,5.392042,25.701903,182653,3.572474
10705:ApriltagsCameraLog(1):,7,-4.012533,-4.124000,-4.012533,-4.124000,-4.010491,3.530960,3.530965,5.391718,5.391947,25.893439,182654,3.572474
10725:ApriltagsCameraLog(1):,7,-4.010491,-4.122000,-4.010491,-4.122000,-4.014711,3.530966,3.530963,5.391846,5.391833,25.893558,182655,3.572474
10745:ApriltagsCameraLog(1):,7,-4.014711,-4.140000,-4.014711,-4.140000,-4.018701,3.530954,3.530964,5.391583,5.391839,25.932330,182656,3.572474
10765:ApriltagsCameraLog(1):,7,-4.018701,-4.236000,-4.018701,-4.236000,-4.023205,3.530944,3.530960,5.391334,5.391711,26.191227,182657,3.572474
10785:ApriltagsCameraLog(1):,7,-4.023205,-4.074000,-4.023205,-4.074000,-4.031030,3.530931,3.530952,5.391054,5.391522,25.722723,182658,3.572474
10805:ApriltagsCameraLog(1):,7,-4.031030,-4.045000,-4.031030,-4.045000,-4.032638,3.530910,3.530942,5.390566,5.391288,25.619103,182659,3.572474
10825:ApriltagsCameraLog(1):,7,-4.032638,-4.155000,-4.032638,-4.155000,-4.033103,3.530905,3.530926,5.390466,5.390927,25.924094,182660,3.572474
10845:ApriltagsCameraLog(1):,7,-4.033103,-4.113000,-4.033103,-4.113000,-4.037630,3.528370,3.530916,5.390616,5.390696,25.784117,182661,3.569935
10865:ApriltagsCameraLog(1):,7,-4.037630,-4.052000,-4.037630,-4.052000,-4.040444,3.530892,3.529643,5.390155,5.390655,25.620229,182662,3.572474
10885:ApriltagsCameraLog(1):,7,-4.040444,-4.060000,-4.040444,-4.060000,-4.030878,3.530884,3.530267,5.389980,5.390405,25.634821,182663,3.572474
10905:ApriltagsCameraLog(1):,7,-4.030878,-3.989000,-4.030878,-3.989000,-4.031596,3.530910,3.530576,5.390576,5.390193,25.697632,182664,3.572474
10925:ApriltagsCameraLog(1):,7,-4.031596,-3.957000,-4.031596,-3.957000,-4.039645,3.530908,3.530743,5.390531,5.390384,25.789693,182665,3.572474
10945:ApriltagsCameraLog(1):,7,-4.039645,-3.907000,-4.039645,-3.907000,-4.036933,3.530886,3.530826,5.390030,5.390457,25.953029,182666,3.572474
10965:ApriltagsCameraLog(1):,7,-4.036933,-3.985000,-4.036933,-3.985000,-4.032446,3.530894,3.530856,5.390198,5.390243,25.725924,182667,3.572474
10985:ApriltagsCameraLog(1):,7,-4.032446,-3.906000,-4.032446,-3.906000,-4.030671,3.530906,3.530875,5.390478,5.390221,25.935588,182668,3.572474
11005:ApriltagsCameraLog(1):,7,-4.030671,-3.858000,-4.030671,-3.858000,-4.026043,3.530911,3.530890,5.390588,5.390349,26.065654,182669,3.572474
11025:ApriltagsCameraLog(1):,7,-4.026043,-4.083000,-4.026043,-4.083000,-4.019834,3.530923,3.530901,5.390877,5.390469,25.740061,182670,3.572474
11045:ApriltagsCameraLog(1):,7,-4.019834,-3.973000,-4.019834,-3.973000,-4.022196,3.530940,3.530912,5.391264,5.390673,25.711576,182671,3.572474
11065:ApriltagsCameraLog(1):,7,-4.022196,-4.065000,-4.022196,-4.065000,-4.020354,3.530934,3.530926,5.391116,5.390968,25.700236,182672,3.572474
11085:ApriltagsCameraLog(1):,7,-4.020354,-4.029000,-4.020354,-4.029000,-4.022026,3.530939,3.530930,5.391231,5.391042,25.604122,182673,3.572474
11105:ApriltagsCameraLog(1):,7,-4.022026,-3.963000,-4.022026,-3.963000,-4.022289,3.530934,3.530935,5.391127,5.391137,25.745883,182674,3.572474
11125:ApriltagsCameraLog(1):,7,-4.022289,-4.018000,-4.022289,-4.018000,-4.020072,3.530934,3.530935,5.391111,5.391132,25.591863,182675,3.572474
11145:ApriltagsCameraLog(1):,7,-4.020072,-4.045000,-4.020072,-4.045000,-4.019994,3.530940,3.530934,5.391249,5.391121,25.649938,182676,3.572474
11165:ApriltagsCameraLog(1):,7,-4.019994,-4.097000,-4.019994,-4.097000,-4.020932,3.530940,3.530937,5.391254,5.391185,25.796473,182677,3.572474
11185:ApriltagsCameraLog(1):,7,-4.020932,-4.048000,-4.020932,-4.048000,-4.033771,3.530937,3.530938,5.391195,5.391219,25.655958,182678,3.572474
11205:ApriltagsCameraLog(1):,7,-4.033771,-4.107000,-4.033771,-4.107000,-4.024680,3.530902,3.530938,5.390395,5.391207,25.785846,182679,3.572474
11225:ApriltagsCameraLog(1):,7,-4.024680,-4.063000,-4.024680,-4.063000,-4.027716,3.530927,3.530920,5.390962,5.390801,25.687620,182680,3.572474
11245:ApriltagsCameraLog(1):,7,-4.027716,-3.922000,-4.027716,-3.922000,-4.028701,3.530919,3.530924,5.390773,5.390881,25.877256,182681,3.572474
11265:ApriltagsCameraLog(1):,7,-4.028701,-3.942000,-4.028701,-3.942000,-4.024731,3.530916,3.530921,5.390711,5.390827,25.823752,182682,3.572474
11285:ApriltagsCameraLog(1):,7,-4.024731,-3.966000,-4.024731,-3.966000,-4.021647,3.530927,3.530919,5.390959,5.390769,25.745051,182683,3.572474
11305:ApriltagsCameraLog(1):,7,-4.021647,-3.926000,-4.021647,-3.926000,-4.019566,3.530935,3.530923,5.391151,5.390864,25.848924,182684,3.572474
11325:ApriltagsCameraLog(1):,7,-4.019566,-3.978000,-4.019566,-3.978000,-4.016081,3.530941,3.530929,5.391280,5.391007,25.696753,182685,3.572474
11345:ApriltagsCameraLog(1):,7,-4.016081,-4.091000,-4.016081,-4.091000,-4.014655,3.530951,3.530935,5.391497,5.391144,25.790601,182686,3.572474
11365:ApriltagsCameraLog(1):,7,-4.014655,-3.870000,-4.014655,-3.870000,-4.017504,3.530955,3.530943,5.391586,5.391321,25.986821,182687,3.572474
11385:ApriltagsCameraLog(1):,7,-4.017504,-3.904000,-4.017504,-3.904000,-4.012039,3.530947,3.530949,5.391409,5.391453,25.899171,182688,3.572474
11405:ApriltagsCameraLog(1):,7,-4.012039,-4.167000,-4.012039,-4.167000,-4.008022,3.528428,3.530948,5.391927,5.391431,25.995163,182689,3.569935
11425:ApriltagsCameraLog(1):,7,-4.008022,-3.968000,-4.008022,-3.968000,-4.013911,3.530973,3.529688,5.391999,5.391677,25.692409,182690,3.572474
11445:ApriltagsCameraLog(1):,7,-4.013911,-3.983000,-4.013911,-3.983000,-4.012191,3.530957,3.530330,5.391632,5.391838,25.666773,182691,3.572474
11465:ApriltagsCameraLog(1):,7,-4.012191,-4.086000,-4.012191,-4.086000,-4.011097,3.528428,3.530643,5.391917,5.391735,25.766999,182692,3.569935
11485:ApriltagsCameraLog(1):,7,-4.011097,-4.131000,-4.011097,-4.131000,-4.013895,3.530964,3.529535,5.391808,5.391826,25.917177,182693,3.572474
11505:ApriltagsCameraLog(1):,7,-4.013895,-4.052000,-4.013895,-4.052000,-4.018245,3.530957,3.530250,5.391634,5.391817,25.687015,182694,3.572474
11525:ApriltagsCameraLog(1):,7,-4.018245,-3.977000,-4.018245,-3.977000,-4.019510,3.530945,3.530603,5.391363,5.391726,25.695851,182695,3.572474
11545:ApriltagsCameraLog(1):,7,-4.019510,-3.905000,-4.019510,-3.905000,-4.017918,3.530941,3.530774,5.391284,5.391544,25.902002,182696,3.572474
11565:ApriltagsCameraLog(1):,7,-4.017918,-4.006000,-4.017918,-4.006000,-4.013721,3.530946,3.530858,5.391383,5.391414,25.613330,182697,3.572474
11585:ApriltagsCameraLog(1):,7,-4.013721,-3.928000,-4.013721,-3.928000,-4.013430,3.530957,3.530902,5.391644,5.391398,25.820994,182698,3.572474
11605:ApriltagsCameraLog(1):,7,-4.013430,-3.908000,-4.013430,-3.908000,-4.010245,3.530958,3.530929,5.391662,5.391521,25.876453,182699,3.572474
11625:ApriltagsCameraLog(1):,7,-4.010245,-3.915000,-4.010245,-3.915000,-4.006441,3.530967,3.530944,5.391861,5.391592,25.847794,182700,3.572474
11645:ApriltagsCameraLog(1):,7,-4.006441,-3.786000,-4.006441,-3.786000,-4.003035,3.530977,3.530955,5.392098,5.391726,26.200067,182701,3.572474
11665:ApriltagsCameraLog(1):,7,-4.003035,-4.016000,-4.003035,-4.016000,-3.995056,3.530986,3.530966,5.392310,5.391912,25.616276,182702,3.572474
11685:ApriltagsCameraLog(1):,7,-3.995056,-3.848000,-3.995056,-3.848000,-3.995843,3.531008,3.530976,5.392807,5.392111,25.993578,182703,3.572474
11705:ApriltagsCameraLog(1):,7,-3.995843,-4.032000,-3.995843,-4.032000,-3.990366,3.531006,3.530993,5.392758,5.392459,25.681534,182704,3.572474
11725:ApriltagsCameraLog(1):,7,-3.990366,-3.918000,-3.990366,-3.918000,-3.991926,3.531021,3.530999,5.393099,5.392609,25.783417,182705,3.572474
11745:ApriltagsCameraLog(1):,7,-3.991926,-4.017000,-3.991926,-4.017000,-3.989166,3.531016,3.531010,5.393002,5.392854,25.650348,182706,3.572474
11765:ApriltagsCameraLog(1):,7,-3.989166,-3.958000,-3.989166,-3.958000,-3.980210,3.531024,3.531013,5.393174,5.392928,25.667490,182707,3.572474
11785:ApriltagsCameraLog(1):,7,-3.980210,-3.880000,-3.980210,-3.880000,-3.989003,3.531048,3.531018,5.393732,5.393051,25.861765,182708,3.572474
11806:ApriltagsCameraLog(1):,7,-3.989003,-3.868000,-3.989003,-3.868000,-3.984963,3.531024,3.531033,5.393184,5.393391,25.920270,182709,3.572474
11825:ApriltagsCameraLog(1):,7,-3.984963,-3.887000,-3.984963,-3.887000,-3.980953,3.531035,3.531029,5.393436,5.393288,25.855442,182710,3.572474
11845:ApriltagsCameraLog(1):,7,-3.980953,-3.842000,-3.980953,-3.842000,-3.967454,3.531046,3.531032,5.393686,5.393362,25.970778,182711,3.572474
11865:ApriltagsCameraLog(1):,7,-3.967454,-3.843000,-3.967454,-3.843000,-3.962432,3.531082,3.531039,5.394526,5.393524,25.929982,182712,3.572474
11885:ApriltagsCameraLog(1):,7,-3.962432,-3.908000,-3.962432,-3.908000,-3.967663,3.531096,3.531061,5.394839,5.394025,25.732955,182713,3.572474
11905:ApriltagsCameraLog(1):,7,-3.967663,-3.868000,-3.967663,-3.868000,-3.965805,3.531082,3.531079,5.394513,5.394432,25.860225,182714,3.572474
11925:ApriltagsCameraLog(1):,7,-3.965805,-3.861000,-3.965805,-3.861000,-3.962518,3.531087,3.531080,5.394629,5.394473,25.874694,182715,3.572474
11945:ApriltagsCameraLog(1):,7,-3.962518,-3.899000,-3.962518,-3.899000,-3.948740,3.531095,3.531083,5.394834,5.394551,25.758520,182716,3.572474
11965:ApriltagsCameraLog(1):,7,-3.948740,-3.868000,-3.948740,-3.868000,-3.946508,3.531132,3.531089,5.395692,5.394692,25.806980,182717,3.572474
11985:ApriltagsCameraLog(1):,7,-3.946508,-3.839000,-3.946508,-3.839000,-3.943225,3.533672,3.531111,5.395656,5.395192,25.902851,182718,3.575014
12005:ApriltagsCameraLog(1):,7,-3.943225,-3.865000,-3.943225,-3.865000,-3.949351,3.531147,3.532392,5.396036,5.395423,25.799902,182719,3.572474
12025:ApriltagsCameraLog(1):,7,-3.949351,-3.994000,-3.949351,-3.994000,-3.946576,3.531130,3.531769,5.395654,5.395730,25.705429,182720,3.572474
12045:ApriltagsCameraLog(1):,7,-3.946576,-4.039000,-3.946576,-4.039000,-3.948708,3.531138,3.531450,5.395827,5.395692,25.839855,182721,3.572474
12068:ApriltagsCameraLog(1):,7,-3.948708,-4.032000,-3.948708,-4.032000,-3.952072,3.531132,3.531294,5.395694,5.395759,25.814161,182722,3.572474
12085:ApriltagsCameraLog(1):,7,-3.952072,-3.939000,-3.952072,-3.939000,-3.945053,3.531123,3.531213,5.395485,5.395727,25.616577,182723,3.572474
12105:ApriltagsCameraLog(1):,7,-3.945053,-3.812000,-3.945053,-3.812000,-3.944450,3.531142,3.531168,5.395922,5.395606,25.954176,182724,3.572474
12145:ApriltagsCameraLog(1):,7,-3.944450,-3.870000,-3.944450,-3.870000,-3.939183,3.531143,3.531155,5.395959,5.395764,25.789280,182725,3.572474
12165:ApriltagsCameraLog(1):,7,-3.939183,-3.797000,-3.939183,-3.797000,-3.936601,3.531157,3.531149,5.396288,5.395862,25.979868,182727,3.572474
12185:ApriltagsCameraLog(1):,7,-3.936601,-3.837000,-3.936601,-3.837000,-3.931427,3.531164,3.531154,5.396448,5.396075,25.860050,182728,3.572474
12205:ApriltagsCameraLog(1):,7,-3.931427,-3.855000,-3.931427,-3.855000,-3.927911,3.531178,3.531159,5.396771,5.396262,25.794843,182729,3.572474
12225:ApriltagsCameraLog(1):,7,-3.927911,-3.996000,-3.927911,-3.996000,-3.925190,3.531187,3.531169,5.396990,5.396516,25.771383,182730,3.572474
12245:ApriltagsCameraLog(1):,7,-3.925190,-3.901000,-3.925190,-3.901000,-3.927835,3.531194,3.531178,5.397159,5.396753,25.647861,182731,3.572474
12265:ApriltagsCameraLog(1):,7,-3.927835,-3.881000,-3.927835,-3.881000,-3.926828,3.531187,3.531186,5.396995,5.396956,25.711579,182732,3.572474
12285:ApriltagsCameraLog(1):,7,-3.926828,-3.946000,-3.926828,-3.946000,-3.925112,3.531190,3.531187,5.397057,5.396975,25.633742,182733,3.572474
12305:ApriltagsCameraLog(1):,7,-3.925112,-3.928000,-3.925112,-3.928000,-3.925897,3.531194,3.531188,5.397164,5.397016,25.587921,182734,3.572474
12325:ApriltagsCameraLog(1):,7,-3.925897,-3.921000,-3.925897,-3.921000,-3.925976,3.531192,3.531191,5.397115,5.397090,25.593573,182735,3.572474
12345:ApriltagsCameraLog(1):,7,-3.925976,-3.890000,-3.925976,-3.890000,-3.925789,3.531192,3.531192,5.397110,5.397103,25.681023,182736,3.572474
12365:ApriltagsCameraLog(1):,7,-3.925789,-4.004000,-3.925789,-4.004000,-3.924447,3.531193,3.531192,5.397122,5.397107,25.799865,182737,3.572474
12385:ApriltagsCameraLog(1):,7,-3.924447,-4.022000,-3.924447,-4.022000,-3.927416,3.531196,3.531192,5.397206,5.397114,25.854287,182738,3.572474
12405:ApriltagsCameraLog(1):,7,-3.927416,-4.046000,-3.927416,-4.046000,-3.930938,3.531188,3.531194,5.397021,5.397160,25.913466,182739,3.572474
12425:ApriltagsCameraLog(1):,7,-3.930938,-4.060000,-3.930938,-4.060000,-3.935213,3.531179,3.531191,5.396801,5.397090,25.942948,182740,3.572474
12445:ApriltagsCameraLog(1):,7,-3.935213,-4.001000,-3.935213,-4.001000,-3.939845,3.531168,3.531185,5.396535,5.396946,25.764906,182741,3.572474
12465:ApriltagsCameraLog(1):,7,-3.939845,-4.126000,-3.939845,-4.126000,-3.942129,3.528622,3.531177,5.396421,5.396740,26.082867,182742,3.569935
12485:ApriltagsCameraLog(1):,7,-3.942129,-4.101000,-3.942129,-4.101000,-3.948919,3.531150,3.529899,5.396104,5.396579,26.026822,182743,3.572474
12505:ApriltagsCameraLog(1):,7,-3.948919,-3.960000,-3.948919,-3.960000,-3.954546,3.531132,3.530525,5.395681,5.396342,25.610976,182744,3.572474
12525:ApriltagsCameraLog(1):,7,-3.954546,-3.949000,-3.954546,-3.949000,-3.954751,3.531117,3.530828,5.395331,5.396012,25.595400,182745,3.572474
12545:ApriltagsCameraLog(1):,7,-3.954751,-3.966000,-3.954751,-3.966000,-3.954534,3.531116,3.530972,5.395318,5.395671,25.611449,182746,3.572474
12565:ApriltagsCameraLog(1):,7,-3.954534,-3.989000,-3.954534,-3.989000,-3.944965,3.531117,3.531044,5.395331,5.395494,25.676774,182747,3.572474
12585:ApriltagsCameraLog(1):,7,-3.944965,-3.966000,-3.944965,-3.966000,-3.946241,3.531142,3.531080,5.395927,5.395413,25.638983,182748,3.572474
12605:ApriltagsCameraLog(1):,7,-3.946241,-4.057000,-3.946241,-4.057000,-3.946645,3.531139,3.531111,5.395848,5.395670,25.891446,182749,3.572474
12625:ApriltagsCameraLog(1):,7,-3.946645,-3.950000,-3.946645,-3.950000,-3.950749,3.531138,3.531125,5.395823,5.395759,25.589236,182750,3.572474
12645:ApriltagsCameraLog(1):,7,-3.950749,-3.835000,-3.950749,-3.835000,-3.950721,3.531127,3.531131,5.395567,5.395791,25.905486,182751,3.572474
12665:ApriltagsCameraLog(1):,7,-3.950721,-4.103000,-3.950721,-4.103000,-3.946420,3.531127,3.531129,5.395569,5.395679,26.008276,182752,3.572474
12685:ApriltagsCameraLog(1):,7,-3.946420,-4.078000,-3.946420,-4.078000,-3.952217,3.531138,3.531128,5.395837,5.395624,25.950034,182753,3.572474
12705:ApriltagsCameraLog(1):,7,-3.952217,-4.307000,-3.952217,-4.307000,-3.956884,3.528589,3.531133,5.395651,5.395730,26.556970,182754,3.569935
12725:ApriltagsCameraLog(1):,7,-3.956884,-4.027000,-3.956884,-4.027000,-3.969589,3.531110,3.529861,5.395185,5.395687,25.777086,182755,3.572474
12745:ApriltagsCameraLog(1):,7,-3.969589,-3.998000,-3.969589,-3.998000,-3.971733,3.531076,3.530486,5.394393,5.395436,25.659736,182756,3.572474
12765:ApriltagsCameraLog(1):,7,-3.971733,-3.950000,-3.971733,-3.950000,-3.972719,3.531071,3.530781,5.394260,5.394915,25.640949,182757,3.572474
12785:ApriltagsCameraLog(1):,7,-3.972719,-3.940000,-3.972719,-3.940000,-3.971866,3.531068,3.530926,5.394198,5.394587,25.671859,182758,3.572474
12808:ApriltagsCameraLog(1):,7,-3.971866,-3.927000,-3.971866,-3.927000,-3.970671,3.531070,3.530997,5.394252,5.394393,25.706038,182759,3.572474
12825:ApriltagsCameraLog(1):,7,-3.970671,-3.842000,-3.970671,-3.842000,-3.969036,3.531074,3.531034,5.394326,5.394322,25.941848,182760,3.572474
12845:ApriltagsCameraLog(1):,7,-3.969036,-3.877000,-3.969036,-3.877000,-3.964321,3.531078,3.531054,5.394428,5.394324,25.838764,182761,3.572474
12865:ApriltagsCameraLog(1):,7,-3.964321,-3.945000,-3.964321,-3.945000,-3.961067,3.531091,3.531066,5.394722,5.394376,25.634160,182762,3.572474
12885:ApriltagsCameraLog(1):,7,-3.961067,-3.928000,-3.961067,-3.928000,-3.960464,3.531099,3.531078,5.394924,5.394549,25.672839,182763,3.572474
12905:ApriltagsCameraLog(1):,7,-3.960464,-3.912000,-3.960464,-3.912000,-3.959247,3.531101,3.531089,5.394962,5.394737,25.716162,182764,3.572474
12925:ApriltagsCameraLog(1):,7,-3.959247,-4.065000,-3.959247,-4.065000,-3.957478,3.531104,3.531095,5.395038,5.394849,25.877361,182765,3.572474
12945:ApriltagsCameraLog(1):,7,-3.957478,-3.894000,-3.957478,-3.894000,-3.961479,3.531109,3.531099,5.395148,5.394943,25.758410,182766,3.572474
12965:ApriltagsCameraLog(1):,7,-3.961479,-3.968000,-3.961479,-3.968000,-3.958957,3.531098,3.531104,5.394899,5.395046,25.598145,182767,3.572474
12985:ApriltagsCameraLog(1):,7,-3.958957,-3.935000,-3.958957,-3.935000,-3.959297,3.531105,3.531101,5.395056,5.394972,25.647205,182768,3.572474
13005:ApriltagsCameraLog(1):,7,-3.959297,-3.843000,-3.959297,-3.843000,-3.958385,3.531104,3.531103,5.395035,5.395014,25.907029,182769,3.572474
13025:ApriltagsCameraLog(1):,7,-3.958385,-3.834000,-3.958385,-3.834000,-3.954097,3.531106,3.531103,5.395091,5.395024,25.929788,182770,3.572474
13045:ApriltagsCameraLog(1):,7,-3.954097,-3.802000,-3.954097,-3.802000,-3.949637,3.531118,3.531105,5.395359,5.395058,26.007762,182771,3.572474
13065:ApriltagsCameraLog(1):,7,-3.949637,-3.791000,-3.949637,-3.791000,-3.944171,3.531130,3.531112,5.395636,5.395208,26.026166,182772,3.572474
13085:ApriltagsCameraLog(1):,7,-3.944171,-3.863000,-3.944171,-3.863000,-3.938503,3.531144,3.531121,5.395977,5.395422,25.808192,182773,3.572474
13105:ApriltagsCameraLog(1):,7,-3.938503,-3.856000,-3.938503,-3.856000,-3.935687,3.531159,3.531133,5.396330,5.395700,25.811941,182774,3.572474
13125:ApriltagsCameraLog(1):,7,-3.935687,-3.809000,-3.935687,-3.809000,-3.932715,3.531167,3.531146,5.396505,5.396015,25.936264,182775,3.572474
13145:ApriltagsCameraLog(1):,7,-3.932715,-3.850000,-3.932715,-3.850000,-3.938122,3.531174,3.531157,5.396691,5.396260,25.812537,182776,3.572474
13165:ApriltagsCameraLog(1):,7,-3.938122,-4.247000,-3.938122,-4.247000,-3.935208,3.528626,3.531166,5.396528,5.396475,26.427906,182777,3.569935
13185:ApriltagsCameraLog(1):,7,-3.935208,-4.151000,-3.935208,-4.151000,-3.946904,3.528634,3.529896,5.396709,5.396498,26.166190,182778,3.569935
13205:ApriltagsCameraLog(1):,7,-3.946904,-3.880000,-3.946904,-3.880000,-3.954417,3.531137,3.529265,5.395807,5.396603,25.768049,182779,3.572474
13225:ApriltagsCameraLog(1):,7,-3.954417,-3.950000,-3.954417,-3.950000,-3.941637,3.531117,3.530201,5.395339,5.396204,25.592224,182780,3.572474
13245:ApriltagsCameraLog(1):,7,-3.941637,-3.953000,-3.941637,-3.953000,-3.941575,3.531151,3.530659,5.396135,5.395771,25.611769,182781,3.572474
13265:ApriltagsCameraLog(1):,7,-3.941575,-3.932000,-3.941575,-3.932000,-3.941666,3.531151,3.530905,5.396139,5.395953,25.606738,182782,3.572474
13285:ApriltagsCameraLog(1):,7,-3.941666,-3.932000,-3.941666,-3.932000,-3.941303,3.531151,3.531028,5.396133,5.396046,25.606995,182783,3.572474
13305:ApriltagsCameraLog(1):,7,-3.941303,-3.936000,-3.941303,-3.936000,-3.940954,3.531152,3.531089,5.396155,5.396089,25.594717,182784,3.572474
13325:ApriltagsCameraLog(1):,7,-3.940954,-3.917000,-3.940954,-3.917000,-3.940767,3.531153,3.531121,5.396177,5.396122,25.647195,182785,3.572474
13345:ApriltagsCameraLog(1):,7,-3.940767,-3.987000,-3.940767,-3.987000,-3.939875,3.531153,3.531137,5.396189,5.396150,25.709884,182786,3.572474
13365:ApriltagsCameraLog(1):,7,-3.939875,-3.974000,-3.939875,-3.974000,-3.941640,3.531156,3.531145,5.396244,5.396169,25.675815,182787,3.572474
13385:ApriltagsCameraLog(1):,7,-3.941640,-4.011000,-3.941640,-4.011000,-3.942853,3.531151,3.531150,5.396135,5.396207,25.774960,182788,3.572474
13405:ApriltagsCameraLog(1):,7,-3.942853,-4.051000,-3.942853,-4.051000,-3.945398,3.528614,3.531151,5.396234,5.396171,25.863543,182789,3.569935
13425:ApriltagsCameraLog(1):,7,-3.945398,-3.965000,-3.945398,-3.965000,-3.949329,3.531141,3.529882,5.395900,5.396201,25.634951,182790,3.572474
13445:ApriltagsCameraLog(1):,7,-3.949329,-4.018000,-3.949329,-4.018000,-3.949917,3.528596,3.530511,5.395830,5.396051,25.752554,182791,3.569935
13465:ApriltagsCameraLog(1):,7,-3.949917,-3.951000,-3.949917,-3.951000,-3.952462,3.528595,3.529554,5.395794,5.395940,25.562526,182792,3.569935
13485:ApriltagsCameraLog(1):,7,-3.952462,-3.935000,-3.952462,-3.935000,-3.952407,3.531122,3.529074,5.395460,5.395867,25.628930,182793,3.572474
13505:ApriltagsCameraLog(1):,7,-3.952407,-3.936000,-3.952407,-3.936000,-3.951754,3.531122,3.530098,5.395464,5.395664,25.625962,182794,3.572474
13525:ApriltagsCameraLog(1):,7,-3.951754,-3.918000,-3.951754,-3.918000,-3.951162,3.531124,3.530610,5.395504,5.395564,25.674770,182795,3.572474
13545:ApriltagsCameraLog(1):,7,-3.951162,-3.931000,-3.951162,-3.931000,-3.949919,3.531126,3.530867,5.395541,5.395534,25.636526,182796,3.572474
13565:ApriltagsCameraLog(1):,7,-3.949919,-3.892000,-3.949919,-3.892000,-3.949208,3.531129,3.530996,5.395619,5.395538,25.742766,182797,3.572474
13585:ApriltagsCameraLog(1):,7,-3.949208,-3.886000,-3.949208,-3.886000,-3.947069,3.531131,3.531063,5.395663,5.395578,25.757650,182798,3.572474
13605:ApriltagsCameraLog(1):,7,-3.947069,-3.892000,-3.947069,-3.892000,-3.944787,3.531136,3.531097,5.395796,5.395621,25.734748,182799,3.572474
13625:ApriltagsCameraLog(1):,7,-3.944787,-4.001000,-3.944787,-4.001000,-3.942812,3.531143,3.531117,5.395938,5.395708,25.737967,182800,3.572474
13645:ApriltagsCameraLog(1):,7,-3.942812,-4.025000,-3.942812,-4.025000,-3.944989,3.531148,3.531130,5.396061,5.395823,25.811053,182801,3.572474
13665:ApriltagsCameraLog(1):,7,-3.944989,-3.919000,-3.944989,-3.919000,-3.947973,3.531142,3.531139,5.395926,5.395942,25.652922,182802,3.572474
13685:ApriltagsCameraLog(1):,7,-3.947973,-3.925000,-3.947973,-3.925000,-3.946886,3.531134,3.531140,5.395740,5.395934,25.644436,182803,3.572474
