592:ApriltagsCameraLog(1):,tag,last yaw,cam yaw,calc yaw,update yaw, est yaw,x,est x,y,est y,adjust,frame,dist
772:ApriltagsCameraLog(1):,7,-45.960000,-4.219000,-45.960000,-4.219000,-45.960000,2.512041,0.000000,3.045995,0.000000,51.159591,31676,3.572474
970:ApriltagsCameraLog(1):,7,-45.960000,-4.297000,-45.960000,-4.297000,-45.878569,2.512041,1.754027,3.045995,0.998764,51.159591,31683,3.572474
1016:ApriltagsCameraLog(1):,7,-45.878569,-4.411000,-45.878569,-4.411000,-45.787450,2.515594,2.487093,3.049622,1.840043,51.159591,31686,3.572474
1036:ApriltagsCameraLog(1):,7,-45.787450,-4.383000,-45.787450,-4.383000,-45.706711,2.519564,2.718743,3.053686,2.413321,51.159591,31688,3.572474
1064:ApriltagsCameraLog(1):,7,-45.706711,-4.257000,-45.706711,-4.257000,-45.626075,2.523076,2.738762,3.057293,2.755432,51.159591,31689,3.572474
1107:ApriltagsCameraLog(1):,7,-45.626075,-4.249000,-45.626075,-4.249000,-45.545350,2.526579,2.690020,3.060900,2.938652,51.159591,31692,3.572474
1165:ApriltagsCameraLog(1):,7,-45.545350,-4.332000,-45.545350,-4.332000,-45.454768,2.530080,2.633841,3.064516,3.026523,51.159591,31698,3.572474
1206:ApriltagsCameraLog(1):,7,-45.454768,-4.229000,-45.454768,-4.229000,-45.374504,2.534003,2.591004,3.068579,3.063293,51.159591,31705,3.572474
1245:ApriltagsCameraLog(1):,7,-45.374504,-4.334000,-45.374504,-4.334000,-45.294196,2.535690,2.564681,3.073992,3.076041,51.118965,31712,3.569935
1285:ApriltagsCameraLog(1):,7,-45.294196,-4.435000,-45.294196,-4.435000,-45.214186,2.540941,2.550439,3.075797,3.080235,51.159591,31719,3.572474
1322:ApriltagsCameraLog(1):,7,-45.214186,-4.376000,-45.214186,-4.376000,-45.134611,2.544391,2.545103,3.079401,3.079797,51.159591,31724,3.572474
1377:ApriltagsCameraLog(1):,7,-45.134611,-4.279000,-45.134611,-4.279000,-45.055079,2.546025,2.544692,3.084790,3.079734,51.118965,31735,3.569935
1393:ApriltagsCameraLog(1):,7,-45.055079,-4.406000,-45.055079,-4.406000,-44.975468,2.551236,2.546228,3.086582,3.081918,51.159591,31736,3.572474
1411:ApriltagsCameraLog(1):,7,-44.975468,-4.352000,-44.975468,-4.352000,-44.896323,2.554653,2.549451,3.090182,3.083268,51.159591,31737,3.572474
1430:ApriltagsCameraLog(1):,7,-44.896323,-4.301000,-44.896323,-4.301000,-44.817227,2.558045,2.553164,3.093766,3.085662,51.159591,31738,3.572474
1446:ApriltagsCameraLog(1):,7,-44.817227,-4.297000,-44.817227,-4.297000,-44.738186,2.561431,2.556933,3.097352,3.088683,51.159591,31739,3.572474
1463:ApriltagsCameraLog(1):,7,-44.738186,-4.424000,-44.738186,-4.424000,-44.659291,2.564809,2.560615,3.100941,3.092045,51.159591,31740,3.572474
1480:ApriltagsCameraLog(1):,7,-44.659291,-4.404000,-44.659291,-4.404000,-44.580798,2.566369,2.564184,3.106312,3.095575,51.118965,31741,3.569935
1501:ApriltagsCameraLog(1):,7,-44.580798,-4.453000,-44.580798,-4.453000,-44.502356,2.571521,2.567111,3.108100,3.100341,51.159591,31742,3.572474
1520:ApriltagsCameraLog(1):,7,-44.502356,-4.414000,-44.502356,-4.414000,-44.424226,2.573047,2.570579,3.113455,3.103293,51.118965,31743,3.569935
1541:ApriltagsCameraLog(1):,7,-44.424226,-4.437000,-44.424226,-4.437000,-44.346110,2.578178,2.573534,3.115240,3.107737,51.159591,31744,3.572474
1573:ApriltagsCameraLog(1):,7,-44.346110,-4.401000,-44.346110,-4.401000,-44.268253,2.579676,2.577066,3.120585,3.110529,51.118965,31745,3.569935
1589:ApriltagsCameraLog(1):,7,-44.268253,-4.329000,-44.268253,-4.329000,-44.190416,2.584791,2.580064,3.122371,3.114901,51.159591,31746,3.572474
1604:ApriltagsCameraLog(1):,7,-44.190416,-4.365000,-44.190416,-4.365000,-44.112652,2.588083,2.583629,3.125937,3.117665,51.159591,31747,3.572474
1619:ApriltagsCameraLog(1):,7,-44.112652,-4.276000,-44.112652,-4.276000,-44.035110,2.591368,2.587198,3.129503,3.120863,51.159591,31748,3.572474
1642:ApriltagsCameraLog(1):,7,-44.035110,-4.385000,-44.035110,-4.385000,-43.957546,2.594638,2.590695,3.133064,3.124288,51.159591,31749,3.572474
1661:ApriltagsCameraLog(1):,7,-43.957546,-4.375000,-43.957546,-4.375000,-43.880346,2.597905,2.594101,3.136631,3.127822,51.159591,31750,3.572474
1678:ApriltagsCameraLog(1):,7,-43.880346,-4.331000,-43.880346,-4.331000,-43.803277,2.601152,2.597443,3.140185,3.131397,51.159591,31751,3.572474
1703:ApriltagsCameraLog(1):,7,-43.803277,-4.239000,-43.803277,-4.239000,-43.726272,2.604388,2.600734,3.143737,3.134979,51.159591,31752,3.572474
1720:ApriltagsCameraLog(1):,7,-43.726272,-4.404000,-43.726272,-4.404000,-43.649238,2.607616,2.603995,3.147290,3.138556,51.159591,31753,3.572474
1738:ApriltagsCameraLog(1):,7,-43.649238,-4.407000,-43.649238,-4.407000,-43.572676,2.610842,2.607228,3.150850,3.142133,51.159591,31754,3.572474
1763:ApriltagsCameraLog(1):,7,-43.572676,-4.331000,-43.572676,-4.331000,-43.496270,2.614042,2.610451,3.154392,3.145705,51.159591,31755,3.572474
1777:ApriltagsCameraLog(1):,7,-43.496270,-4.328000,-43.496270,-4.328000,-43.419864,2.617232,2.613658,3.157930,3.149266,51.159591,31756,3.572474
1793:ApriltagsCameraLog(1):,7,-43.419864,-4.470000,-43.419864,-4.470000,-43.343601,2.618572,2.616851,3.163219,3.152822,51.118965,31757,3.569935
1815:ApriltagsCameraLog(1):,7,-43.343601,-4.138000,-43.343601,-4.138000,-43.267705,2.623590,2.619438,3.165014,3.157529,51.159591,31758,3.572474
1833:ApriltagsCameraLog(1):,7,-43.267705,-4.186000,-43.267705,-4.186000,-43.191368,2.626745,2.622709,3.168542,3.160418,51.159591,31759,3.572474
1856:ApriltagsCameraLog(1):,7,-43.191368,-4.123000,-43.191368,-4.123000,-43.115274,2.629912,2.626029,3.172095,3.163638,51.159591,31760,3.572474
1875:ApriltagsCameraLog(1):,7,-43.115274,-4.198000,-43.115274,-4.198000,-43.039206,2.633065,2.629332,3.175640,3.167043,51.159591,31761,3.572474
1900:ApriltagsCameraLog(1):,7,-43.039206,-4.269000,-43.039206,-4.269000,-42.963433,2.636212,2.632581,3.179189,3.170545,51.159591,31762,3.572474
1918:ApriltagsCameraLog(1):,7,-42.963433,-4.253000,-42.963433,-4.253000,-42.887945,2.639342,2.635784,3.182727,3.174090,51.159591,31763,3.572474
1940:ApriltagsCameraLog(1):,7,-42.887945,-4.244000,-42.887945,-4.244000,-42.812574,2.642456,2.638949,3.186257,3.177646,51.159591,31764,3.572474
1959:ApriltagsCameraLog(1):,7,-42.812574,-4.261000,-42.812574,-4.261000,-42.737333,2.645560,2.642083,3.189785,3.181200,51.159591,31765,3.572474
1975:ApriltagsCameraLog(1):,7,-42.737333,-4.357000,-42.737333,-4.357000,-42.662271,2.648655,2.645195,3.193311,3.184748,51.159591,31766,3.572474
2000:ApriltagsCameraLog(1):,7,-42.662271,-4.262000,-42.662271,-4.262000,-42.587543,2.651737,2.648289,3.196833,3.188293,51.159591,31767,3.572474
2020:ApriltagsCameraLog(1):,7,-42.587543,-4.275000,-42.587543,-4.275000,-42.512775,2.654801,2.651374,3.200344,3.191828,51.159591,31768,3.572474
2038:ApriltagsCameraLog(1):,7,-42.512775,-4.281000,-42.512775,-4.281000,-42.438179,2.657862,2.654442,3.203860,3.195357,51.159591,31769,3.572474
2056:ApriltagsCameraLog(1):,7,-42.438179,-4.320000,-42.438179,-4.320000,-42.363740,2.660912,2.657502,3.207372,3.198882,51.159591,31770,3.572474
2076:ApriltagsCameraLog(1):,7,-42.363740,-4.297000,-42.363740,-4.297000,-42.289522,2.663950,2.660551,3.210880,3.202406,51.159591,31771,3.572474
2101:ApriltagsCameraLog(1):,7,-42.289522,-4.336000,-42.289522,-4.336000,-42.215404,2.666975,2.663590,3.214382,3.205925,51.159591,31772,3.572474
2124:ApriltagsCameraLog(1):,7,-42.215404,-4.400000,-42.215404,-4.400000,-42.141507,2.669992,2.666616,3.217883,3.209441,51.159591,31773,3.572474
2143:ApriltagsCameraLog(1):,7,-42.141507,-4.295000,-42.141507,-4.295000,-42.067879,2.672994,2.669630,3.221378,3.212955,51.159591,31774,3.572474
2163:ApriltagsCameraLog(1):,7,-42.067879,-4.321000,-42.067879,-4.321000,-41.994189,2.674096,2.672637,3.226566,3.216460,51.118965,31775,3.569935
2183:ApriltagsCameraLog(1):,7,-41.994189,-4.359000,-41.994189,-4.359000,-41.920636,2.678967,2.674998,3.228357,3.221091,51.159591,31776,3.572474
2212:ApriltagsCameraLog(1):,7,-41.920636,-4.325000,-41.920636,-4.325000,-41.847359,2.681943,2.678100,3.231846,3.223944,51.159591,31777,3.572474
2224:ApriltagsCameraLog(1):,7,-41.847359,-4.349000,-41.847359,-4.349000,-41.774158,2.684902,2.681244,3.235327,3.227126,51.159591,31778,3.572474
2243:ApriltagsCameraLog(1):,7,-41.774158,-4.371000,-41.774158,-4.371000,-41.701147,2.687855,2.684345,3.238808,3.230484,51.159591,31779,3.572474
2262:ApriltagsCameraLog(1):,7,-41.701147,-4.388000,-41.701147,-4.388000,-41.628322,2.690795,2.687391,3.242283,3.233928,51.159591,31780,3.572474
2283:ApriltagsCameraLog(1):,7,-41.628322,-4.362000,-41.628322,-4.362000,-41.555671,2.693723,2.690388,3.245754,3.237406,51.159591,31781,3.572474
2303:ApriltagsCameraLog(1):,7,-41.555671,-4.353000,-41.555671,-4.353000,-41.483112,2.696640,2.693349,3.249220,3.240893,51.159591,31782,3.572474
2323:ApriltagsCameraLog(1):,7,-41.483112,-4.276000,-41.483112,-4.276000,-41.410676,2.699549,2.696283,3.252685,3.244378,51.159591,31783,3.572474
2342:ApriltagsCameraLog(1):,7,-41.410676,-4.245000,-41.410676,-4.245000,-41.338232,2.702448,2.699202,3.256148,3.247858,51.159591,31784,3.572474
2364:ApriltagsCameraLog(1):,7,-41.338232,-4.299000,-41.338232,-4.299000,-41.265868,2.705344,2.702108,3.259615,3.251333,51.159591,31785,3.572474
2383:ApriltagsCameraLog(1):,7,-41.265868,-4.274000,-41.265868,-4.274000,-41.193751,2.708232,2.705003,3.263081,3.254809,51.159591,31786,3.572474
2402:ApriltagsCameraLog(1):,7,-41.193751,-4.421000,-41.193751,-4.421000,-41.121726,2.711105,2.707891,3.266540,3.258283,51.159591,31787,3.572474
2423:ApriltagsCameraLog(1):,7,-41.121726,-4.325000,-41.121726,-4.325000,-41.050129,2.713971,2.710763,3.269998,3.261756,51.159591,31788,3.572474
2443:ApriltagsCameraLog(1):,7,-41.050129,-4.418000,-41.050129,-4.418000,-40.978483,2.716815,2.713630,3.273438,3.265223,51.159591,31789,3.572474
2462:ApriltagsCameraLog(1):,7,-40.978483,-4.367000,-40.978483,-4.367000,-40.907159,2.719657,2.716477,3.276885,3.268684,51.159591,31790,3.572474
2482:ApriltagsCameraLog(1):,7,-40.907159,-4.297000,-40.907159,-4.297000,-40.835874,2.722482,2.719318,3.280320,3.272139,51.159591,31791,3.572474
2502:ApriltagsCameraLog(1):,7,-40.835874,-4.333000,-40.835874,-4.333000,-40.764592,2.725301,2.722148,3.283756,3.275587,51.159591,31792,3.572474
2522:ApriltagsCameraLog(1):,7,-40.764592,-4.334000,-40.764592,-4.334000,-40.693520,2.728116,2.724967,3.287196,3.279034,51.159591,31793,3.572474
2542:ApriltagsCameraLog(1):,7,-40.693520,-4.295000,-40.693520,-4.295000,-40.622588,2.730918,2.727781,3.290629,3.282479,51.159591,31794,3.572474
2562:ApriltagsCameraLog(1):,7,-40.622588,-4.361000,-40.622588,-4.361000,-40.551718,2.731782,2.730586,3.295712,3.285921,51.118965,31795,3.569935
2582:ApriltagsCameraLog(1):,7,-40.551718,-4.388000,-40.551718,-4.388000,-40.481059,2.736496,2.732708,3.297489,3.290465,51.159591,31796,3.572474
2602:ApriltagsCameraLog(1):,7,-40.481059,-4.368000,-40.481059,-4.368000,-40.410647,2.737337,2.735643,3.302561,3.293265,51.118965,31797,3.569935
2622:ApriltagsCameraLog(1):,7,-40.410647,-4.341000,-40.410647,-4.341000,-40.340277,2.742028,2.737921,3.304327,3.297494,51.159591,31798,3.572474
2642:ApriltagsCameraLog(1):,7,-40.340277,-4.029000,-40.340277,-4.029000,-40.270048,2.742845,2.740978,3.309388,3.300154,51.118965,31799,3.569935
2662:ApriltagsCameraLog(1):,7,-40.270048,-4.383000,-40.270048,-4.383000,-40.199290,2.745587,2.743338,3.312798,3.304322,51.118965,31800,3.569935
2682:ApriltagsCameraLog(1):,7,-40.199290,-4.255000,-40.199290,-4.255000,-40.129363,2.750285,2.745748,3.314598,3.308071,51.159591,31801,3.572474
2702:ApriltagsCameraLog(1):,7,-40.129363,-4.217000,-40.129363,-4.217000,-40.059377,2.753009,2.748962,3.318003,3.310519,51.159591,31802,3.572474
2723:ApriltagsCameraLog(1):,7,-40.059377,-4.161000,-40.059377,-4.161000,-39.989454,2.755730,2.752088,3.321414,3.313507,51.159591,31803,3.572474
2742:ApriltagsCameraLog(1):,7,-39.989454,-4.197000,-39.989454,-4.197000,-39.919558,2.758445,2.755083,3.324825,3.316763,51.159591,31804,3.572474
2762:ApriltagsCameraLog(1):,7,-39.919558,-4.222000,-39.919558,-4.222000,-39.849868,2.761155,2.757964,3.328238,3.320140,51.159591,31805,3.572474
2782:ApriltagsCameraLog(1):,7,-39.849868,-4.373000,-39.849868,-4.373000,-39.780363,2.763853,2.760765,3.331645,3.323564,51.159591,31806,3.572474
2802:ApriltagsCameraLog(1):,7,-39.780363,-4.333000,-39.780363,-4.333000,-39.711289,2.766539,2.763506,3.335045,3.326999,51.159591,31807,3.572474
2822:ApriltagsCameraLog(1):,7,-39.711289,-4.271000,-39.711289,-4.271000,-39.642271,2.769205,2.766214,3.338428,3.330427,51.159591,31808,3.572474
2842:ApriltagsCameraLog(1):,7,-39.642271,-4.230000,-39.642271,-4.230000,-39.573267,2.771865,2.768895,3.341811,3.333840,51.159591,31809,3.572474
2862:ApriltagsCameraLog(1):,7,-39.573267,-4.377000,-39.573267,-4.377000,-39.504317,2.774519,2.771559,3.345197,3.337242,51.159591,31810,3.572474
2882:ApriltagsCameraLog(1):,7,-39.504317,-4.378000,-39.504317,-4.378000,-39.435789,2.777168,2.774210,3.348583,3.340642,51.159591,31811,3.572474
2902:ApriltagsCameraLog(1):,7,-39.435789,-4.359000,-39.435789,-4.359000,-39.367396,2.777835,2.776855,3.353566,3.344037,51.118965,31812,3.569935
2922:ApriltagsCameraLog(1):,7,-39.367396,-4.259000,-39.367396,-4.259000,-39.299046,2.780452,2.778783,3.356928,3.348504,51.118965,31813,3.569935
2944:ApriltagsCameraLog(1):,7,-39.299046,-4.482000,-39.299046,-4.482000,-39.230633,2.783064,2.780877,3.360292,3.352330,51.118965,31814,3.569935
2962:ApriltagsCameraLog(1):,7,-39.230633,-4.477000,-39.230633,-4.477000,-39.162790,2.787641,2.783142,3.362056,3.355858,51.159591,31815,3.572474
2982:ApriltagsCameraLog(1):,7,-39.162790,-4.523000,-39.162790,-4.523000,-39.095123,2.790227,2.786259,3.365403,3.358183,51.159591,31816,3.572474
3002:ApriltagsCameraLog(1):,7,-39.095123,-4.358000,-39.095123,-4.358000,-39.027678,2.792803,2.789270,3.368745,3.361086,51.159591,31817,3.572474
3021:ApriltagsCameraLog(1):,7,-39.027678,-4.342000,-39.027678,-4.342000,-38.960043,2.795366,2.792139,3.372079,3.364265,51.159591,31818,3.572474
3042:ApriltagsCameraLog(1):,7,-38.960043,-4.329000,-38.960043,-4.329000,-38.892508,2.797932,2.794881,3.375425,3.367567,51.159591,31819,3.572474
3062:ApriltagsCameraLog(1):,7,-38.892508,-4.339000,-38.892508,-4.339000,-38.825079,2.800491,2.797544,3.378770,3.370918,51.159591,31820,3.572474
3082:ApriltagsCameraLog(1):,7,-38.825079,-4.279000,-38.825079,-4.279000,-38.757802,2.803042,2.800152,3.382112,3.374283,51.159591,31821,3.572474
3102:ApriltagsCameraLog(1):,7,-38.757802,-4.267000,-38.757802,-4.267000,-38.690539,2.805583,2.802729,3.385450,3.377645,51.159591,31822,3.572474
3122:ApriltagsCameraLog(1):,7,-38.690539,-4.300000,-38.690539,-4.300000,-38.623384,2.806137,2.805283,3.390377,3.381002,51.118965,31823,3.569935
3143:ApriltagsCameraLog(1):,7,-38.623384,-4.382000,-38.623384,-4.382000,-38.556371,2.810648,2.807099,3.392127,3.385422,51.159591,31824,3.572474
3182:ApriltagsCameraLog(1):,7,-38.556371,-4.375000,-38.556371,-4.375000,-38.489701,2.813168,2.809819,3.395460,3.388147,51.159591,31826,3.572474
3202:ApriltagsCameraLog(1):,7,-38.489701,-4.315000,-38.489701,-4.315000,-38.423149,2.815670,2.812530,3.398779,3.391198,51.159591,31827,3.572474
3222:ApriltagsCameraLog(1):,7,-38.423149,-4.105000,-38.423149,-4.105000,-38.356609,2.816175,2.815180,3.403674,3.394410,51.118965,31828,3.569935
3242:ApriltagsCameraLog(1):,7,-38.356609,-4.289000,-38.356609,-4.289000,-38.289736,2.820655,2.817045,3.405414,3.398756,51.159591,31829,3.572474
3261:ApriltagsCameraLog(1):,7,-38.289736,-4.375000,-38.289736,-4.375000,-38.223405,2.823153,2.819783,3.408752,3.401453,51.159591,31830,3.572474
3281:ApriltagsCameraLog(1):,7,-38.223405,-4.301000,-38.223405,-4.301000,-38.157372,2.825628,2.822495,3.412066,3.404500,51.159591,31831,3.572474
3301:ApriltagsCameraLog(1):,7,-38.157372,-4.407000,-38.157372,-4.407000,-38.091323,2.828087,2.825132,3.415368,3.407711,51.159591,31832,3.572474
3321:ApriltagsCameraLog(1):,7,-38.091323,-4.305000,-38.091323,-4.305000,-38.025610,2.830544,2.827690,3.418674,3.410996,51.159591,31833,3.572474
3341:ApriltagsCameraLog(1):,7,-38.025610,-4.324000,-38.025610,-4.324000,-37.959826,2.832984,2.830203,3.421965,3.414305,51.159591,31834,3.572474
3362:ApriltagsCameraLog(1):,7,-37.959826,-4.339000,-37.959826,-4.339000,-37.894207,2.835423,2.832676,3.425263,3.417618,51.159591,31835,3.572474
3382:ApriltagsCameraLog(1):,7,-37.894207,-4.412000,-37.894207,-4.412000,-37.828746,2.837852,2.835127,3.428555,3.420929,51.159591,31836,3.572474
3402:ApriltagsCameraLog(1):,7,-37.828746,-4.298000,-37.828746,-4.298000,-37.763555,2.838265,2.837561,3.433400,3.424238,51.118965,31837,3.569935
3423:ApriltagsCameraLog(1):,7,-37.763555,-4.531000,-37.763555,-4.531000,-37.698216,2.840669,2.839238,3.436674,3.428586,51.118965,31838,3.569935
3443:ApriltagsCameraLog(1):,7,-37.698216,-4.433000,-37.698216,-4.433000,-37.633461,2.843075,2.841102,3.439958,3.432311,51.118965,31839,3.569935
3461:ApriltagsCameraLog(1):,7,-37.633461,-4.319000,-37.633461,-4.319000,-37.568640,2.845455,2.843167,3.443216,3.435742,51.118965,31840,3.569935
3481:ApriltagsCameraLog(1):,7,-37.568640,-4.289000,-37.568640,-4.289000,-37.503723,2.849848,2.845361,3.444931,3.439043,51.159591,31841,3.572474
3502:ApriltagsCameraLog(1):,7,-37.503723,-4.190000,-37.503723,-4.190000,-37.438926,2.852229,2.848393,3.448204,3.441256,51.159591,31842,3.572474
3522:ApriltagsCameraLog(1):,7,-37.438926,-4.293000,-37.438926,-4.293000,-37.374063,2.854601,2.851263,3.451475,3.444077,51.159591,31843,3.572474
3541:ApriltagsCameraLog(1):,7,-37.374063,-4.213000,-37.374063,-4.213000,-37.309526,2.856973,2.853952,3.454751,3.447192,51.159591,31844,3.572474
3561:ApriltagsCameraLog(1):,7,-37.309526,-4.170000,-37.309526,-4.170000,-37.244960,2.859329,2.856510,3.458013,3.450431,51.159591,31845,3.572474
3581:ApriltagsCameraLog(1):,7,-37.244960,-4.230000,-37.244960,-4.230000,-37.180435,2.861682,2.858972,3.461279,3.453711,51.159591,31846,3.572474
3601:ApriltagsCameraLog(1):,7,-37.180435,-4.200000,-37.180435,-4.200000,-37.116154,2.864030,2.861376,3.464546,3.457002,51.159591,31847,3.572474
3621:ApriltagsCameraLog(1):,7,-37.116154,-4.248000,-37.116154,-4.248000,-37.041939,2.866365,2.863748,3.467804,3.460290,51.159591,31848,3.572474
3642:ApriltagsCameraLog(1):,7,-37.041939,-4.273000,-37.041939,-4.273000,-36.977943,2.869057,2.866094,3.471567,3.463570,51.159591,31849,3.572474
3661:ApriltagsCameraLog(1):,7,-36.977943,-4.325000,-36.977943,-4.325000,-36.914125,2.869345,2.868675,3.476344,3.467038,51.118965,31850,3.569935
3681:ApriltagsCameraLog(1):,7,-36.914125,-4.282000,-36.914125,-4.282000,-36.850498,2.873682,2.870322,3.478058,3.471470,51.159591,31851,3.572474
3704:ApriltagsCameraLog(1):,7,-36.850498,-4.319000,-36.850498,-4.319000,-36.796962,2.875978,2.872891,3.481293,3.474199,51.159591,31852,3.572474
3721:ApriltagsCameraLog(1):,7,-36.796962,-4.341000,-36.796962,-4.341000,-36.733622,2.877908,2.875396,3.484016,3.477214,51.159591,31853,3.572474
3741:ApriltagsCameraLog(1):,7,-36.733622,-4.428000,-36.733622,-4.428000,-36.670445,2.880188,2.877578,3.487241,3.480171,51.159591,31854,3.572474
3761:ApriltagsCameraLog(1):,7,-36.670445,-4.435000,-36.670445,-4.435000,-36.607546,2.882458,2.879841,3.490460,3.483246,51.159591,31855,3.572474
3781:ApriltagsCameraLog(1):,7,-36.607546,-4.362000,-36.607546,-4.362000,-36.544782,2.884715,2.882126,3.493668,3.486392,51.159591,31856,3.572474
3801:ApriltagsCameraLog(1):,7,-36.544782,-4.313000,-36.544782,-4.313000,-36.481998,2.886964,2.884406,3.496871,3.489571,51.159591,31857,3.572474
3821:ApriltagsCameraLog(1):,7,-36.481998,-4.385000,-36.481998,-4.385000,-36.409241,2.889209,2.886674,3.500077,3.492767,51.159591,31858,3.572474
3842:ApriltagsCameraLog(1):,7,-36.409241,-4.309000,-36.409241,-4.309000,-36.346747,2.891807,2.888928,3.503796,3.495973,51.159591,31859,3.572474
3861:ApriltagsCameraLog(1):,7,-36.346747,-4.346000,-36.346747,-4.346000,-36.284230,2.894035,2.891422,3.506993,3.499381,51.159591,31860,3.572474
3881:ApriltagsCameraLog(1):,7,-36.284230,-4.333000,-36.284230,-4.333000,-36.231923,2.896260,2.893754,3.510194,3.502725,51.159591,31861,3.572474
3901:ApriltagsCameraLog(1):,7,-36.231923,-4.276000,-36.231923,-4.276000,-36.169713,2.898119,2.896012,3.512873,3.506015,51.159591,31862,3.572474
3921:ApriltagsCameraLog(1):,7,-36.169713,-4.228000,-36.169713,-4.228000,-36.107508,2.900327,2.897991,3.516063,3.509063,51.159591,31863,3.572474
3941:ApriltagsCameraLog(1):,7,-36.107508,-4.345000,-36.107508,-4.345000,-36.045316,2.902531,2.900100,3.519254,3.512148,51.159591,31864,3.572474
3961:ApriltagsCameraLog(1):,7,-36.045316,-4.453000,-36.045316,-4.453000,-35.983473,2.904731,2.902266,3.522447,3.515275,51.159591,31865,3.572474
3981:ApriltagsCameraLog(1):,7,-35.983473,-4.399000,-35.983473,-4.399000,-35.921962,2.906916,2.904452,3.525625,3.518432,51.159591,31866,3.572474
4001:ApriltagsCameraLog(1):,7,-35.921962,-4.378000,-35.921962,-4.378000,-35.850465,2.909085,2.906640,3.528788,3.521600,51.159591,31867,3.572474
4022:ApriltagsCameraLog(1):,7,-35.850465,-4.366000,-35.850465,-4.366000,-35.789047,2.911602,2.908818,3.532467,3.524768,51.159591,31868,3.572474
4041:ApriltagsCameraLog(1):,7,-35.789047,-4.203000,-35.789047,-4.203000,-35.737729,2.911701,2.911229,3.537115,3.528140,51.118965,31869,3.569935
4061:ApriltagsCameraLog(1):,7,-35.737729,-4.386000,-35.737729,-4.386000,-35.666180,2.915562,2.912691,3.538275,3.532450,51.159591,31870,3.572474
4081:ApriltagsCameraLog(1):,7,-35.666180,-4.386000,-35.666180,-4.386000,-35.605153,2.918069,2.914885,3.541965,3.534899,51.159591,31871,3.572474
4101:ApriltagsCameraLog(1):,7,-35.605153,-4.344000,-35.605153,-4.344000,-35.544234,2.920204,2.917398,3.545114,3.537911,51.159591,31872,3.572474
4122:ApriltagsCameraLog(1):,7,-35.544234,-4.375000,-35.544234,-4.375000,-35.483366,2.922332,2.919745,3.548261,3.541043,51.159591,31873,3.572474
4142:ApriltagsCameraLog(1):,7,-35.483366,-4.283000,-35.483366,-4.283000,-35.412679,2.924455,2.921985,3.551407,3.544213,51.159591,31874,3.572474
4161:ApriltagsCameraLog(1):,7,-35.412679,-4.279000,-35.412679,-4.279000,-35.351930,2.926915,2.924165,3.555064,3.547387,51.159591,31875,3.572474
4181:ApriltagsCameraLog(1):,7,-35.351930,-4.332000,-35.351930,-4.332000,-35.291295,2.929027,2.926546,3.558208,3.550759,51.159591,31876,3.572474
4201:ApriltagsCameraLog(1):,7,-35.291295,-4.338000,-35.291295,-4.338000,-35.230898,2.931131,2.928760,3.561350,3.554058,51.159591,31877,3.572474
4221:ApriltagsCameraLog(1):,7,-35.230898,-4.347000,-35.230898,-4.347000,-35.170631,2.933223,2.930898,3.564481,3.557297,51.159591,31878,3.572474
4241:ApriltagsCameraLog(1):,7,-35.170631,-4.348000,-35.170631,-4.348000,-35.110498,2.935308,2.932997,3.567607,3.560490,51.159591,31879,3.572474
4261:ApriltagsCameraLog(1):,7,-35.110498,-4.340000,-35.110498,-4.340000,-35.050485,2.937384,2.935078,3.570729,3.563654,51.159591,31880,3.572474
4281:ApriltagsCameraLog(1):,7,-35.050485,-4.362000,-35.050485,-4.362000,-34.990573,2.939453,2.937150,3.573846,3.566798,51.159591,31881,3.572474
4301:ApriltagsCameraLog(1):,7,-34.990573,-4.269000,-34.990573,-4.269000,-34.930821,2.941516,2.939214,3.576961,3.569931,51.159591,31882,3.572474
4321:ApriltagsCameraLog(1):,7,-34.930821,-4.262000,-34.930821,-4.262000,-34.871005,2.943570,2.941276,3.580069,3.573055,51.159591,31883,3.572474
4341:ApriltagsCameraLog(1):,7,-34.871005,-4.299000,-34.871005,-4.299000,-34.811291,2.945623,2.943331,3.583183,3.576173,51.159591,31884,3.572474
4361:ApriltagsCameraLog(1):,7,-34.811291,-4.311000,-34.811291,-4.311000,-34.751766,2.947668,2.945381,3.586294,3.579291,51.159591,31885,3.572474
4381:ApriltagsCameraLog(1):,7,-34.751766,-4.247000,-34.751766,-4.247000,-34.692380,2.949705,2.947426,3.589397,3.582407,51.159591,31886,3.572474
4401:ApriltagsCameraLog(1):,7,-34.692380,-4.250000,-34.692380,-4.250000,-34.632986,2.951733,2.949466,3.592495,3.585518,51.159591,31887,3.572474
4421:ApriltagsCameraLog(1):,7,-34.632986,-4.256000,-34.632986,-4.256000,-34.573713,2.953758,2.951496,3.595595,3.588625,51.159591,31888,3.572474
4441:ApriltagsCameraLog(1):,7,-34.573713,-4.213000,-34.573713,-4.213000,-34.514568,2.955776,2.953521,3.598691,3.591730,51.159591,31889,3.572474
4461:ApriltagsCameraLog(1):,7,-34.514568,-4.299000,-34.514568,-4.299000,-34.455454,2.957787,2.955541,3.601783,3.594832,51.159591,31890,3.572474
4481:ApriltagsCameraLog(1):,7,-34.455454,-4.285000,-34.455454,-4.285000,-34.396623,2.959793,2.957551,3.604875,3.597933,51.159591,31891,3.572474
4501:ApriltagsCameraLog(1):,7,-34.396623,-4.239000,-34.396623,-4.239000,-34.337879,2.961787,2.959557,3.607954,3.601030,51.159591,31892,3.572474
4521:ApriltagsCameraLog(1):,7,-34.337879,-4.347000,-34.337879,-4.347000,-34.279161,2.963774,2.961554,3.611031,3.604120,51.159591,31893,3.572474
4541:ApriltagsCameraLog(1):,7,-34.279161,-4.398000,-34.279161,-4.398000,-34.220768,2.965757,2.963540,3.614108,3.607208,51.159591,31894,3.572474
4561:ApriltagsCameraLog(1):,7,-34.220768,-4.179000,-34.220768,-4.179000,-34.172588,2.967727,2.965520,3.617171,3.610292,51.159591,31895,3.572474
4581:ApriltagsCameraLog(1):,7,-34.172588,-4.304000,-34.172588,-4.304000,-34.114094,2.969349,2.967496,3.619699,3.613365,51.159591,31896,3.572474
4601:ApriltagsCameraLog(1):,7,-34.114094,-4.301000,-34.114094,-4.301000,-34.055956,2.971316,2.969224,3.622770,3.616220,51.159591,31897,3.572474
4621:ApriltagsCameraLog(1):,7,-34.055956,-4.314000,-34.055956,-4.314000,-33.997908,2.973268,2.971095,3.625825,3.619151,51.159591,31898,3.572474
4641:ApriltagsCameraLog(1):,7,-33.997908,-4.388000,-33.997908,-4.388000,-33.939999,2.975214,2.973020,3.628877,3.622132,51.159591,31899,3.572474
4661:ApriltagsCameraLog(1):,7,-33.939999,-4.335000,-33.939999,-4.335000,-33.882347,2.977152,2.974961,3.631923,3.625148,51.159591,31900,3.572474
4681:ApriltagsCameraLog(1):,7,-33.882347,-4.326000,-33.882347,-4.326000,-33.824705,2.979078,2.976904,3.634958,3.628179,51.159591,31901,3.572474
4701:ApriltagsCameraLog(1):,7,-33.824705,-4.351000,-33.824705,-4.351000,-33.767157,2.981001,2.978838,3.637995,3.631214,51.159591,31902,3.572474
4721:ApriltagsCameraLog(1):,7,-33.767157,-4.256000,-33.767157,-4.256000,-33.709770,2.982918,2.980764,3.641028,3.634253,51.159591,31903,3.572474
4741:ApriltagsCameraLog(1):,7,-33.709770,-4.341000,-33.709770,-4.341000,-33.652310,2.984826,2.982686,3.644055,3.637290,51.159591,31904,3.572474
4761:ApriltagsCameraLog(1):,7,-33.652310,-4.258000,-33.652310,-4.258000,-33.595128,2.986734,2.984596,3.647087,3.640326,51.159591,31905,3.572474
4781:ApriltagsCameraLog(1):,7,-33.595128,-4.302000,-33.595128,-4.302000,-33.527896,2.988629,2.986506,3.650107,3.643360,51.159591,31906,3.572474
4801:ApriltagsCameraLog(1):,7,-33.527896,-4.261000,-33.527896,-4.261000,-33.480861,2.990854,2.988403,3.653660,3.646390,51.159591,31907,3.572474
4821:ApriltagsCameraLog(1):,7,-33.480861,-4.257000,-33.480861,-4.257000,-33.423860,2.992408,2.990527,3.656147,3.649635,51.159591,31908,3.572474
4841:ApriltagsCameraLog(1):,7,-33.423860,-4.205000,-33.423860,-4.205000,-33.366976,2.994288,2.992274,3.659163,3.652582,51.159591,31909,3.572474
4861:ApriltagsCameraLog(1):,7,-33.366976,-4.226000,-33.366976,-4.226000,-33.310086,2.996162,2.994095,3.662175,3.655546,51.159591,31910,3.572474
4881:ApriltagsCameraLog(1):,7,-33.310086,-4.264000,-33.310086,-4.264000,-33.253347,2.998033,2.995946,3.665188,3.658528,51.159591,31911,3.572474
4901:ApriltagsCameraLog(1):,7,-33.253347,-4.282000,-33.253347,-4.282000,-33.196793,2.999896,2.997808,3.668196,3.661524,51.159591,31912,3.572474
4921:ApriltagsCameraLog(1):,7,-33.196793,-4.252000,-33.196793,-4.252000,-33.140384,3.001750,2.999670,3.671196,3.664526,51.159591,31913,3.572474
4941:ApriltagsCameraLog(1):,7,-33.140384,-4.192000,-33.140384,-4.192000,-33.074027,3.003596,3.001527,3.674189,3.667529,51.159591,31914,3.572474
4961:ApriltagsCameraLog(1):,7,-33.074027,-4.299000,-33.074027,-4.299000,-33.017663,3.005764,3.003378,3.677713,3.670528,51.159591,31915,3.572474
4981:ApriltagsCameraLog(1):,7,-33.017663,-4.336000,-33.017663,-4.336000,-32.961622,3.007602,3.005445,3.680709,3.673747,51.159591,31916,3.572474
5001:ApriltagsCameraLog(1):,7,-32.961622,-4.274000,-32.961622,-4.274000,-32.905777,3.009427,3.007369,3.683688,3.676887,51.159591,31917,3.572474
5021:ApriltagsCameraLog(1):,7,-32.905777,-4.295000,-32.905777,-4.295000,-32.859921,3.009110,3.009224,3.688040,3.679960,51.118965,31918,3.569935
5041:ApriltagsCameraLog(1):,7,-32.859921,-4.319000,-32.859921,-4.319000,-32.794170,3.012731,3.010173,3.689101,3.683931,51.159591,31919,3.572474
5061:ApriltagsCameraLog(1):,7,-32.794170,-4.411000,-32.794170,-4.411000,-32.738613,3.014862,3.012067,3.692603,3.686145,51.159591,31920,3.572474
5081:ApriltagsCameraLog(1):,7,-32.738613,-4.420000,-32.738613,-4.420000,-32.683335,3.016659,3.014233,3.695564,3.688964,51.159591,31921,3.572474
5101:ApriltagsCameraLog(1):,7,-32.683335,-4.376000,-32.683335,-4.376000,-32.638197,3.018445,3.016234,3.698512,3.691898,51.159591,31922,3.572474
5122:ApriltagsCameraLog(1):,7,-32.638197,-4.292000,-32.638197,-4.292000,-32.583081,3.019901,3.018131,3.700921,3.694866,51.159591,31923,3.572474
5141:ApriltagsCameraLog(1):,7,-32.583081,-4.371000,-32.583081,-4.371000,-32.527905,3.021676,3.019744,3.703863,3.697614,51.159591,31924,3.572474
5161:ApriltagsCameraLog(1):,7,-32.527905,-4.327000,-32.527905,-4.327000,-32.472975,3.023451,3.021457,3.706811,3.700439,51.159591,31925,3.572474
5181:ApriltagsCameraLog(1):,7,-32.472975,-4.359000,-32.472975,-4.359000,-32.418066,3.025214,3.023215,3.709747,3.703317,51.159591,31926,3.572474
5201:ApriltagsCameraLog(1):,7,-32.418066,-4.332000,-32.418066,-4.332000,-32.363327,3.026975,3.024980,3.712683,3.706223,51.159591,31927,3.572474
5221:ApriltagsCameraLog(1):,7,-32.363327,-4.310000,-32.363327,-4.310000,-32.308642,3.028726,3.026746,3.715612,3.709146,51.159591,31928,3.572474
5241:ApriltagsCameraLog(1):,7,-32.308642,-4.383000,-32.308642,-4.383000,-32.254021,3.030474,3.028505,3.718540,3.712073,51.159591,31929,3.572474
5261:ApriltagsCameraLog(1):,7,-32.254021,-4.297000,-32.254021,-4.297000,-32.199648,3.032216,3.030255,3.721467,3.715004,51.159591,31930,3.572474
5281:ApriltagsCameraLog(1):,7,-32.199648,-4.280000,-32.199648,-4.280000,-32.145214,3.033948,3.032002,3.724381,3.717933,51.159591,31931,3.572474
5301:ApriltagsCameraLog(1):,7,-32.145214,-4.153000,-32.145214,-4.153000,-32.090853,3.033529,3.033738,3.728652,3.720858,51.118965,31932,3.569935
5321:ApriltagsCameraLog(1):,7,-32.090853,-4.354000,-32.090853,-4.354000,-32.036307,3.037405,3.034584,3.730218,3.724703,51.159591,31933,3.572474
5341:ApriltagsCameraLog(1):,7,-32.036307,-4.395000,-32.036307,-4.395000,-31.982303,3.039134,3.036632,3.733146,3.727067,51.159591,31934,3.572474
5361:ApriltagsCameraLog(1):,7,-31.982303,-4.337000,-31.982303,-4.337000,-31.928485,3.040843,3.038589,3.736048,3.729747,51.159591,31935,3.572474
5381:ApriltagsCameraLog(1):,7,-31.928485,-4.261000,-31.928485,-4.261000,-31.874658,3.042544,3.040452,3.738940,3.732566,51.159591,31936,3.572474
5401:ApriltagsCameraLog(1):,7,-31.874658,-4.316000,-31.874658,-4.316000,-31.830787,3.044242,3.042244,3.741835,3.735440,51.159591,31937,3.572474
5422:ApriltagsCameraLog(1):,7,-31.830787,-4.396000,-31.830787,-4.396000,-31.777129,3.045624,3.043990,3.744196,3.738337,51.159591,31938,3.572474
5441:ApriltagsCameraLog(1):,7,-31.777129,-4.377000,-31.777129,-4.377000,-31.723729,3.047311,3.045490,3.747085,3.741016,51.159591,31939,3.572474
5461:ApriltagsCameraLog(1):,7,-31.723729,-4.261000,-31.723729,-4.261000,-31.670380,3.046828,3.047106,3.751297,3.743776,51.118965,31940,3.569935
5481:ApriltagsCameraLog(1):,7,-31.670380,-4.200000,-31.670380,-4.200000,-31.616866,3.050661,3.047867,3.752836,3.747498,51.159591,31941,3.572474
5501:ApriltagsCameraLog(1):,7,-31.616866,-4.323000,-31.616866,-4.323000,-31.563380,3.052336,3.049875,3.755722,3.749783,51.159591,31942,3.572474
5521:ApriltagsCameraLog(1):,7,-31.563380,-4.321000,-31.563380,-4.321000,-31.510238,3.054008,3.051787,3.758608,3.752405,51.159591,31943,3.572474
5541:ApriltagsCameraLog(1):,7,-31.510238,-4.316000,-31.510238,-4.316000,-31.447195,3.055666,3.053611,3.761476,3.755185,51.159591,31944,3.572474
5561:ApriltagsCameraLog(1):,7,-31.447195,-4.337000,-31.447195,-4.337000,-31.404247,3.057630,3.055363,3.764882,3.758029,51.159591,31945,3.572474
5581:ApriltagsCameraLog(1):,7,-31.404247,-4.378000,-31.404247,-4.378000,-31.351449,3.058966,3.057283,3.767203,3.761125,51.159591,31946,3.572474
5602:ApriltagsCameraLog(1):,7,-31.351449,-4.511000,-31.351449,-4.511000,-31.298844,3.058436,3.058823,3.771379,3.763910,51.118965,31947,3.569935
5621:ApriltagsCameraLog(1):,7,-31.298844,-4.353000,-31.298844,-4.353000,-31.246543,3.060066,3.059504,3.774223,3.767622,51.118965,31948,3.569935
5641:ApriltagsCameraLog(1):,7,-31.246543,-4.385000,-31.246543,-4.385000,-31.194036,3.061683,3.060553,3.777051,3.770796,51.118965,31949,3.569935
5661:ApriltagsCameraLog(1):,7,-31.194036,-4.147000,-31.194036,-4.147000,-31.141694,3.063305,3.061838,3.779893,3.773735,51.118965,31950,3.569935
5681:ApriltagsCameraLog(1):,7,-31.141694,-4.300000,-31.141694,-4.300000,-31.088990,3.067093,3.063282,3.781413,3.776585,51.159591,31951,3.572474
5701:ApriltagsCameraLog(1):,7,-31.088990,-4.438000,-31.088990,-4.438000,-31.036728,3.068716,3.065716,3.784270,3.778510,51.159591,31952,3.572474
5721:ApriltagsCameraLog(1):,7,-31.036728,-4.423000,-31.036728,-4.423000,-30.984838,3.070324,3.067857,3.787105,3.780991,51.159591,31953,3.572474
5741:ApriltagsCameraLog(1):,7,-30.984838,-4.265000,-30.984838,-4.265000,-30.933020,3.071917,3.069775,3.789921,3.783708,51.159591,31954,3.572474
5761:ApriltagsCameraLog(1):,7,-30.933020,-4.172000,-30.933020,-4.172000,-30.880994,3.073506,3.071548,3.792734,3.786510,51.159591,31955,3.572474
5781:ApriltagsCameraLog(1):,7,-30.880994,-4.159000,-30.880994,-4.159000,-30.828889,3.075098,3.073233,3.795560,3.789338,51.159591,31956,3.572474
5801:ApriltagsCameraLog(1):,7,-30.828889,-4.220000,-30.828889,-4.220000,-30.776860,3.076690,3.074872,3.798392,3.792177,51.159591,31957,3.572474
5821:ApriltagsCameraLog(1):,7,-30.776860,-4.236000,-30.776860,-4.236000,-30.725051,3.078278,3.076484,3.801222,3.795019,51.159591,31958,3.572474
5841:ApriltagsCameraLog(1):,7,-30.725051,-4.305000,-30.725051,-4.305000,-30.673375,3.079856,3.078080,3.804040,3.797858,51.159591,31959,3.572474
5861:ApriltagsCameraLog(1):,7,-30.673375,-4.318000,-30.673375,-4.318000,-30.611934,3.081427,3.079662,3.806853,3.800691,51.159591,31960,3.572474
5881:ApriltagsCameraLog(1):,7,-30.611934,-4.153000,-30.611934,-4.153000,-30.560619,3.083293,3.081235,3.810199,3.803516,51.159591,31961,3.572474
5901:ApriltagsCameraLog(1):,7,-30.560619,-4.273000,-30.560619,-4.273000,-30.509086,3.084848,3.083015,3.812995,3.806562,51.159591,31962,3.572474
5921:ApriltagsCameraLog(1):,7,-30.509086,-4.306000,-30.509086,-4.306000,-30.457903,3.086407,3.084650,3.815805,3.809513,51.159591,31963,3.572474
5941:ApriltagsCameraLog(1):,7,-30.457903,-4.333000,-30.457903,-4.333000,-30.406885,3.087953,3.086230,3.818597,3.812405,51.159591,31964,3.572474
5961:ApriltagsCameraLog(1):,7,-30.406885,-4.185000,-30.406885,-4.185000,-30.356018,3.089491,3.087780,3.821381,3.815252,51.159591,31965,3.572474
5981:ApriltagsCameraLog(1):,7,-30.356018,-4.226000,-30.356018,-4.226000,-30.304962,3.091023,3.089319,3.824158,3.818068,51.159591,31966,3.572474
6001:ApriltagsCameraLog(1):,7,-30.304962,-4.282000,-30.304962,-4.282000,-30.254086,3.092558,3.090848,3.826947,3.820867,51.159591,31967,3.572474
6021:ApriltagsCameraLog(1):,7,-30.254086,-4.390000,-30.254086,-4.390000,-30.193418,3.094084,3.092376,3.829728,3.823662,51.159591,31968,3.572474
6041:ApriltagsCameraLog(1):,7,-30.193418,-4.393000,-30.193418,-4.393000,-30.143060,3.095902,3.093898,3.833046,3.826452,51.159591,31969,3.572474
6061:ApriltagsCameraLog(1):,7,-30.143060,-4.309000,-30.143060,-4.309000,-30.102809,3.097408,3.095623,3.835801,3.829468,51.159591,31970,3.572474
6081:ApriltagsCameraLog(1):,7,-30.102809,-4.326000,-30.102809,-4.326000,-30.052508,3.098610,3.097211,3.838004,3.832381,51.159591,31971,3.572474
6101:ApriltagsCameraLog(1):,7,-30.052508,-4.322000,-30.052508,-4.322000,-30.002335,3.100110,3.098529,3.840758,3.834989,51.159591,31972,3.572474
6121:ApriltagsCameraLog(1):,7,-30.002335,-4.421000,-30.002335,-4.421000,-29.952237,3.101603,3.099951,3.843507,3.837648,51.159591,31973,3.572474
6141:ApriltagsCameraLog(1):,7,-29.952237,-4.399000,-29.952237,-4.399000,-29.902429,3.103092,3.101415,3.846253,3.840346,51.159591,31974,3.572474
6161:ApriltagsCameraLog(1):,7,-29.902429,-4.370000,-29.902429,-4.370000,-29.852676,3.104571,3.102896,3.848984,3.843064,51.159591,31975,3.572474
6181:ApriltagsCameraLog(1):,7,-29.852676,-4.376000,-29.852676,-4.376000,-29.792963,3.106045,3.104377,3.851714,3.845790,51.159591,31976,3.572474
6201:ApriltagsCameraLog(1):,7,-29.792963,-4.372000,-29.792963,-4.372000,-29.743358,3.107811,3.105853,3.854992,3.848519,51.159591,31977,3.572474
6221:ApriltagsCameraLog(1):,7,-29.743358,-4.373000,-29.743358,-4.373000,-29.693847,3.109275,3.107531,3.857716,3.851486,51.159591,31978,3.572474
6241:ApriltagsCameraLog(1):,7,-29.693847,-4.279000,-29.693847,-4.279000,-29.644450,3.110734,3.109076,3.860436,3.854358,51.159591,31979,3.572474
6261:ApriltagsCameraLog(1):,7,-29.644450,-4.231000,-29.644450,-4.231000,-29.594965,3.112188,3.110563,3.863152,3.857164,51.159591,31980,3.572474
6281:ApriltagsCameraLog(1):,7,-29.594965,-4.081000,-29.594965,-4.081000,-29.545484,3.111433,3.112024,3.867127,3.859930,51.118965,31981,3.569935
6301:ApriltagsCameraLog(1):,7,-29.545484,-4.334000,-29.545484,-4.334000,-29.495767,3.115093,3.112531,3.868596,3.863535,51.159591,31982,3.572474
6321:ApriltagsCameraLog(1):,7,-29.495767,-4.147000,-29.495767,-4.147000,-29.446680,3.114338,3.114346,3.872583,3.865744,51.118965,31983,3.569935
6341:ApriltagsCameraLog(1):,7,-29.446680,-4.372000,-29.446680,-4.372000,-29.397285,3.117984,3.115096,3.874036,3.869109,51.159591,31984,3.572474
6361:ApriltagsCameraLog(1):,7,-29.397285,-4.298000,-29.397285,-4.298000,-29.348464,3.119426,3.117054,3.876757,3.871218,51.159591,31985,3.572474
6382:ApriltagsCameraLog(1):,7,-29.348464,-4.299000,-29.348464,-4.299000,-29.299594,3.120849,3.118826,3.879448,3.873685,51.159591,31986,3.572474
6421:ApriltagsCameraLog(1):,7,-29.299594,-4.237000,-29.299594,-4.237000,-29.260822,3.122271,3.120449,3.882143,3.876301,51.159591,31987,3.572474
6441:ApriltagsCameraLog(1):,7,-29.260822,-4.299000,-29.260822,-4.299000,-29.212024,3.123397,3.121982,3.884282,3.878977,51.159591,31988,3.572474
6461:ApriltagsCameraLog(1):,7,-29.212024,-4.335000,-29.212024,-4.335000,-29.163438,3.124813,3.123254,3.886975,3.881434,51.159591,31990,3.572474
6481:ApriltagsCameraLog(1):,7,-29.163438,-4.279000,-29.163438,-4.279000,-29.115002,3.126220,3.124620,3.889658,3.883993,51.159591,31991,3.572474
6501:ApriltagsCameraLog(1):,7,-29.115002,-4.032000,-29.115002,-4.032000,-29.066550,3.127621,3.126021,3.892334,3.886608,51.159591,31992,3.572474
6521:ApriltagsCameraLog(1):,7,-29.066550,-4.205000,-29.066550,-4.205000,-29.017711,3.129020,3.127432,3.895011,3.889251,51.159591,31993,3.572474
6541:ApriltagsCameraLog(1):,7,-29.017711,-4.050000,-29.017711,-4.050000,-28.969305,3.130428,3.128836,3.897712,3.891915,51.159591,31994,3.572474
6561:ApriltagsCameraLog(1):,7,-28.969305,-4.131000,-28.969305,-4.131000,-28.920691,3.131821,3.130249,3.900389,3.894595,51.159591,31995,3.572474
6581:ApriltagsCameraLog(1):,7,-28.920691,-4.274000,-28.920691,-4.274000,-28.862330,3.133217,3.131648,3.903079,3.897277,51.159591,31996,3.572474
6601:ApriltagsCameraLog(1):,7,-28.862330,-4.338000,-28.862330,-4.338000,-28.814343,3.134891,3.133042,3.906310,3.899966,51.159591,31997,3.572474
6621:ApriltagsCameraLog(1):,7,-28.814343,-4.349000,-28.814343,-4.349000,-28.766578,3.136265,3.134629,3.908969,3.902893,51.159591,31998,3.572474
6641:ApriltagsCameraLog(1):,7,-28.766578,-4.278000,-28.766578,-4.278000,-28.718943,3.137630,3.136081,3.911615,3.905711,51.159591,31999,3.572474
6661:ApriltagsCameraLog(1):,7,-28.718943,-4.349000,-28.718943,-4.349000,-28.681262,3.138989,3.137472,3.914256,3.908454,51.159591,32000,3.572474
6681:ApriltagsCameraLog(1):,7,-28.681262,-4.358000,-28.681262,-4.358000,-28.633813,3.140063,3.138834,3.916346,3.911151,51.159591,32001,3.572474
6701:ApriltagsCameraLog(1):,7,-28.633813,-4.314000,-28.633813,-4.314000,-28.586469,3.141413,3.139988,3.918979,3.913580,51.159591,32002,3.572474
6721:ApriltagsCameraLog(1):,7,-28.586469,-4.307000,-28.586469,-4.307000,-28.539117,3.142758,3.141261,3.921606,3.916088,51.159591,32003,3.572474
6741:ApriltagsCameraLog(1):,7,-28.539117,-4.283000,-28.539117,-4.283000,-28.491844,3.144101,3.142580,3.924236,3.918648,51.159591,32004,3.572474
6761:ApriltagsCameraLog(1):,7,-28.491844,-4.285000,-28.491844,-4.285000,-28.444616,3.145439,3.143918,3.926862,3.921240,51.159591,32005,3.572474
6781:ApriltagsCameraLog(1):,7,-28.444616,-4.240000,-28.444616,-4.240000,-28.397484,3.146774,3.145259,3.929487,3.923850,51.159591,32006,3.572474
6801:ApriltagsCameraLog(1):,7,-28.397484,-4.262000,-28.397484,-4.262000,-28.350356,3.145870,3.146599,3.933315,3.926467,51.118965,32007,3.569935
6821:ApriltagsCameraLog(1):,7,-28.350356,-4.290000,-28.350356,-4.290000,-28.303326,3.149433,3.146958,3.934728,3.929917,51.159591,32008,3.572474
6841:ApriltagsCameraLog(1):,7,-28.303326,-4.287000,-28.303326,-4.287000,-28.256480,3.150756,3.148680,3.937345,3.932029,51.159591,32009,3.572474
6861:ApriltagsCameraLog(1):,7,-28.256480,-4.268000,-28.256480,-4.268000,-28.209719,3.152071,3.150258,3.939953,3.934432,51.159591,32010,3.572474
6881:ApriltagsCameraLog(1):,7,-28.209719,-4.182000,-28.209719,-4.182000,-28.163012,3.153383,3.151727,3.942557,3.936963,51.159591,32011,3.572474
6901:ApriltagsCameraLog(1):,7,-28.163012,-4.167000,-28.163012,-4.167000,-28.116228,3.154690,3.153127,3.945159,3.939547,51.159591,32012,3.572474
6921:ApriltagsCameraLog(1):,7,-28.116228,-4.205000,-28.116228,-4.205000,-28.069507,3.155998,3.154483,3.947767,3.942149,51.159591,32013,3.572474
6941:ApriltagsCameraLog(1):,7,-28.069507,-4.219000,-28.069507,-4.219000,-28.022951,3.157301,3.155813,3.950372,3.944760,51.159591,32014,3.572474
6961:ApriltagsCameraLog(1):,7,-28.022951,-4.195000,-28.022951,-4.195000,-27.976513,3.158598,3.157128,3.952969,3.947372,51.159591,32015,3.572474
6981:ApriltagsCameraLog(1):,7,-27.976513,-4.225000,-27.976513,-4.225000,-27.930118,3.159890,3.158433,3.955560,3.949978,51.159591,32016,3.572474
7001:ApriltagsCameraLog(1):,7,-27.930118,-4.260000,-27.930118,-4.260000,-27.893873,3.161178,3.159727,3.958151,3.952579,51.159591,32017,3.572474
7022:ApriltagsCameraLog(1):,7,-27.893873,-4.272000,-27.893873,-4.272000,-27.837786,3.162183,3.161016,3.960175,3.955176,51.159591,32018,3.572474
7041:ApriltagsCameraLog(1):,7,-27.837786,-4.248000,-27.837786,-4.248000,-27.791808,3.163736,3.162104,3.963308,3.957520,51.159591,32019,3.572474
7061:ApriltagsCameraLog(1):,7,-27.791808,-4.272000,-27.791808,-4.272000,-27.755862,3.165006,3.163502,3.965878,3.960206,51.159591,32020,3.572474
7081:ApriltagsCameraLog(1):,7,-27.755862,-4.290000,-27.755862,-4.290000,-27.710068,3.165998,3.164824,3.967888,3.962849,51.159591,32021,3.572474
7101:ApriltagsCameraLog(1):,7,-27.710068,-4.167000,-27.710068,-4.167000,-27.654394,3.167260,3.165917,3.970449,3.965214,51.159591,32022,3.572474
7121:ApriltagsCameraLog(1):,7,-27.654394,-4.237000,-27.654394,-4.237000,-27.608554,3.168791,3.167115,3.973565,3.967658,51.159591,32023,3.572474
7141:ApriltagsCameraLog(1):,7,-27.608554,-4.352000,-27.608554,-4.352000,-27.562944,3.170050,3.168543,3.976131,3.970400,51.159591,32024,3.572474
7161:ApriltagsCameraLog(1):,7,-27.562944,-4.369000,-27.562944,-4.369000,-27.517663,3.171300,3.169865,3.978685,3.973074,51.159591,32025,3.572474
7181:ApriltagsCameraLog(1):,7,-27.517663,-4.333000,-27.517663,-4.333000,-27.472503,3.172539,3.171139,3.981222,3.975697,51.159591,32026,3.572474
7201:ApriltagsCameraLog(1):,7,-27.472503,-4.349000,-27.472503,-4.349000,-27.427361,3.173773,3.172386,3.983753,3.978281,51.159591,32027,3.572474
7222:ApriltagsCameraLog(1):,7,-27.427361,-4.304000,-27.427361,-4.304000,-27.382339,3.175004,3.173620,3.986284,3.980841,51.159591,32028,3.572474
7241:ApriltagsCameraLog(1):,7,-27.382339,-4.313000,-27.382339,-4.313000,-27.337316,3.176230,3.174850,3.988810,3.983387,51.159591,32029,3.572474
7261:ApriltagsCameraLog(1):,7,-27.337316,-4.317000,-27.337316,-4.317000,-27.292399,3.177454,3.176075,3.991336,3.985923,51.159591,32030,3.572474
7281:ApriltagsCameraLog(1):,7,-27.292399,-4.341000,-27.292399,-4.341000,-27.247578,3.178674,3.177297,3.993857,3.988455,51.159591,32031,3.572474
7301:ApriltagsCameraLog(1):,7,-27.247578,-4.381000,-27.247578,-4.381000,-27.202890,3.179888,3.178515,3.996374,3.990983,51.159591,32032,3.572474
7321:ApriltagsCameraLog(1):,7,-27.202890,-4.362000,-27.202890,-4.362000,-27.158368,3.181098,3.179729,3.998884,3.993507,51.159591,32033,3.572474
7341:ApriltagsCameraLog(1):,7,-27.158368,-4.470000,-27.158368,-4.470000,-27.113896,3.182300,3.180938,4.001386,3.996024,51.159591,32034,3.572474
7361:ApriltagsCameraLog(1):,7,-27.113896,-4.463000,-27.113896,-4.463000,-27.059721,3.181239,3.182139,4.005044,3.998536,51.118965,32035,3.569935
7381:ApriltagsCameraLog(1):,7,-27.059721,-4.416000,-27.059721,-4.416000,-27.015583,3.184958,3.182335,4.006933,4.001837,51.159591,32036,3.572474
7401:ApriltagsCameraLog(1):,7,-27.015583,-4.395000,-27.015583,-4.395000,-26.971478,3.186144,3.184132,4.009417,4.004094,51.159591,32037,3.572474
7421:ApriltagsCameraLog(1):,7,-26.971478,-4.224000,-26.971478,-4.224000,-26.927435,3.185064,3.185648,4.013051,4.006523,51.118965,32038,3.569935
7441:ApriltagsCameraLog(1):,7,-26.927435,-4.330000,-26.927435,-4.330000,-26.883109,3.188507,3.186005,4.014379,4.009802,51.159591,32039,3.572474
7461:ApriltagsCameraLog(1):,7,-26.883109,-4.519000,-26.883109,-4.519000,-26.839111,3.189693,3.187690,4.016876,4.011815,51.159591,32040,3.572474
7481:ApriltagsCameraLog(1):,7,-26.839111,-4.577000,-26.839111,-4.577000,-26.795568,3.190867,3.189170,4.019355,4.014119,51.159591,32041,3.572474
7501:ApriltagsCameraLog(1):,7,-26.795568,-4.436000,-26.795568,-4.436000,-26.752222,3.189761,3.190515,4.022954,4.016540,51.118965,32042,3.569935
7521:ApriltagsCameraLog(1):,7,-26.752222,-4.549000,-26.752222,-4.549000,-26.708652,3.190913,3.190766,4.025396,4.019780,51.118965,32043,3.569935
7541:ApriltagsCameraLog(1):,7,-26.708652,-4.346000,-26.708652,-4.346000,-26.665388,3.194339,3.191381,4.026711,4.022539,51.159591,32044,3.572474
7561:ApriltagsCameraLog(1):,7,-26.665388,-4.319000,-26.665388,-4.319000,-26.621846,3.195487,3.193247,4.029152,4.024311,51.159591,32045,3.572474
7581:ApriltagsCameraLog(1):,7,-26.621846,-4.170000,-26.621846,-4.170000,-26.578336,3.196640,3.194823,4.031610,4.026483,51.159591,32046,3.572474
7601:ApriltagsCameraLog(1):,7,-26.578336,-4.311000,-26.578336,-4.311000,-26.544621,3.197791,3.196220,4.034067,4.028837,51.159591,32047,3.572474
7621:ApriltagsCameraLog(1):,7,-26.544621,-4.278000,-26.544621,-4.278000,-26.501266,3.198681,3.197502,4.035971,4.031267,51.159591,32048,3.572474
7641:ApriltagsCameraLog(1):,7,-26.501266,-4.127000,-26.501266,-4.127000,-26.457928,3.197551,3.198539,4.039554,4.033476,51.118965,32049,3.569935
7661:ApriltagsCameraLog(1):,7,-26.457928,-4.427000,-26.457928,-4.427000,-26.414329,3.200965,3.198642,4.040870,4.036573,51.159591,32050,3.572474
7681:ApriltagsCameraLog(1):,7,-26.414329,-4.285000,-26.414329,-4.285000,-26.371435,3.202111,3.200201,4.043335,4.038473,51.159591,32051,3.572474
7701:ApriltagsCameraLog(1):,7,-26.371435,-4.334000,-26.371435,-4.334000,-26.328347,3.203236,3.201612,4.045762,4.040690,51.159591,32052,3.572474
7721:ApriltagsCameraLog(1):,7,-26.328347,-4.345000,-26.328347,-4.345000,-26.285440,3.204365,3.202900,4.048200,4.043039,51.159591,32053,3.572474
7741:ApriltagsCameraLog(1):,7,-26.285440,-4.376000,-26.285440,-4.376000,-26.242637,3.205487,3.204116,4.050628,4.045448,51.159591,32054,3.572474
7761:ApriltagsCameraLog(1):,7,-26.242637,-4.367000,-26.242637,-4.367000,-26.199978,3.206604,3.205287,4.053052,4.047876,51.159591,32055,3.572474
7781:ApriltagsCameraLog(1):,7,-26.199978,-4.412000,-26.199978,-4.412000,-26.157385,3.207717,3.206430,4.055468,4.050308,51.159591,32056,3.572474
7801:ApriltagsCameraLog(1):,7,-26.157385,-4.441000,-26.157385,-4.441000,-26.114963,3.208825,3.207554,4.057881,4.052735,51.159591,32057,3.572474
7821:ApriltagsCameraLog(1):,7,-26.114963,-4.405000,-26.114963,-4.405000,-26.072681,3.209927,3.208668,4.060286,4.055158,51.159591,32058,3.572474
7841:ApriltagsCameraLog(1):,7,-26.072681,-4.321000,-26.072681,-4.321000,-26.030410,3.211024,3.209774,4.062683,4.057572,51.159591,32059,3.572474
7861:ApriltagsCameraLog(1):,7,-26.030410,-4.278000,-26.030410,-4.278000,-25.988058,3.212119,3.210875,4.065081,4.059979,51.159591,32060,3.572474
7881:ApriltagsCameraLog(1):,7,-25.988058,-4.328000,-25.988058,-4.328000,-25.945705,3.213214,3.211972,4.067484,4.062382,51.159591,32061,3.572474
7901:ApriltagsCameraLog(1):,7,-25.945705,-4.346000,-25.945705,-4.346000,-25.903532,3.214308,3.213066,4.069887,4.064786,51.159591,32062,3.572474
7921:ApriltagsCameraLog(1):,7,-25.903532,-4.349000,-25.903532,-4.349000,-25.851476,3.215395,3.214158,4.072282,4.067190,51.159591,32063,3.572474
7941:ApriltagsCameraLog(1):,7,-25.851476,-4.318000,-25.851476,-4.318000,-25.809509,3.216734,3.215246,4.075238,4.069590,51.159591,32064,3.572474
7961:ApriltagsCameraLog(1):,7,-25.809509,-4.397000,-25.809509,-4.397000,-25.767566,3.217812,3.216510,4.077623,4.072242,51.159591,32065,3.572474
7981:ApriltagsCameraLog(1):,7,-25.767566,-4.402000,-25.767566,-4.402000,-25.725875,3.216600,3.217654,4.081111,4.074780,51.118965,32066,3.569935
8001:ApriltagsCameraLog(1):,7,-25.725875,-4.510000,-25.725875,-4.510000,-25.684243,3.217666,3.217721,4.083479,4.078007,51.118965,32067,3.569935
8021:ApriltagsCameraLog(1):,7,-25.684243,-4.456000,-25.684243,-4.456000,-25.642902,3.218729,3.218198,4.085845,4.080717,51.118965,32068,3.569935
8041:ApriltagsCameraLog(1):,7,-25.642902,-4.492000,-25.642902,-4.492000,-25.601537,3.222073,3.218934,4.087097,4.083203,51.159591,32069,3.572474
8061:ApriltagsCameraLog(1):,7,-25.601537,-4.446000,-25.601537,-4.446000,-25.560355,3.223127,3.220844,4.089451,4.084839,51.159591,32070,3.572474
8081:ApriltagsCameraLog(1):,7,-25.560355,-4.338000,-25.560355,-4.338000,-25.519164,3.224174,3.222397,4.091795,4.086909,51.159591,32071,3.572474
8101:ApriltagsCameraLog(1):,7,-25.519164,-4.353000,-25.519164,-4.353000,-25.477843,3.225220,3.223726,4.094141,4.089160,51.159591,32072,3.572474
8121:ApriltagsCameraLog(1):,7,-25.477843,-4.353000,-25.477843,-4.353000,-25.436631,3.226268,3.224923,4.096495,4.091485,51.159591,32073,3.572474
8141:ApriltagsCameraLog(1):,7,-25.436631,-4.174000,-25.436631,-4.174000,-25.395500,3.227311,3.226048,4.098843,4.093838,51.159591,32074,3.572474
8161:ApriltagsCameraLog(1):,7,-25.395500,-4.213000,-25.395500,-4.213000,-25.354100,3.226056,3.227135,4.102277,4.096195,51.118965,32075,3.569935
8181:ApriltagsCameraLog(1):,7,-25.354100,-4.068000,-25.354100,-4.068000,-25.312824,3.227099,3.227161,4.104636,4.099301,51.118965,32076,3.569935
8201:ApriltagsCameraLog(1):,7,-25.312824,-4.162000,-25.312824,-4.162000,-25.271346,3.230434,3.227624,4.105902,4.101944,51.159591,32077,3.572474
8221:ApriltagsCameraLog(1):,7,-25.271346,-4.374000,-25.271346,-4.374000,-25.230164,3.231477,3.229377,4.108269,4.103642,51.159591,32078,3.572474
8241:ApriltagsCameraLog(1):,7,-25.230164,-4.319000,-25.230164,-4.319000,-25.189477,3.232511,3.230836,4.110619,4.105739,51.159591,32079,3.572474
8261:ApriltagsCameraLog(1):,7,-25.189477,-4.362000,-25.189477,-4.362000,-25.148762,3.233531,3.232108,4.112942,4.108000,51.159591,32080,3.572474
8281:ApriltagsCameraLog(1):,7,-25.148762,-4.242000,-25.148762,-4.242000,-25.108210,3.234550,3.233259,4.115267,4.110315,51.159591,32081,3.572474
8301:ApriltagsCameraLog(1):,7,-25.108210,-4.239000,-25.108210,-4.239000,-25.067503,3.235563,3.234347,4.117584,4.112647,51.159591,32082,3.572474
8321:ApriltagsCameraLog(1):,7,-25.067503,-4.242000,-25.067503,-4.242000,-25.026870,3.236578,3.235396,4.119910,4.114978,51.159591,32083,3.572474
8341:ApriltagsCameraLog(1):,7,-25.026870,-4.212000,-25.026870,-4.212000,-24.986321,3.237590,3.236427,4.122233,4.117310,51.159591,32084,3.572474
8361:ApriltagsCameraLog(1):,7,-24.986321,-4.231000,-24.986321,-4.231000,-24.945794,3.238598,3.237448,4.124552,4.119640,51.159591,32085,3.572474
8381:ApriltagsCameraLog(1):,7,-24.945794,-4.209000,-24.945794,-4.209000,-24.905382,3.239604,3.238460,4.126870,4.121965,51.159591,32086,3.572474
8401:ApriltagsCameraLog(1):,7,-24.905382,-4.258000,-24.905382,-4.258000,-24.875006,3.240606,3.239468,4.129182,4.124288,51.159591,32087,3.572474
8421:ApriltagsCameraLog(1):,7,-24.875006,-4.350000,-24.875006,-4.350000,-24.834805,3.241357,3.240470,4.130920,4.126606,51.159591,32088,3.572474
8441:ApriltagsCameraLog(1):,7,-24.834805,-4.395000,-24.834805,-4.395000,-24.794859,3.242351,3.241294,4.133222,4.128661,51.159591,32089,3.572474
8461:ApriltagsCameraLog(1):,7,-24.794859,-4.391000,-24.794859,-4.391000,-24.755062,3.243336,3.242222,4.135509,4.130824,51.159591,32090,3.572474
8481:ApriltagsCameraLog(1):,7,-24.755062,-4.361000,-24.755062,-4.361000,-24.715334,3.244317,3.243189,4.137789,4.133043,51.159591,32091,3.572474
8501:ApriltagsCameraLog(1):,7,-24.715334,-4.274000,-24.715334,-4.274000,-24.675626,3.245293,3.244167,4.140065,4.135291,51.159591,32092,3.572474
8521:ApriltagsCameraLog(1):,7,-24.675626,-4.235000,-24.675626,-4.235000,-24.635825,3.246268,3.245149,4.142341,4.137553,51.159591,32093,3.572474
8541:ApriltagsCameraLog(1):,7,-24.635825,-4.282000,-24.635825,-4.282000,-24.596026,3.247244,3.246128,4.144623,4.139822,51.159591,32094,3.572474
8561:ApriltagsCameraLog(1):,7,-24.596026,-4.292000,-24.596026,-4.292000,-24.566397,3.248218,3.247105,4.146905,4.142099,51.159591,32095,3.572474
8581:ApriltagsCameraLog(1):,7,-24.566397,-4.204000,-24.566397,-4.204000,-24.526864,3.248942,3.248080,4.148605,4.144379,51.159591,32096,3.572474
8601:ApriltagsCameraLog(1):,7,-24.526864,-4.183000,-24.526864,-4.183000,-24.487233,3.249907,3.248880,4.150873,4.146393,51.159591,32097,3.572474
8621:ApriltagsCameraLog(1):,7,-24.487233,-4.235000,-24.487233,-4.235000,-24.447623,3.250872,3.249784,4.153148,4.148519,51.159591,32098,3.572474
8641:ApriltagsCameraLog(1):,7,-24.447623,-4.196000,-24.447623,-4.196000,-24.398191,3.251835,3.250730,4.155422,4.150714,51.159591,32099,3.572474
8661:ApriltagsCameraLog(1):,7,-24.398191,-4.212000,-24.398191,-4.212000,-24.368760,3.253036,3.251691,4.158261,4.152946,51.159591,32100,3.572474
8681:ApriltagsCameraLog(1):,7,-24.368760,-4.254000,-24.368760,-4.254000,-24.329440,3.253749,3.252823,4.159951,4.155458,51.159591,32101,3.572474
8701:ApriltagsCameraLog(1):,7,-24.329440,-4.199000,-24.329440,-4.199000,-24.290291,3.254701,3.253674,4.162211,4.157601,51.159591,32102,3.572474
8721:ApriltagsCameraLog(1):,7,-24.290291,-4.256000,-24.290291,-4.256000,-24.251096,3.255647,3.254585,4.164461,4.159793,51.159591,32103,3.572474
8741:ApriltagsCameraLog(1):,7,-24.251096,-4.329000,-24.251096,-4.329000,-24.212089,3.256592,3.255517,4.166715,4.162011,51.159591,32104,3.572474
8761:ApriltagsCameraLog(1):,7,-24.212089,-4.197000,-24.212089,-4.197000,-24.173300,3.257532,3.256457,4.168958,4.164246,51.159591,32105,3.572474
8781:ApriltagsCameraLog(1):,7,-24.173300,-4.341000,-24.173300,-4.341000,-24.124329,3.258465,3.257399,4.171189,4.166485,51.159591,32106,3.572474
8801:ApriltagsCameraLog(1):,7,-24.124329,-4.276000,-24.124329,-4.276000,-24.085715,3.259640,3.258332,4.174007,4.168722,51.159591,32107,3.572474
8821:ApriltagsCameraLog(1):,7,-24.085715,-4.327000,-24.085715,-4.327000,-24.047053,3.260565,3.259436,4.176230,4.171225,51.159591,32108,3.572474
8841:ApriltagsCameraLog(1):,7,-24.047053,-4.341000,-24.047053,-4.341000,-24.008582,3.261490,3.260425,4.178456,4.173606,51.159591,32109,3.572474
8861:ApriltagsCameraLog(1):,7,-24.008582,-4.334000,-24.008582,-4.334000,-23.970214,3.262409,3.261367,4.180672,4.175916,51.159591,32110,3.572474
8881:ApriltagsCameraLog(1):,7,-23.970214,-4.356000,-23.970214,-4.356000,-23.931906,3.263323,3.262290,4.182883,4.178182,51.159591,32111,3.572474
8901:ApriltagsCameraLog(1):,7,-23.931906,-4.315000,-23.931906,-4.315000,-23.893717,3.264235,3.263202,4.185090,4.180421,51.159591,32112,3.572474
8921:ApriltagsCameraLog(1):,7,-23.893717,-4.274000,-23.893717,-4.274000,-23.855521,3.265143,3.264112,4.187292,4.182645,51.159591,32113,3.572474
8942:ApriltagsCameraLog(1):,7,-23.855521,-4.237000,-23.855521,-4.237000,-23.817321,3.266049,3.265019,4.189494,4.184858,51.159591,32114,3.572474
8961:ApriltagsCameraLog(1):,7,-23.817321,-4.267000,-23.817321,-4.267000,-23.779122,3.266954,3.265924,4.191697,4.187066,51.159591,32115,3.572474
8981:ApriltagsCameraLog(1):,7,-23.779122,-4.303000,-23.779122,-4.303000,-23.741057,3.267858,3.266828,4.193901,4.189272,51.159591,32116,3.572474
9001:ApriltagsCameraLog(1):,7,-23.741057,-4.306000,-23.741057,-4.306000,-23.703136,3.268756,3.267730,4.196098,4.191477,51.159591,32117,3.572474
9021:ApriltagsCameraLog(1):,7,-23.703136,-4.262000,-23.703136,-4.262000,-23.665295,3.269650,3.268628,4.198287,4.193679,51.159591,32118,3.572474
9041:ApriltagsCameraLog(1):,7,-23.665295,-4.279000,-23.665295,-4.279000,-23.627442,3.270541,3.269524,4.200472,4.195874,51.159591,32119,3.572474
9061:ApriltagsCameraLog(1):,7,-23.627442,-4.275000,-23.627442,-4.275000,-23.579696,3.271430,3.270415,4.202658,4.198066,51.159591,32120,3.572474
9081:ApriltagsCameraLog(1):,7,-23.579696,-4.358000,-23.579696,-4.358000,-23.552016,3.272550,3.271304,4.205416,4.200255,51.159591,32121,3.572474
9101:ApriltagsCameraLog(1):,7,-23.552016,-4.318000,-23.552016,-4.318000,-23.504575,3.273198,3.272353,4.207016,4.202707,51.159591,32122,3.572474
9121:ApriltagsCameraLog(1):,7,-23.504575,-4.311000,-23.504575,-4.311000,-23.467141,3.274307,3.273132,4.209758,4.204771,51.159591,32123,3.572474
9141:ApriltagsCameraLog(1):,7,-23.467141,-4.322000,-23.467141,-4.322000,-23.429758,3.275181,3.274130,4.211922,4.207143,51.159591,32124,3.572474
9161:ApriltagsCameraLog(1):,7,-23.429758,-4.383000,-23.429758,-4.383000,-23.392481,3.276052,3.275048,4.214084,4.209423,51.159591,32125,3.572474
9181:ApriltagsCameraLog(1):,7,-23.392481,-4.232000,-23.392481,-4.232000,-23.355396,3.276919,3.275932,4.216241,4.211649,51.159591,32126,3.572474
9201:ApriltagsCameraLog(1):,7,-23.355396,-4.283000,-23.355396,-4.283000,-23.318090,3.277780,3.276803,4.218387,4.213842,51.159591,32127,3.572474
9221:ApriltagsCameraLog(1):,7,-23.318090,-4.348000,-23.318090,-4.348000,-23.280955,3.278645,3.277664,4.220546,4.216012,51.159591,32128,3.572474
9242:ApriltagsCameraLog(1):,7,-23.280955,-4.337000,-23.280955,-4.337000,-23.254019,3.279505,3.278524,4.222696,4.218178,51.159591,32129,3.572474
9281:ApriltagsCameraLog(1):,7,-23.254019,-4.267000,-23.254019,-4.267000,-23.207135,3.280127,3.279382,4.224256,4.220336,51.159591,32131,3.572474
9301:ApriltagsCameraLog(1):,7,-23.207135,-4.214000,-23.207135,-4.214000,-23.170166,3.281209,3.280075,4.226972,4.222217,51.159591,32132,3.572474
9321:ApriltagsCameraLog(1):,7,-23.170166,-4.232000,-23.170166,-4.232000,-23.143168,3.282061,3.281030,4.229114,4.224479,51.159591,32133,3.572474
9341:ApriltagsCameraLog(1):,7,-23.143168,-4.258000,-23.143168,-4.258000,-23.106295,3.282682,3.281922,4.230678,4.226690,51.159591,32134,3.572474
9361:ApriltagsCameraLog(1):,7,-23.106295,-4.254000,-23.106295,-4.254000,-23.069540,3.283529,3.282626,4.232816,4.228604,51.159591,32135,3.572474
9381:ApriltagsCameraLog(1):,7,-23.069540,-4.208000,-23.069540,-4.208000,-23.032834,3.284372,3.283418,4.234947,4.230617,51.159591,32136,3.572474
9401:ApriltagsCameraLog(1):,7,-23.032834,-4.209000,-23.032834,-4.209000,-22.996109,3.285212,3.284246,4.237075,4.232684,51.159591,32137,3.572474
9421:ApriltagsCameraLog(1):,7,-22.996109,-4.193000,-22.996109,-4.193000,-22.959458,3.286052,3.285084,4.239206,4.234781,51.159591,32138,3.572474
9441:ApriltagsCameraLog(1):,7,-22.959458,-4.208000,-22.959458,-4.208000,-22.922848,3.286888,3.285925,4.241333,4.236895,51.159591,32139,3.572474
9461:ApriltagsCameraLog(1):,7,-22.922848,-4.371000,-22.922848,-4.371000,-22.886338,3.287722,3.286764,4.243457,4.239015,51.159591,32140,3.572474
9481:ApriltagsCameraLog(1):,7,-22.886338,-4.385000,-22.886338,-4.385000,-22.850217,3.288553,3.287597,4.245577,4.241140,51.159591,32141,3.572474
9501:ApriltagsCameraLog(1):,7,-22.850217,-4.182000,-22.850217,-4.182000,-22.814194,3.289373,3.288428,4.247674,4.243262,51.159591,32142,3.572474
9521:ApriltagsCameraLog(1):,7,-22.814194,-4.218000,-22.814194,-4.218000,-22.777845,3.290190,3.289254,4.249767,4.245372,51.159591,32143,3.572474
9541:ApriltagsCameraLog(1):,7,-22.777845,-4.294000,-22.777845,-4.294000,-22.731638,3.288671,3.290073,4.252862,4.247475,51.118965,32144,3.569935
9561:ApriltagsCameraLog(1):,7,-22.731638,-4.386000,-22.731638,-4.386000,-22.705621,3.292057,3.289811,4.254564,4.250258,51.159591,32145,3.572474
9581:ApriltagsCameraLog(1):,7,-22.705621,-4.360000,-22.705621,-4.360000,-22.659888,3.292644,3.291268,4.256076,4.252213,51.159591,32146,3.572474
9601:ApriltagsCameraLog(1):,7,-22.659888,-4.316000,-22.659888,-4.316000,-22.624183,3.293674,3.292258,4.258735,4.254019,51.159591,32147,3.572474
9621:ApriltagsCameraLog(1):,7,-22.624183,-4.298000,-22.624183,-4.298000,-22.588451,3.294477,3.293336,4.260811,4.256244,51.159591,32148,3.572474
9641:ApriltagsCameraLog(1):,7,-22.588451,-4.378000,-22.588451,-4.378000,-22.562769,3.295279,3.294265,4.262890,4.258417,51.159591,32149,3.572474
9661:ApriltagsCameraLog(1):,7,-22.562769,-4.408000,-22.562769,-4.408000,-22.527313,3.293509,3.295122,4.265359,4.260555,51.118965,32150,3.569935
9681:ApriltagsCameraLog(1):,7,-22.527313,-4.388000,-22.527313,-4.388000,-22.491953,3.296648,3.294701,4.266448,4.263064,51.159591,32151,3.572474
9701:ApriltagsCameraLog(1):,7,-22.491953,-4.314000,-22.491953,-4.314000,-22.446635,3.297438,3.295933,4.268506,4.264588,51.159591,32152,3.572474
9721:ApriltagsCameraLog(1):,7,-22.446635,-4.408000,-22.446635,-4.408000,-22.411241,3.296101,3.296989,4.272114,4.266412,51.118965,32153,3.569935
9741:ApriltagsCameraLog(1):,7,-22.411241,-4.256000,-22.411241,-4.256000,-22.376077,3.299237,3.296996,4.273206,4.269309,51.159591,32154,3.572474
9761:ApriltagsCameraLog(1):,7,-22.376077,-4.477000,-22.376077,-4.477000,-22.340728,3.300019,3.298415,4.275254,4.271065,51.159591,32155,3.572474
9781:ApriltagsCameraLog(1):,7,-22.340728,-4.375000,-22.340728,-4.375000,-22.305878,3.300803,3.299536,4.277314,4.273018,51.159591,32156,3.572474
9801:ApriltagsCameraLog(1):,7,-22.305878,-4.284000,-22.305878,-4.284000,-22.270897,3.301575,3.300500,4.279345,4.275050,51.159591,32157,3.572474
9821:ApriltagsCameraLog(1):,7,-22.270897,-4.298000,-22.270897,-4.298000,-22.235808,3.302349,3.301370,4.281384,4.277096,51.159591,32158,3.572474
9841:ApriltagsCameraLog(1):,7,-22.235808,-4.305000,-22.235808,-4.305000,-22.200814,3.303124,3.302191,4.283430,4.279146,51.159591,32159,3.572474
9861:ApriltagsCameraLog(1):,7,-22.200814,-4.271000,-22.200814,-4.271000,-22.165901,3.303896,3.302987,4.285471,4.281198,51.159591,32160,3.572474
9881:ApriltagsCameraLog(1):,7,-22.165901,-4.257000,-22.165901,-4.257000,-22.130991,3.304664,3.303771,4.287508,4.283247,51.159591,32161,3.572474
9901:ApriltagsCameraLog(1):,7,-22.130991,-4.239000,-22.130991,-4.239000,-22.106122,3.305432,3.304546,4.289545,4.285291,51.159591,32162,3.572474
9921:ApriltagsCameraLog(1):,7,-22.106122,-4.287000,-22.106122,-4.287000,-22.071285,3.305978,3.305316,4.290996,4.287332,51.159591,32163,3.572474
9941:ApriltagsCameraLog(1):,7,-22.071285,-4.156000,-22.071285,-4.156000,-22.026606,3.306741,3.305928,4.293030,4.289098,51.159591,32164,3.572474
9961:ApriltagsCameraLog(1):,7,-22.026606,-4.222000,-22.026606,-4.222000,-22.001723,3.307719,3.306637,4.295639,4.290985,51.159591,32165,3.572474
9981:ApriltagsCameraLog(1):,7,-22.001723,-4.218000,-22.001723,-4.218000,-21.957041,3.308262,3.307534,4.297092,4.293209,51.159591,32166,3.572474
10001:ApriltagsCameraLog(1):,7,-21.957041,-4.280000,-21.957041,-4.280000,-21.922432,3.309237,3.308195,4.299702,4.295079,51.159591,32167,3.572474
10021:ApriltagsCameraLog(1):,7,-21.922432,-4.276000,-21.922432,-4.276000,-21.887998,3.309990,3.309067,4.301724,4.297292,51.159591,32168,3.572474
10041:ApriltagsCameraLog(1):,7,-21.887998,-4.264000,-21.887998,-4.264000,-21.853640,3.310738,3.309865,4.303736,4.299420,51.159591,32169,3.572474
10061:ApriltagsCameraLog(1):,7,-21.853640,-4.259000,-21.853640,-4.259000,-21.819325,3.311484,3.310629,4.305745,4.301494,51.159591,32170,3.572474
10081:ApriltagsCameraLog(1):,7,-21.819325,-4.285000,-21.819325,-4.285000,-21.785067,3.312227,3.311378,4.307751,4.303538,51.159591,32171,3.572474
10101:ApriltagsCameraLog(1):,7,-21.785067,-4.373000,-21.785067,-4.373000,-21.750927,3.312968,3.312120,4.309754,4.305563,51.159591,32172,3.572474
10121:ApriltagsCameraLog(1):,7,-21.750927,-4.197000,-21.750927,-4.197000,-21.717025,3.313705,3.312858,4.311751,4.307579,51.159591,32173,3.572474
10141:ApriltagsCameraLog(1):,7,-21.717025,-4.290000,-21.717025,-4.290000,-21.682846,3.314436,3.313597,4.313735,4.309584,51.159591,32174,3.572474
10161:ApriltagsCameraLog(1):,7,-21.682846,-4.422000,-21.682846,-4.422000,-21.648915,3.312811,3.314327,4.316673,4.311580,51.118965,32175,3.569935
10181:ApriltagsCameraLog(1):,7,-21.648915,-4.299000,-21.648915,-4.299000,-21.615282,3.315901,3.313957,4.317721,4.314221,51.159591,32176,3.572474
10201:ApriltagsCameraLog(1):,7,-21.615282,-4.231000,-21.615282,-4.231000,-21.581500,3.316622,3.315185,4.319690,4.315811,51.159591,32177,3.572474
10221:ApriltagsCameraLog(1):,7,-21.581500,-4.222000,-21.581500,-4.222000,-21.547652,3.317346,3.316191,4.321668,4.317627,51.159591,32178,3.572474
10241:ApriltagsCameraLog(1):,7,-21.547652,-4.200000,-21.547652,-4.200000,-21.513852,3.318069,3.317069,4.323651,4.319545,51.159591,32179,3.572474
10261:ApriltagsCameraLog(1):,7,-21.513852,-4.122000,-21.513852,-4.122000,-21.480075,3.318791,3.317875,4.325631,4.321507,51.159591,32180,3.572474
10281:ApriltagsCameraLog(1):,7,-21.480075,-4.110000,-21.480075,-4.110000,-21.446212,3.319511,3.318641,4.327610,4.323484,51.159591,32181,3.572474
10301:ApriltagsCameraLog(1):,7,-21.446212,-4.159000,-21.446212,-4.159000,-21.412392,3.320232,3.319384,4.329595,4.325466,51.159591,32182,3.572474
10321:ApriltagsCameraLog(1):,7,-21.412392,-4.208000,-21.412392,-4.208000,-21.378733,3.320950,3.320115,4.331577,4.327451,51.159591,32183,3.572474
10341:ApriltagsCameraLog(1):,7,-21.378733,-4.215000,-21.378733,-4.215000,-21.345235,3.321664,3.320838,4.333551,4.329436,51.159591,32184,3.572474
10361:ApriltagsCameraLog(1):,7,-21.345235,-4.241000,-21.345235,-4.241000,-21.311817,3.322373,3.321555,4.335515,4.331417,51.159591,32185,3.572474
10381:ApriltagsCameraLog(1):,7,-21.311817,-4.280000,-21.311817,-4.280000,-21.278514,3.323080,3.322266,4.337475,4.333390,51.159591,32186,3.572474
10401:ApriltagsCameraLog(1):,7,-21.278514,-4.361000,-21.278514,-4.361000,-21.245352,3.323783,3.322972,4.339429,4.335358,51.159591,32187,3.572474
10421:ApriltagsCameraLog(1):,7,-21.245352,-4.309000,-21.245352,-4.309000,-21.212413,3.324482,3.323674,4.341375,4.337319,51.159591,32188,3.572474
10441:ApriltagsCameraLog(1):,7,-21.212413,-4.223000,-21.212413,-4.223000,-21.179437,3.325175,3.324374,4.343309,4.339273,51.159591,32189,3.572474
10461:ApriltagsCameraLog(1):,7,-21.179437,-4.277000,-21.179437,-4.277000,-21.146358,3.325868,3.325069,4.345245,4.341217,51.159591,32190,3.572474
10481:ApriltagsCameraLog(1):,7,-21.146358,-4.190000,-21.146358,-4.190000,-21.113448,3.326561,3.325761,4.347187,4.343158,51.159591,32191,3.572474
10501:ApriltagsCameraLog(1):,7,-21.113448,-4.210000,-21.113448,-4.210000,-21.080433,3.327250,3.326455,4.349120,4.345099,51.159591,32192,3.572474
10522:ApriltagsCameraLog(1):,7,-21.080433,-4.257000,-21.080433,-4.257000,-21.047521,3.327941,3.327145,4.351059,4.347036,51.159591,32193,3.572474
10542:ApriltagsCameraLog(1):,7,-21.047521,-4.335000,-21.047521,-4.335000,-21.014765,3.328628,3.327834,4.352993,4.348975,51.159591,32194,3.572474
10561:ApriltagsCameraLog(1):,7,-21.014765,-4.374000,-21.014765,-4.374000,-20.982225,3.329310,3.328520,4.354918,4.350912,51.159591,32195,3.572474
10581:ApriltagsCameraLog(1):,7,-20.982225,-4.307000,-20.982225,-4.307000,-20.949825,3.329987,3.329202,4.356830,4.352844,51.159591,32196,3.572474
10601:ApriltagsCameraLog(1):,7,-20.949825,-4.259000,-20.949825,-4.259000,-20.917357,3.330660,3.329881,4.358735,4.354766,51.159591,32197,3.572474
10621:ApriltagsCameraLog(1):,7,-20.917357,-4.371000,-20.917357,-4.371000,-20.884859,3.331333,3.330556,4.360644,4.356680,51.159591,32198,3.572474
10641:ApriltagsCameraLog(1):,7,-20.884859,-4.365000,-20.884859,-4.365000,-20.852643,3.332006,3.331227,4.362556,4.358593,51.159591,32199,3.572474
10661:ApriltagsCameraLog(1):,7,-20.852643,-4.350000,-20.852643,-4.350000,-20.820478,3.332672,3.331898,4.364451,4.360505,51.159591,32200,3.572474
10681:ApriltagsCameraLog(1):,7,-20.820478,-4.319000,-20.820478,-4.319000,-20.788347,3.333336,3.332566,4.366343,4.362409,51.159591,32201,3.572474
10701:ApriltagsCameraLog(1):,7,-20.788347,-4.239000,-20.788347,-4.239000,-20.756217,3.333998,3.333230,4.368234,4.364307,51.159591,32202,3.572474
10721:ApriltagsCameraLog(1):,7,-20.756217,-4.106000,-20.756217,-4.106000,-20.723995,3.334659,3.333894,4.370125,4.366202,51.159591,32203,3.572474
10741:ApriltagsCameraLog(1):,7,-20.723995,-4.298000,-20.723995,-4.298000,-20.691576,3.335321,3.334558,4.372022,4.368095,51.159591,32204,3.572474
10761:ApriltagsCameraLog(1):,7,-20.691576,-4.366000,-20.691576,-4.366000,-20.659594,3.335986,3.335217,4.373931,4.369991,51.159591,32205,3.572474
10781:ApriltagsCameraLog(1):,7,-20.659594,-4.303000,-20.659594,-4.303000,-20.627808,3.336640,3.335878,4.375815,4.371893,51.159591,32206,3.572474
10801:ApriltagsCameraLog(1):,7,-20.627808,-4.251000,-20.627808,-4.251000,-20.595960,3.337290,3.336536,4.377687,4.373787,51.159591,32207,3.572474
10821:ApriltagsCameraLog(1):,7,-20.595960,-4.426000,-20.595960,-4.426000,-20.564074,3.337940,3.337188,4.379564,4.375670,51.159591,32208,3.572474
10841:ApriltagsCameraLog(1):,7,-20.564074,-4.323000,-20.564074,-4.323000,-20.532591,3.338590,3.337835,4.381443,4.377551,51.159591,32209,3.572474
10861:ApriltagsCameraLog(1):,7,-20.532591,-4.291000,-20.532591,-4.291000,-20.500968,3.339230,3.338485,4.383298,4.379431,51.159591,32210,3.572474
10881:ApriltagsCameraLog(1):,7,-20.500968,-4.284000,-20.500968,-4.284000,-20.469345,3.337493,3.339128,4.386052,4.381299,51.118965,32211,3.569935
10901:ApriltagsCameraLog(1):,7,-20.469345,-4.158000,-20.469345,-4.158000,-20.437744,3.338134,3.338651,4.387915,4.383775,51.118965,32212,3.569935
10921:ApriltagsCameraLog(1):,7,-20.437744,-4.245000,-20.437744,-4.245000,-20.405960,3.341153,3.338688,4.388891,4.385868,51.159591,32213,3.572474
10941:ApriltagsCameraLog(1):,7,-20.405960,-4.179000,-20.405960,-4.179000,-20.374432,3.341796,3.340125,4.390765,4.387196,51.159591,32214,3.572474
10961:ApriltagsCameraLog(1):,7,-20.374432,-4.195000,-20.374432,-4.195000,-20.342837,3.342432,3.341207,4.392625,4.388851,51.159591,32215,3.572474
