443378:ApriltagsCameraLog(1):,tag,last yaw,cam yaw,calc yaw,update yaw, est yaw,x,est x,y,est y,adjust,frame,dist
443434:ApriltagsCameraLog(1):,,,,,,150.249361,,10.753761,,2.428098,,,
443476:ApriltagsCameraLog(1):,1,47.147396,111.520000,47.147396,47.147396,150.219148,21.534390,10.902432,5.362963,2.283058,496.292695,58466,8.716322
443484:ApriltagsCameraLog(1):,13,150.219148,153.544000,150.219148,153.544000,150.180691,8.030272,11.157594,5.521636,2.577187,35.616807,58468,3.716201
443503:ApriltagsCameraLog(1):,13,150.180691,154.828000,150.180691,154.828000,150.237141,8.228536,11.242995,5.352134,2.584040,36.176788,58472,3.462324
443520:ApriltagsCameraLog(1):,13,150.237141,154.209000,150.237141,154.209000,150.301004,8.333760,11.345664,5.238571,2.653243,32.895763,58474,3.318037
443535:ApriltagsCameraLog(1):,13,150.301004,154.487000,150.301004,154.487000,150.397630,8.544700,11.396695,5.017824,2.666868,30.181475,58478,3.034443
443552:ApriltagsCameraLog(1):,13,150.397630,154.698000,150.397630,154.698000,150.460164,8.636323,11.495373,4.925329,2.713665,29.049376,58480,2.914215
443562:ApriltagsCameraLog(1):,13,150.460164,157.736000,150.460164,157.736000,150.510155,8.745773,11.512722,4.813266,2.727071,33.113583,58482,2.770946
443572:ApriltagsCameraLog(1):,13,150.510155,155.062000,150.510155,155.062000,150.571163,8.890589,11.532926,4.696760,2.735939,25.837013,58484,2.594393
443585:ApriltagsCameraLog(1):,13,150.571163,153.446000,150.571163,153.446000,150.636781,8.990021,11.546089,4.602836,2.743077,21.573149,58486,2.469507
443600:ApriltagsCameraLog(1):,1,150.636781,111.520000,150.636781,150.636781,150.655854,9.652030,11.564196,4.251234,2.735271,258.641569,58488,6.957312
443604:ApriltagsCameraLog(1):,13,150.636781,155.422000,150.636781,155.422000,150.658641,9.111891,11.589911,4.476020,2.765048,22.943917,58488,2.314768
443620:ApriltagsCameraLog(1):,1,150.658641,141.473000,150.658641,150.658641,150.434506,9.641731,11.616331,4.280356,2.699494,101.436414,58490,6.983876
443622:ApriltagsCameraLog(1):,13,150.658641,155.187000,150.658641,155.187000,150.440712,9.224961,11.636912,4.370784,2.726447,20.945163,58490,2.177093
443636:ApriltagsCameraLog(1):,1,150.440712,144.060000,150.440712,150.440712,149.947521,9.809263,11.631585,4.155938,2.689280,83.867595,58492,6.774874
443639:ApriltagsCameraLog(1):,13,150.440712,153.965000,150.440712,153.965000,149.953664,9.328114,11.644726,4.264969,2.703607,18.124716,58492,2.050201
443640:ApriltagsCameraLog(1):,7,149.953664,152.704000,149.953664,149.953664,150.020244,8.856981,11.589505,3.850505,2.699991,88.118689,58488,9.013859
443651:ApriltagsCameraLog(1):,1,150.020244,141.467000,150.020244,150.020244,149.705557,9.967941,11.623614,4.066092,2.673484,92.310531,58495,6.594299
443658:ApriltagsCameraLog(1):,13,150.020244,152.581000,150.020244,152.581000,149.708913,9.492151,11.633301,4.108685,2.684540,14.887472,58495,1.856546
443660:ApriltagsCameraLog(1):,7,149.708913,170.621000,149.708913,149.708913,149.763395,8.906783,11.571591,3.658543,2.680174,215.653670,58490,9.095443
443673:ApriltagsCameraLog(1):,7,149.763395,152.090000,149.763395,149.763395,149.003606,9.344754,11.628469,3.315795,2.635419,90.861889,58497,9.589002
443684:ApriltagsCameraLog(1):,1,149.003606,142.007000,149.003606,149.003606,148.775413,10.803956,11.664580,3.325964,2.635569,69.347954,58509,5.475132
443694:ApriltagsCameraLog(1):,1,148.775413,141.580000,148.775413,148.775413,148.500481,10.926058,11.707643,3.243351,2.597681,68.132106,58511,5.327782
443711:ApriltagsCameraLog(1):,1,148.500481,143.335000,148.500481,148.500481,148.153463,11.063678,11.752227,3.097932,2.567218,57.666386,58513,5.128096
443720:ApriltagsCameraLog(1):,,,,,,147.768653,,11.780912,,2.544990,,,
443729:ApriltagsCameraLog(1):,1,148.153463,143.029000,148.153463,143.029000,147.367652,11.348518,11.811507,2.847834,2.520589,52.912785,58518,4.748113
443741:ApriltagsCameraLog(1):,14,147.367652,150.883000,147.367652,147.367652,146.915798,10.511327,11.844700,2.244334,2.508233,54.764920,58514,5.440068
443746:ApriltagsCameraLog(1):,,,,,,146.511287,,11.809380,,2.490961,,,
443778:ApriltagsCameraLog(1):,1,146.511287,139.578000,146.511287,139.578000,145.918025,11.526624,11.935147,2.545500,2.443477,54.718177,58523,4.414247
443797:ApriltagsCameraLog(1):,14,145.918025,151.717000,145.918025,145.918025,145.716079,10.809355,11.994573,2.136609,2.416629,68.120060,58518,5.764595
443819:ApriltagsCameraLog(1):,1,145.716079,137.223000,145.716079,137.223000,145.251975,11.600415,12.037741,2.429792,2.388369,57.805032,58525,4.282207
443842:ApriltagsCameraLog(1):,14,145.251975,148.186000,145.251975,145.251975,145.345141,10.965168,12.114089,2.192936,2.359521,57.194564,58521,5.902529
443860:ApriltagsCameraLog(1):,1,145.345141,136.893000,145.345141,136.893000,145.495878,11.730991,12.154875,2.328046,2.343120,55.214487,58527,4.115385
443904:ApriltagsCameraLog(1):,1,145.495878,136.062000,145.495878,136.062000,145.899152,11.784471,12.296335,2.275853,2.321255,57.006457,58529,4.041693
443924:ApriltagsCameraLog(1):,14,145.899152,150.610000,145.899152,145.899152,146.038147,11.294883,12.358744,2.146109,2.308334,68.895903,58525,6.229175
443950:ApriltagsCameraLog(1):,1,146.038147,138.028000,146.038147,138.028000,146.153101,11.969089,12.410300,2.209263,2.298946,50.169407,58531,3.857024
443964:ApriltagsCameraLog(1):,14,146.153101,153.194000,146.153101,146.153101,146.274851,11.371783,12.475081,2.151286,2.293150,80.782578,58526,6.300640
443984:ApriltagsCameraLog(1):,1,146.153101,136.716000,146.153101,136.716000,146.378921,12.036045,12.527946,2.195412,2.289881,53.202378,58532,3.796445
443986:ApriltagsCameraLog(1):,14,146.378921,151.306000,146.378921,146.378921,146.343739,11.450619,12.540481,2.149170,2.287543,71.663029,58527,6.376093
444004:ApriltagsCameraLog(1):,14,146.343739,177.926000,146.343739,146.343739,146.379604,11.616414,12.592743,2.079990,2.284038,205.559543,58530,6.554304
444024:ApriltagsCameraLog(1):,1,146.379604,139.864000,146.379604,139.864000,146.456473,12.312506,12.664404,2.171695,2.282826,42.217792,58536,3.570296
444025:ApriltagsCameraLog(1):,14,146.456473,-178.926000,146.456473,146.456473,146.348848,11.537988,12.571689,2.083012,2.276524,217.810412,58531,6.477154
444043:ApriltagsCameraLog(1):,,,,,,146.596139,,12.724067,,2.276442,,,
444064:ApriltagsCameraLog(1):,1,146.596139,138.292000,146.596139,138.292000,146.766427,12.460524,12.805034,2.153479,2.275853,45.009939,58538,3.448754
444084:ApriltagsCameraLog(1):,14,146.766427,151.746000,146.766427,146.766427,146.888240,11.833752,12.871745,2.078789,2.269245,76.543921,58533,6.762358
444104:ApriltagsCameraLog(1):,1,146.888240,138.932000,146.888240,138.932000,147.041909,12.527642,12.927786,2.148080,2.264187,43.409028,58539,3.396862
444124:ApriltagsCameraLog(1):,14,147.041909,146.989000,147.041909,147.041909,147.142601,11.803511,12.995250,2.090595,2.258064,51.097391,58535,6.728558
444143:ApriltagsCameraLog(1):,,,,,,147.326357,,13.033169,,2.247455,,,
444164:ApriltagsCameraLog(1):,14,147.142601,167.075000,147.142601,147.142601,147.565310,12.160967,13.113816,2.036680,2.239059,160.740408,58536,7.087643
444184:ApriltagsCameraLog(1):,1,147.565310,140.505000,147.565310,140.505000,147.798609,12.781291,13.186388,2.163196,2.229213,38.964459,58543,3.229906
444185:ApriltagsCameraLog(1):,2,147.565310,160.019000,147.565310,160.019000,147.761900,12.940604,13.169084,2.172683,2.224780,60.690615,58543,3.753655
444188:ApriltagsCameraLog(1):,14,147.761900,151.319000,147.761900,147.761900,147.802504,12.245229,13.162917,2.071441,2.223708,73.560575,58539,7.157477
444204:ApriltagsCameraLog(1):,1,147.802504,140.431000,147.802504,140.431000,148.024867,12.938699,13.220561,2.145996,2.211923,38.029674,58545,3.111498
444206:ApriltagsCameraLog(1):,2,147.802504,159.963000,147.802504,159.963000,147.985140,13.100358,13.207053,2.160030,2.207808,57.305775,58545,3.607429
444224:ApriltagsCameraLog(1):,1,147.985140,141.412000,147.985140,141.412000,148.287723,12.998234,13.283587,2.149380,2.193155,35.802288,58546,3.075325
444244:ApriltagsCameraLog(1):,1,148.287723,141.170000,148.287723,141.170000,148.535171,13.076430,13.351074,2.138088,2.176543,36.178567,58547,3.016894
444246:ApriltagsCameraLog(1):,2,148.287723,160.178000,148.287723,160.178000,148.494680,13.220099,13.337199,2.163069,2.173687,54.828358,58547,3.505862
444264:ApriltagsCameraLog(1):,1,148.494680,141.057000,148.494680,141.057000,148.828280,13.148043,13.413573,2.133751,2.154018,36.182153,58548,2.968676
444266:ApriltagsCameraLog(1):,2,148.494680,160.305000,148.494680,160.305000,148.785560,13.280916,13.400109,2.162618,2.152071,53.714566,58548,3.453506
444284:ApriltagsCameraLog(1):,11,148.785560,148.936000,148.785560,148.936000,149.078231,13.045046,13.475624,1.997593,2.133765,11.643714,58544,1.808893
444303:ApriltagsCameraLog(1):,1,148.785560,139.757000,148.785560,139.757000,149.344994,13.227986,13.497755,2.111746,2.096018,38.475198,58549,2.902464
444305:ApriltagsCameraLog(1):,2,148.785560,159.930000,148.785560,159.930000,149.299193,13.324436,13.544694,2.167672,2.112597,51.498177,58549,3.419428
444324:ApriltagsCameraLog(1):,11,149.299193,150.029000,149.299193,150.029000,149.566581,13.125355,13.618091,1.992936,2.096371,12.771486,58545,1.862851
444344:ApriltagsCameraLog(1):,2,149.566581,161.779000,149.566581,161.779000,149.849196,13.514376,13.632403,2.103037,2.057729,50.659638,58551,3.225862
444364:ApriltagsCameraLog(1):,11,149.849196,150.487000,149.849196,150.487000,150.157898,13.200904,13.702451,1.985095,2.027884,13.125780,58546,1.917351
444384:ApriltagsCameraLog(1):,11,150.157898,150.168000,150.157898,150.168000,150.430631,13.385257,13.718690,1.929743,1.988159,13.691578,58549,2.084720
444404:ApriltagsCameraLog(1):,2,150.430631,163.767000,150.430631,163.767000,150.649323,13.774214,13.746722,2.041098,1.950912,48.541143,58555,2.975080
444424:ApriltagsCameraLog(1):,2,150.649323,163.082000,150.649323,163.082000,151.013513,13.860238,13.808963,2.006992,1.917863,45.043775,58556,2.884942
444426:ApriltagsCameraLog(1):,11,150.649323,150.009000,150.649323,150.009000,151.066861,13.461797,13.811478,1.916779,1.921336,15.083088,58550,2.146925
444443:ApriltagsCameraLog(1):,2,151.066861,162.803000,151.066861,162.803000,151.310015,13.910397,13.833363,1.992116,1.882840,42.796469,58557,2.836136
444445:ApriltagsCameraLog(1):,11,151.310015,150.958000,151.310015,150.958000,151.363475,13.599703,13.837192,1.879349,1.887261,15.704080,58552,2.271259
444464:ApriltagsCameraLog(1):,2,151.363475,163.201000,151.363475,163.201000,151.594582,13.983277,13.860541,1.939947,1.847088,41.449861,58558,2.747628
444465:ApriltagsCameraLog(1):,11,151.594582,151.088000,151.594582,151.088000,151.650316,13.656186,13.866466,1.841943,1.850695,16.492155,58553,2.337122
444484:ApriltagsCameraLog(1):,11,151.650316,150.437000,151.650316,150.437000,151.918236,13.715595,13.890169,1.795258,1.813733,18.276145,58554,2.412326
444504:ApriltagsCameraLog(1):,2,151.918236,164.139000,151.918236,164.139000,152.083477,14.086075,13.914432,1.895097,1.780044,40.243029,58560,2.638819
444524:ApriltagsCameraLog(1):,11,152.083477,152.051000,152.083477,152.051000,152.236478,13.774931,13.959177,1.785219,1.757266,16.749280,58555,2.461882
444543:ApriltagsCameraLog(1):,2,152.236478,163.498000,152.236478,163.498000,152.215535,14.148279,13.968960,1.844494,1.731859,37.167838,58561,2.560159
444564:ApriltagsCameraLog(1):,11,152.215535,152.520000,152.215535,152.520000,152.366477,13.867105,13.994879,1.694501,1.708183,18.262194,58557,2.590325
444584:ApriltagsCameraLog(1):,2,152.366477,164.482000,152.366477,164.482000,152.332631,14.271832,13.994000,1.773897,1.686886,36.154578,58563,2.418507
444604:ApriltagsCameraLog(1):,11,152.332631,152.455000,152.332631,152.455000,152.283976,13.952626,14.008191,1.618556,1.681494,18.861408,58559,2.704174
444623:ApriltagsCameraLog(1):,2,152.283976,164.249000,152.283976,164.249000,152.343146,14.360536,14.002695,1.707865,1.673888,33.964738,58565,2.307888
444644:ApriltagsCameraLog(1):,11,152.343146,152.523000,152.343146,152.523000,152.410214,14.022851,14.020217,1.527847,1.670811,19.884374,58561,2.816633
444663:ApriltagsCameraLog(1):,2,152.410214,164.465000,152.410214,164.465000,152.128428,14.436729,14.021156,1.634276,1.645310,32.279166,58567,2.204488
444684:ApriltagsCameraLog(1):,11,152.128428,152.591000,152.128428,152.591000,151.777716,14.084921,14.044708,1.462647,1.628588,21.194874,58563,2.907226
444723:ApriltagsCameraLog(1):,2,151.777716,164.131000,151.777716,164.131000,151.026883,14.519275,14.048723,1.536642,1.595965,30.502799,58570,2.080722
444747:ApriltagsCameraLog(1):,2,151.026883,163.140000,151.026883,163.140000,150.627193,14.542047,14.078899,1.502173,1.584238,29.468321,58572,2.040772
444784:ApriltagsCameraLog(1):,11,150.627193,151.937000,150.627193,151.937000,149.209164,14.140445,14.111631,1.321040,1.569387,24.200548,58567,3.049730
444805:ApriltagsCameraLog(1):,2,149.209164,163.330000,149.209164,163.330000,148.512584,14.602059,14.115153,1.464724,1.548284,30.651702,58574,1.963445
444843:ApriltagsCameraLog(1):,2,148.512584,160.971000,148.512584,160.971000,147.523193,14.570274,14.144362,1.437240,1.534840,28.732985,58576,1.974233
444885:ApriltagsCameraLog(1):,2,147.523193,160.439000,147.523193,160.439000,147.312015,14.615756,14.170817,1.380473,1.525020,28.008084,58578,1.902771
444924:ApriltagsCameraLog(1):,2,147.312015,159.285000,147.312015,159.285000,147.585964,14.617333,14.197769,1.347488,1.513607,26.536278,58580,1.884597
444944:ApriltagsCameraLog(1):,11,147.585964,147.734000,147.585964,147.734000,147.926931,14.238427,14.224520,1.280633,1.500050,22.635247,58575,3.163132
444964:ApriltagsCameraLog(1):,2,147.926931,158.957000,147.926931,158.957000,148.172050,14.609739,14.225430,1.328476,1.483571,25.400679,58582,1.884783
444983:ApriltagsCameraLog(1):,,,,,,148.416657,,14.251016,,1.470374,,,
445003:ApriltagsCameraLog(1):,2,148.416657,159.060000,148.416657,159.060000,148.540254,14.603247,14.251093,1.321978,1.471326,25.011156,58584,1.889481
445024:ApriltagsCameraLog(1):,11,148.540254,147.864000,148.540254,147.864000,148.602388,14.275610,14.275115,1.324656,1.458718,23.767123,58579,3.157709
445044:ApriltagsCameraLog(1):,2,148.602388,159.537000,148.602388,159.537000,148.332518,14.602860,14.275714,1.333826,1.449155,25.474256,58586,1.896061
445084:ApriltagsCameraLog(1):,11,148.332518,148.178000,148.332518,148.178000,147.070098,14.240951,14.298812,1.293306,1.440314,22.568854,58582,3.153179
445104:ApriltagsCameraLog(1):,2,147.070098,159.835000,147.070098,159.835000,145.936832,14.622237,14.294752,1.385838,1.429880,27.736467,58589,1.897984
445124:ApriltagsCameraLog(1):,11,145.936832,148.224000,145.936832,148.224000,144.596524,14.138437,14.316183,1.194238,1.425341,27.337649,58584,3.156118
445144:ApriltagsCameraLog(1):,2,144.596524,159.250000,144.596524,159.250000,142.907516,14.641722,14.304820,1.431129,1.410789,29.966183,58591,1.894369
445163:ApriltagsCameraLog(1):,,,,,,141.093107,,14.326493,,1.410365,,,
445184:ApriltagsCameraLog(1):,2,141.093107,157.589000,141.093107,157.589000,138.967252,14.648337,14.328060,1.485867,1.410853,32.407435,58593,1.903890
445203:ApriltagsCameraLog(1):,,,,,,136.800112,,14.348346,,1.411931,,,
445224:ApriltagsCameraLog(1):,2,136.800112,155.178000,136.800112,155.178000,134.492983,14.671924,14.350571,1.520484,1.410893,34.299848,58595,1.885853
445243:ApriltagsCameraLog(1):,,,,,,132.311688,,14.370762,,1.409408,,,
445264:ApriltagsCameraLog(1):,2,132.311688,151.622000,132.311688,151.622000,130.303937,14.681685,14.376167,1.545630,1.403030,35.125168,58597,1.872987
445283:ApriltagsCameraLog(1):,,,,,,128.732643,,14.398033,,1.400724,,,
445304:ApriltagsCameraLog(1):,2,128.732643,147.122000,128.732643,147.122000,127.320900,14.675263,14.402416,1.532353,1.393550,33.588721,58599,1.853931
445323:ApriltagsCameraLog(1):,,,,,,126.265531,,14.422902,,1.389283,,,
445363:ApriltagsCameraLog(1):,2,126.265531,140.939000,126.265531,140.939000,125.120206,14.661454,14.432527,1.422379,1.366394,27.941356,58602,1.790557
445404:ApriltagsCameraLog(1):,,,,,,125.027456,,14.460857,,1.353558,,,
445444:ApriltagsCameraLog(1):,,,,,,125.252676,,14.466601,,1.343110,,,
445464:ApriltagsCameraLog(1):,11,125.027456,125.158000,125.027456,125.158000,125.390005,14.284572,14.468459,1.379984,1.341155,23.314183,58600,3.251719
445483:ApriltagsCameraLog(1):,,,,,,125.514264,,14.454042,,1.345963,,,
445503:ApriltagsCameraLog(1):,,,,,,125.624127,,14.450207,,1.352031,,,
445523:ApriltagsCameraLog(1):,,,,,,125.698285,,14.445914,,1.358523,,,
445544:ApriltagsCameraLog(1):,11,125.698285,124.675000,125.698285,124.675000,125.684552,14.355808,14.441473,1.377127,1.367436,25.842624,58605,3.305459
445564:ApriltagsCameraLog(1):,,,,,,125.597058,,14.428699,,1.381744,,,
445583:ApriltagsCameraLog(1):,,,,,,125.522901,,14.419935,,1.399509,,,
445603:ApriltagsCameraLog(1):,,,,,,125.509168,,14.409614,,1.420880,,,
445624:ApriltagsCameraLog(1):,11,125.509168,125.224000,125.509168,125.224000,125.445996,14.332125,14.400283,1.338940,1.444033,24.164286,58609,3.311788
445644:ApriltagsCameraLog(1):,,,,,,125.328481,,14.387705,,1.455545,,,
445664:ApriltagsCameraLog(1):,,,,,,125.243336,,14.382457,,1.476832,,,
445683:ApriltagsCameraLog(1):,,,,,,125.064809,,14.375733,,1.503902,,,
445703:ApriltagsCameraLog(1):,,,,,,124.781911,,14.368556,,1.532409,,,
445723:ApriltagsCameraLog(1):,,,,,,124.562184,,14.362793,,1.559096,,,
445763:ApriltagsCameraLog(1):,,,,,,124.282033,,14.356225,,1.623380,,,
445804:ApriltagsCameraLog(1):,,,,,,124.021107,,14.349318,,1.705324,,,
445824:ApriltagsCameraLog(1):,2,124.021107,135.230000,124.021107,135.230000,123.941457,14.683413,14.340453,1.416697,1.749337,23.464370,58625,1.757932
445843:ApriltagsCameraLog(1):,,,,,,124.003566,,14.354493,,1.776472,,,
445864:ApriltagsCameraLog(1):,2,124.003566,135.111000,124.003566,135.111000,123.926662,14.696098,14.331955,1.453153,1.825380,23.522025,58627,1.767994
445883:ApriltagsCameraLog(1):,,,,,,123.938235,,14.334369,,1.852206,,,
445904:ApriltagsCameraLog(1):,2,123.938235,134.995000,123.938235,134.995000,123.754214,14.678299,14.311500,1.518877,1.903186,24.350051,58629,1.820500
445923:ApriltagsCameraLog(1):,,,,,,123.680566,,14.310309,,1.928984,,,
445964:ApriltagsCameraLog(1):,2,123.680566,135.791000,123.680566,135.791000,123.232873,14.623289,14.229877,1.645416,2.022646,27.680064,58632,1.939876
446004:ApriltagsCameraLog(1):,1,123.232873,114.009000,123.232873,114.009000,122.615532,14.460079,14.162626,1.691540,2.086627,23.874158,58634,1.927377
446006:ApriltagsCameraLog(1):,2,123.232873,134.240000,123.232873,134.240000,122.542211,14.594671,14.184878,1.698032,2.060812,27.191721,58634,1.993006
446045:ApriltagsCameraLog(1):,1,122.542211,113.515000,122.542211,113.515000,121.815781,14.393765,14.106921,1.769034,2.109106,24.982293,58636,2.016221
446047:ApriltagsCameraLog(1):,2,122.542211,133.146000,122.542211,133.146000,121.748007,14.526780,14.127124,1.765934,2.087687,28.189758,58636,2.085229
446064:ApriltagsCameraLog(1):,,,,,,121.477849,,14.091099,,2.096374,,,
446103:ApriltagsCameraLog(1):,1,121.477849,113.179000,121.477849,113.179000,120.843389,14.342813,13.971392,1.838620,2.160567,25.158766,58638,2.093603
446105:ApriltagsCameraLog(1):,2,121.477849,132.477000,121.477849,132.477000,120.778730,14.468703,13.991930,1.844663,2.143089,30.240792,58638,2.175120
446144:ApriltagsCameraLog(1):,1,120.778730,109.124000,120.778730,109.124000,120.099518,14.219371,13.889804,1.919077,2.173701,31.656518,58641,2.202344
446147:ApriltagsCameraLog(1):,2,120.778730,133.471000,120.778730,133.471000,120.029646,14.343332,13.909467,1.924780,2.165165,35.295601,58641,2.319252
446183:ApriltagsCameraLog(1):,1,120.029646,154.173000,120.029646,154.173000,119.340965,14.117606,13.805909,1.967044,2.182323,67.167603,58643,2.276974
446185:ApriltagsCameraLog(1):,2,120.029646,67.347000,120.029646,67.347000,119.443663,14.236370,13.811705,1.977766,2.174224,103.140948,58643,2.431808
446203:ApriltagsCameraLog(1):,1,119.443663,110.387000,119.443663,110.387000,118.977080,14.003161,13.762982,2.025230,2.189434,30.394962,58645,2.368723
446206:ApriltagsCameraLog(1):,2,119.443663,130.708000,119.443663,130.708000,118.920926,14.151275,13.778072,1.994995,2.180690,36.252239,58645,2.506047
446224:ApriltagsCameraLog(1):,1,118.920926,109.637000,118.920926,109.637000,118.614809,13.958339,13.738116,2.025193,2.177822,30.982930,58646,2.383339
446244:ApriltagsCameraLog(1):,1,118.614809,107.071000,118.614809,107.071000,118.227637,13.895320,13.698360,2.042415,2.178286,35.284530,58647,2.422255
446263:ApriltagsCameraLog(1):,1,118.227637,108.149000,118.227637,108.149000,117.876365,13.851358,13.657827,2.053266,2.176275,33.304212,58648,2.448361
446283:ApriltagsCameraLog(1):,1,117.876365,109.091000,117.876365,109.091000,117.551880,13.789250,13.622697,2.063716,2.174337,31.668963,58649,2.482290
446303:ApriltagsCameraLog(1):,,,,,,117.284548,,13.591551,,2.172337,,,
446349:ApriltagsCameraLog(1):,1,117.284548,108.111000,117.284548,108.111000,116.971438,13.730627,13.525305,2.100343,2.177321,33.183817,58650,2.538385
446383:ApriltagsCameraLog(1):,1,116.971438,108.219000,116.971438,108.219000,116.696954,13.570262,13.497459,2.056705,2.175448,32.969657,58653,2.572691
446404:ApriltagsCameraLog(1):,1,116.696954,108.271000,116.696954,108.271000,116.439452,13.529539,13.492509,2.066400,2.169576,32.801157,58654,2.600201
446423:ApriltagsCameraLog(1):,1,116.439452,107.001000,116.439452,107.001000,116.024154,13.428113,13.487533,2.083056,2.164257,35.618637,58656,2.665475
446444:ApriltagsCameraLog(1):,1,116.024154,107.576000,116.024154,107.576000,115.515092,13.412560,13.480565,2.067909,2.160022,33.710348,58657,2.659127
446464:ApriltagsCameraLog(1):,1,115.515092,106.363000,115.515092,106.363000,115.108466,13.376787,13.474491,2.098027,2.154756,35.646892,58658,2.701566
446485:ApriltagsCameraLog(1):,1,115.108466,107.268000,115.108466,107.268000,114.724589,13.367390,13.468154,2.081056,2.151405,33.049117,58659,2.690601
446504:ApriltagsCameraLog(1):,,,,,,114.284229,,13.470970,,2.146569,,,
446524:ApriltagsCameraLog(1):,1,114.284229,106.573000,114.284229,106.573000,113.880481,13.348554,13.489066,2.090161,2.145313,33.012845,58660,2.704938
446544:ApriltagsCameraLog(1):,1,113.880481,106.652000,113.880481,106.652000,113.326414,13.334068,13.502477,2.102455,2.140126,32.339742,58661,2.721387
446583:ApriltagsCameraLog(1):,1,113.326414,105.977000,113.326414,105.977000,112.121245,13.297280,13.544448,2.093476,2.131983,32.709413,58663,2.731665
446624:ApriltagsCameraLog(1):,1,112.121245,105.072000,112.121245,105.072000,111.167664,13.288214,13.592636,2.103593,2.121046,32.253838,58665,2.739756
446664:ApriltagsCameraLog(1):,1,111.167664,103.987000,111.167664,103.987000,109.898101,13.292478,13.634800,2.078293,2.110108,32.121511,58667,2.712039
446707:ApriltagsCameraLog(1):,1,109.898101,103.830000,109.898101,103.830000,109.092110,13.306612,13.687014,2.105695,2.094084,30.160805,58668,2.721326
446727:ApriltagsCameraLog(1):,1,109.092110,102.864000,109.092110,102.864000,108.883586,13.321696,13.709746,2.064466,2.084615,29.857839,58670,2.674855
446745:ApriltagsCameraLog(1):,1,108.883586,101.336000,108.883586,101.336000,108.480567,13.304918,13.701789,2.037922,2.078179,32.091687,58672,2.661047
446765:ApriltagsCameraLog(1):,1,108.480567,101.031000,108.480567,101.031000,108.035316,13.332843,13.713384,2.078101,2.064960,32.140178,58673,2.677362
446784:ApriltagsCameraLog(1):,1,108.035316,98.937000,108.035316,98.937000,107.744807,13.332111,13.723677,2.106484,2.055306,35.516359,58674,2.699574
446804:ApriltagsCameraLog(1):,1,107.744807,99.786000,107.744807,99.786000,107.637808,13.361721,13.737154,2.070050,2.046633,32.707847,58675,2.651588
446824:ApriltagsCameraLog(1):,1,107.637808,101.538000,107.637808,101.538000,107.537903,13.411333,13.753463,2.028923,2.034565,28.527083,58676,2.589862
446844:ApriltagsCameraLog(1):,,,,,,107.353309,,13.768873,,2.021129,,,
446884:ApriltagsCameraLog(1):,1,107.353309,100.664000,107.353309,100.664000,107.174781,13.426105,13.845017,2.019377,1.993503,29.341640,58677,2.572637
446925:ApriltagsCameraLog(1):,1,107.174781,100.440000,107.174781,100.440000,107.173876,13.519242,13.901957,2.008419,1.963808,28.643987,58680,2.514555
446964:ApriltagsCameraLog(1):,1,107.173876,100.481000,107.173876,100.481000,107.143794,13.582057,13.961679,1.977332,1.932874,27.796684,58682,2.456478
446983:ApriltagsCameraLog(1):,1,107.143794,99.888000,107.143794,99.888000,107.140155,13.648948,13.980825,1.979758,1.917270,28.321482,58684,2.426592
447003:ApriltagsCameraLog(1):,,,,,,107.177191,,14.002475,,1.903029,,,
447024:ApriltagsCameraLog(1):,1,107.177191,99.420000,107.177191,99.420000,107.254095,13.670856,14.044353,1.964859,1.886435,28.814718,58685,2.403384
447044:ApriltagsCameraLog(1):,1,107.254095,97.519000,107.254095,97.519000,107.269113,13.725852,14.064558,1.983699,1.872548,31.903871,58687,2.395757
447064:ApriltagsCameraLog(1):,1,107.269113,99.652000,107.269113,99.652000,107.285276,13.790727,14.086630,1.918591,1.859388,27.257234,58688,2.309003
447084:ApriltagsCameraLog(1):,1,107.285276,99.135000,107.285276,99.135000,107.331298,13.815551,14.109114,1.939458,1.844065,28.205599,58689,2.317505
447103:ApriltagsCameraLog(1):,,,,,,107.419158,,14.132461,,1.830807,,,
447124:ApriltagsCameraLog(1):,1,107.419158,100.590000,107.419158,100.590000,107.583953,13.869862,14.175351,1.886047,1.812775,25.204162,58690,2.247061
447144:ApriltagsCameraLog(1):,1,107.583953,99.388000,107.583953,99.388000,107.678050,13.940035,14.198631,1.864254,1.797098,26.567002,58692,2.200063
447164:ApriltagsCameraLog(1):,,,,,,107.780903,,14.225098,,1.780879,,,
447204:ApriltagsCameraLog(1):,1,107.780903,99.245000,107.780903,99.245000,107.904499,14.108568,14.313983,1.807504,1.741985,25.404959,58696,2.088226
447225:ApriltagsCameraLog(1):,1,107.904499,101.114000,107.904499,101.114000,107.905524,14.144804,14.345071,1.773269,1.725973,22.428401,58697,2.044724
447244:ApriltagsCameraLog(1):,1,107.905524,99.981000,107.905524,99.981000,107.892796,14.193040,14.378387,1.780842,1.707984,23.838688,58698,2.037435
447265:ApriltagsCameraLog(1):,1,107.892796,99.792000,107.892796,99.792000,107.896595,14.224526,14.416609,1.759019,1.692288,23.639998,58699,2.007525
447283:ApriltagsCameraLog(1):,,,,,,107.876839,,14.458716,,1.673406,,,
447303:ApriltagsCameraLog(1):,1,107.876839,101.279000,107.876839,101.279000,107.937264,14.278085,14.506229,1.768332,1.653827,21.606988,58700,2.002244
447323:ApriltagsCameraLog(1):,,,,,,107.936624,,14.533001,,1.643156,,,
447343:ApriltagsCameraLog(1):,1,107.936624,148.259000,107.936624,148.259000,108.093179,14.304448,14.576972,1.763410,1.623300,65.064240,58701,1.991186
447364:ApriltagsCameraLog(1):,,,,,,108.340222,,14.613064,,1.608705,,,
447384:ApriltagsCameraLog(1):,1,108.340222,98.775000,108.340222,98.775000,108.452831,14.394855,14.653160,1.709930,1.588579,24.187248,58703,1.920296
447403:ApriltagsCameraLog(1):,1,108.452831,98.913000,108.452831,98.913000,108.612951,14.493764,14.673734,1.667979,1.575915,23.237420,58705,1.861542
447424:ApriltagsCameraLog(1):,1,108.612951,101.906000,108.612951,101.906000,108.758144,14.565062,14.696227,1.633306,1.560960,19.282738,58707,1.817718
447445:ApriltagsCameraLog(1):,,,,,,108.945982,,14.718831,,1.547277,,,
447464:ApriltagsCameraLog(1):,1,108.945982,100.297000,108.945982,100.297000,109.165708,14.604711,14.753060,1.607602,1.527375,21.090205,58708,1.788630
447483:ApriltagsCameraLog(1):,1,109.165708,101.624000,109.165708,101.624000,109.252684,14.631464,14.774273,1.582731,1.513412,19.462525,58709,1.761875
447504:ApriltagsCameraLog(1):,1,109.252684,101.942000,109.252684,101.942000,109.345376,14.686539,14.793904,1.564646,1.499873,18.902511,58710,1.739945
447523:ApriltagsCameraLog(1):,,,,,,109.435405,,14.816499,,1.486342,,,
447544:ApriltagsCameraLog(1):,1,109.435405,101.734000,109.435405,101.734000,109.600200,14.716046,14.849036,1.543630,1.467741,19.016538,58711,1.717869
447563:ApriltagsCameraLog(1):,,,,,,109.651341,,14.869752,,1.454818,,,
447584:ApriltagsCameraLog(1):,1,109.651341,101.397000,109.651341,101.397000,109.750218,14.784513,14.900422,1.509905,1.437228,19.101002,58713,1.682977
447604:ApriltagsCameraLog(1):,,,,,,109.757608,,14.920406,,1.425404,,,
447625:ApriltagsCameraLog(1):,1,109.757608,101.575000,109.757608,101.575000,109.886697,14.858022,14.946201,1.485714,1.407940,18.695725,58715,1.660275
447643:ApriltagsCameraLog(1):,,,,,,109.978113,,14.962769,,1.398159,,,
447663:ApriltagsCameraLog(1):,,,,,,110.085230,,14.982789,,1.381618,,,
447683:ApriltagsCameraLog(1):,,,,,,110.239039,,14.999629,,1.367795,,,
447703:ApriltagsCameraLog(1):,,,,,,110.337916,,15.012294,,1.357787,,,
447723:ApriltagsCameraLog(1):,,,,,,110.434046,,15.020802,,1.351161,,,
447743:ApriltagsCameraLog(1):,,,,,,110.464258,,15.024299,,1.348251,,,
447763:ApriltagsCameraLog(1):,,,,,,110.414820,,15.027396,,1.346654,,,
447783:ApriltagsCameraLog(1):,,,,,,110.467005,,15.030428,,1.345480,,,
447803:ApriltagsCameraLog(1):,,,,,,110.530176,,15.032781,,1.344324,,,
447823:ApriltagsCameraLog(1):,,,,,,110.541163,,15.035092,,1.344511,,,
447843:ApriltagsCameraLog(1):,,,,,,110.552149,,15.036815,,1.344803,,,
447863:ApriltagsCameraLog(1):,,,,,,110.571375,,15.038307,,1.344601,,,
447883:ApriltagsCameraLog(1):,,,,,,110.648279,,15.040361,,1.344171,,,
447903:ApriltagsCameraLog(1):,,,,,,110.708704,,15.041837,,1.343918,,,
447923:ApriltagsCameraLog(1):,,,,,,110.747156,,15.040040,,1.344018,,,
447943:ApriltagsCameraLog(1):,,,,,,110.857020,,15.033106,,1.344251,,,
447964:ApriltagsCameraLog(1):,,,,,,111.052027,,15.023148,,1.344601,,,
448004:ApriltagsCameraLog(1):,,,,,,111.345911,,14.989046,,1.345650,,,
448023:ApriltagsCameraLog(1):,,,,,,111.496973,,14.967210,,1.349114,,,
448043:ApriltagsCameraLog(1):,,,,,,111.507960,,14.942282,,1.352322,,,
448063:ApriltagsCameraLog(1):,,,,,,111.417322,,14.912575,,1.359372,,,
448084:ApriltagsCameraLog(1):,,,,,,111.329432,,14.877032,,1.367737,,,
448103:ApriltagsCameraLog(1):,,,,,,111.175623,,14.840863,,1.376089,,,
448123:ApriltagsCameraLog(1):,,,,,,111.027308,,14.800683,,1.385692,,,
448143:ApriltagsCameraLog(1):,,,,,,110.829554,,14.755349,,1.400100,,,
448163:ApriltagsCameraLog(1):,,,,,,110.631800,,14.709385,,1.417004,,,
448183:ApriltagsCameraLog(1):,,,,,,110.552149,,14.662621,,1.434358,,,
448203:ApriltagsCameraLog(1):,,,,,,110.335169,,14.613322,,1.452705,,,
448223:ApriltagsCameraLog(1):,,,,,,110.170374,,14.560237,,1.471115,,,
448244:ApriltagsCameraLog(1):,,,,,,110.159388,,14.503110,,1.490767,,,
448263:ApriltagsCameraLog(1):,,,,,,110.057764,,14.445715,,1.508668,,,
448283:ApriltagsCameraLog(1):,,,,,,109.884730,,14.390393,,1.526115,,,
448324:ApriltagsCameraLog(1):,1,109.884730,102.563000,109.884730,102.563000,109.623804,14.794325,14.266610,1.406923,1.565547,16.704535,58750,1.580461
448344:ApriltagsCameraLog(1):,1,109.623804,102.816000,109.623804,102.816000,109.365867,14.700736,14.254582,1.436712,1.572291,16.636943,58752,1.612293
448364:ApriltagsCameraLog(1):,1,109.365867,101.388000,109.365867,101.388000,109.117776,14.653269,14.237158,1.459272,1.578373,18.157667,58753,1.637501
448384:ApriltagsCameraLog(1):,1,109.117776,102.168000,109.117776,102.168000,108.841302,14.602633,14.208427,1.475770,1.588810,17.400607,58754,1.658248
448403:ApriltagsCameraLog(1):,1,108.841302,102.265000,108.841302,102.265000,108.559478,14.554397,14.181623,1.496134,1.598616,17.355324,58755,1.683745
448423:ApriltagsCameraLog(1):,,,,,,108.295507,,14.152281,,1.608770,,,
448444:ApriltagsCameraLog(1):,1,108.295507,101.231000,108.295507,101.231000,108.105993,14.447043,14.081200,1.523861,1.628511,18.462595,58757,1.727412
448463:ApriltagsCameraLog(1):,,,,,,107.856535,,14.045325,,1.640359,,,
448504:ApriltagsCameraLog(1):,1,107.856535,102.373000,107.856535,102.373000,107.592863,14.393515,13.904777,1.528026,1.680021,16.923872,58758,1.741280
448526:ApriltagsCameraLog(1):,1,107.592863,99.649000,107.592863,99.649000,107.263670,14.201021,13.871435,1.603205,1.690553,21.381100,58761,1.864444
448544:ApriltagsCameraLog(1):,1,107.263670,102.355000,107.263670,102.355000,106.998095,14.153733,13.825932,1.589925,1.708002,17.782055,58762,1.865916
448564:ApriltagsCameraLog(1):,1,106.998095,100.669000,106.998095,100.669000,106.778912,14.077123,13.788758,1.631669,1.721591,20.323255,58763,1.930755
448584:ApriltagsCameraLog(1):,1,106.778912,101.009000,106.778912,101.009000,106.557322,14.035951,13.739934,1.623349,1.740779,19.712384,58764,1.937500
448604:ApriltagsCameraLog(1):,1,106.557322,99.414000,106.557322,99.414000,106.325814,13.897116,13.691517,1.676469,1.758014,22.856822,58766,2.041598
448623:ApriltagsCameraLog(1):,,,,,,106.090078,,13.636149,,1.780994,,,
448643:ApriltagsCameraLog(1):,1,106.557322,101.136000,106.557322,101.136000,105.950002,13.841316,13.563752,1.641331,1.809843,20.479069,58767,2.034964
448685:ApriltagsCameraLog(1):,1,105.950002,100.504000,105.950002,100.504000,105.636996,13.767422,13.411514,1.708752,1.874287,21.640979,58768,2.126341
448703:ApriltagsCameraLog(1):,,,,,,105.428522,,13.347707,,1.902497,,,
448723:ApriltagsCameraLog(1):,1,105.636996,99.890000,105.636996,99.890000,105.258234,13.645671,13.273409,1.728589,1.936241,23.017250,58770,2.202114
448744:ApriltagsCameraLog(1):,1,105.258234,100.479000,105.258234,100.479000,105.012081,13.524411,13.209535,1.766765,1.964542,22.720533,58772,2.296660
448764:ApriltagsCameraLog(1):,1,105.012081,98.961000,105.012081,98.961000,104.809390,13.439453,13.147994,1.821663,1.992899,25.848869,58773,2.388016
448784:ApriltagsCameraLog(1):,1,104.809390,99.752000,104.809390,99.752000,104.588113,13.357228,13.081988,1.882350,2.025490,25.398076,58774,2.483439
448804:ApriltagsCameraLog(1):,1,104.588113,100.068000,104.588113,100.068000,104.341280,13.327353,13.015705,1.857798,2.059660,24.444814,58775,2.479393
448805:ApriltagsCameraLog(1):,11,104.341280,109.058000,104.341280,109.058000,104.303008,12.870958,13.025804,1.810465,2.051856,19.996980,58770,2.073492
448824:ApriltagsCameraLog(1):,1,104.303008,99.761000,104.303008,99.761000,104.153844,13.253320,12.925020,1.891763,2.076860,25.290412,58776,2.548910
448826:ApriltagsCameraLog(1):,11,104.153844,108.986000,104.153844,108.986000,104.115777,12.795681,12.936354,1.831814,2.070673,19.446017,58771,2.013839
448843:ApriltagsCameraLog(1):,,,,,,103.952762,,12.835544,,2.096262,,,
448864:ApriltagsCameraLog(1):,11,104.115777,109.599000,104.115777,109.599000,103.730289,12.737097,12.760375,1.861329,2.135867,19.594047,58772,1.956877
448884:ApriltagsCameraLog(1):,,,,,,103.577293,,12.663836,,2.161979,,,
448904:ApriltagsCameraLog(1):,11,103.730289,108.620000,103.730289,108.620000,103.368553,12.599284,12.588392,1.919277,2.202357,17.410617,58774,1.836632
448923:ApriltagsCameraLog(1):,,,,,,103.201711,,12.493033,,2.226629,,,
448943:ApriltagsCameraLog(1):,11,103.368553,108.126000,103.368553,108.126000,103.001210,12.472775,12.417275,1.971101,2.267053,16.011510,58776,1.731223
448968:ApriltagsCameraLog(1):,11,103.001210,107.582000,103.001210,107.582000,102.847572,12.345645,12.301999,2.029355,2.300267,14.570410,58778,1.624110
448985:ApriltagsCameraLog(1):,11,102.847572,107.482000,102.847572,107.482000,102.696951,12.273787,12.228675,2.049294,2.310781,14.076461,58779,1.577341
449003:ApriltagsCameraLog(1):,11,102.696951,107.522000,102.696951,107.522000,102.535382,12.199022,12.139479,2.094958,2.330467,13.433162,58780,1.507641
449024:ApriltagsCameraLog(1):,11,102.535382,106.258000,102.535382,106.258000,102.288845,12.133568,12.054385,2.122229,2.350626,11.914409,58781,1.460289
449043:ApriltagsCameraLog(1):,11,102.288845,106.475000,102.288845,106.475000,101.913709,12.059367,11.968401,2.155979,2.371612,11.706715,58782,1.406526
449063:ApriltagsCameraLog(1):,,,,,,101.403788,,11.887183,,2.393674,,,
449104:ApriltagsCameraLog(1):,11,101.913709,106.550000,101.913709,106.550000,99.662455,11.982180,11.744549,2.177209,2.476728,11.620784,58783,1.367463
449124:ApriltagsCameraLog(1):,11,99.662455,104.620000,99.662455,104.620000,98.500397,11.794556,11.670656,2.256753,2.498789,10.666373,58785,1.266387
449143:ApriltagsCameraLog(1):,11,98.500397,104.638000,98.500397,104.638000,97.125991,11.714191,11.592783,2.290210,2.521964,11.056826,58786,1.231449
449163:ApriltagsCameraLog(1):,11,97.125991,102.934000,97.125991,102.934000,95.522357,11.581503,11.515831,2.367333,2.542637,9.922518,58788,1.159612
449184:ApriltagsCameraLog(1):,11,95.522357,101.446000,95.522357,101.446000,93.616551,11.507676,11.437043,2.409123,2.568572,9.627910,58789,1.130787
449204:ApriltagsCameraLog(1):,11,93.616551,101.713000,93.616551,101.713000,91.579264,11.425861,11.359141,2.430785,2.596800,10.919047,58790,1.129226
449223:ApriltagsCameraLog(1):,,,,,,89.340125,,11.284331,,2.627777,,,
449243:ApriltagsCameraLog(1):,,,,,,86.708899,,11.224390,,2.670985,,,
449263:ApriltagsCameraLog(1):,,,,,,83.822241,,11.167619,,2.718195,,,
449283:ApriltagsCameraLog(1):,,,,,,80.658179,,11.113909,,2.767539,,,
449303:ApriltagsCameraLog(1):,,,,,,77.326575,,11.063231,,2.819583,,,
449323:ApriltagsCameraLog(1):,,,,,,73.797217,,11.015401,,2.874673,,,
449344:ApriltagsCameraLog(1):,,,,,,70.097571,,10.967328,,2.924873,,,
449363:ApriltagsCameraLog(1):,,,,,,66.205664,,10.916271,,2.969533,,,
449384:ApriltagsCameraLog(1):,,,,,,62.206641,,10.867254,,3.017193,,,
449404:ApriltagsCameraLog(1):,,,,,,58.127966,,10.821130,,3.069175,,,
449424:ApriltagsCameraLog(1):,,,,,,53.986121,,10.771655,,3.119893,,,
449443:ApriltagsCameraLog(1):,,,,,,49.858008,,10.725874,,3.172997,,,
449465:ApriltagsCameraLog(1):,,,,,,45.850745,,10.675359,,3.227612,,,
449483:ApriltagsCameraLog(1):,,,,,,42.005530,,10.629378,,3.284573,,,
449504:ApriltagsCameraLog(1):,,,,,,38.426734,,10.585498,,3.346131,,,
449523:ApriltagsCameraLog(1):,,,,,,35.251685,,10.545483,,3.410274,,,
449543:ApriltagsCameraLog(1):,,,,,,32.669898,,10.503222,,3.467813,,,
449563:ApriltagsCameraLog(1):,,,,,,30.285864,,10.455967,,3.522098,,,
449583:ApriltagsCameraLog(1):,,,,,,27.855139,,10.410586,,3.578299,,,
449604:ApriltagsCameraLog(1):,,,,,,25.602942,,10.367937,,3.635871,,,
449624:ApriltagsCameraLog(1):,,,,,,23.592444,,10.314677,,3.688764,,,
449643:ApriltagsCameraLog(1):,,,,,,21.796179,,10.261486,,3.746379,,,
449663:ApriltagsCameraLog(1):,,,,,,20.233374,,10.200449,,3.797070,,,
449683:ApriltagsCameraLog(1):,,,,,,18.975440,,10.139074,,3.850622,,,
449703:ApriltagsCameraLog(1):,,,,,,17.953711,,10.078203,,3.906107,,,
449723:ApriltagsCameraLog(1):,,,,,,17.116004,,10.019172,,3.961359,,,
449744:ApriltagsCameraLog(1):,13,20.233374,19.307000,20.233374,19.307000,16.440344,9.988197,9.961284,3.466967,4.020535,8.168981,58816,1.309549
449763:ApriltagsCameraLog(1):,,,,,,15.902445,,9.874307,,4.013989,,,
449783:ApriltagsCameraLog(1):,13,16.440344,17.308000,16.440344,17.308000,15.405313,9.853749,9.817110,3.593355,4.074664,8.580530,58818,1.361934
449803:ApriltagsCameraLog(1):,,,,,,15.056075,,9.737131,,4.083286,,,
449824:ApriltagsCameraLog(1):,13,15.405313,15.729000,15.405313,15.729000,14.756697,9.730508,9.681753,3.678862,4.143592,8.716554,58820,1.430407
449843:ApriltagsCameraLog(1):,,,,,,14.438976,,9.603262,,4.159105,,,
449863:ApriltagsCameraLog(1):,13,14.756697,16.141000,14.756697,16.141000,14.208263,9.625565,9.546388,3.777049,4.226204,10.128814,58822,1.487147
449883:ApriltagsCameraLog(1):,,,,,,14.031606,,9.477266,,4.252114,,,
449904:ApriltagsCameraLog(1):,13,14.208263,14.378000,14.208263,14.378000,13.875051,9.551992,9.422181,3.884522,4.317954,9.331611,58824,1.521983
449925:ApriltagsCameraLog(1):,,,,,,13.895301,,9.360967,,4.345899,,,
449944:ApriltagsCameraLog(1):,13,13.875051,13.598000,13.875051,13.598000,13.779945,9.413031,9.308587,3.996262,4.408481,10.306052,58826,1.628527
449964:ApriltagsCameraLog(1):,13,13.779945,12.493000,13.779945,12.493000,13.543757,9.316695,9.247979,4.124749,4.438649,11.975220,58828,1.701225
449984:ApriltagsCameraLog(1):,13,13.543757,14.387000,13.543757,14.387000,13.084253,9.298856,9.189624,4.196205,4.479418,11.597937,58829,1.712001
450004:ApriltagsCameraLog(1):,13,13.084253,13.171000,13.084253,13.171000,12.391739,9.232743,9.140187,4.263861,4.520405,11.298984,58830,1.775226
450024:ApriltagsCameraLog(1):,13,12.391739,13.683000,12.391739,13.683000,11.519502,9.208775,9.090428,4.347165,4.567610,12.871251,58831,1.799913
450043:ApriltagsCameraLog(1):,,,,,,10.151616,,9.045380,,4.622732,,,
450064:ApriltagsCameraLog(1):,13,11.519502,13.273000,11.519502,13.273000,9.184819,9.154246,8.998227,4.422873,4.689513,13.956703,58832,1.859314
450083:ApriltagsCameraLog(1):,,,,,,7.769791,,8.952935,,4.750383,,,
450104:ApriltagsCameraLog(1):,13,9.184819,11.003000,9.184819,11.003000,5.902116,9.079896,8.908116,4.579859,4.820903,14.934503,58834,1.954611
450124:ApriltagsCameraLog(1):,7,5.902116,30.622000,5.902116,5.902116,4.810983,8.598309,8.868184,3.296634,4.889638,245.851584,58840,9.226253
450144:ApriltagsCameraLog(1):,13,4.810983,10.913000,4.810983,10.913000,3.154502,9.080345,8.819188,4.756012,4.948596,20.913564,58835,1.998521
450167:ApriltagsCameraLog(1):,,,,,,2.054268,,8.776626,,5.024055,,,
450184:ApriltagsCameraLog(1):,13,3.154502,8.414000,3.154502,8.414000,1.180855,8.991718,8.728402,4.844696,5.093656,21.182019,58837,2.110150
450203:ApriltagsCameraLog(1):,,,,,,0.517472,,8.687573,,5.165769,,,
450224:ApriltagsCameraLog(1):,13,1.180855,5.806000,1.180855,5.806000,0.039567,8.909052,8.633037,4.931452,5.231939,21.572866,58839,2.218816
450244:ApriltagsCameraLog(1):,14,0.039567,5.427000,0.039567,5.427000,-0.258496,8.670791,8.586833,4.477664,5.295023,39.638138,58847,3.595009
450245:ApriltagsCameraLog(1):,13,0.039567,3.711000,0.039567,3.711000,-0.235703,8.811658,8.583328,4.992482,5.264576,21.416727,58841,2.333164
450264:ApriltagsCameraLog(1):,14,-0.235703,5.558000,-0.235703,5.558000,-0.435726,8.543714,8.534111,4.634817,5.348806,39.202868,58849,3.477729
450266:ApriltagsCameraLog(1):,13,-0.235703,2.927000,-0.235703,2.927000,-0.407273,8.694228,8.528869,5.052805,5.319909,21.991418,58843,2.463422
450283:ApriltagsCameraLog(1):,13,-0.407273,1.468000,-0.407273,1.468000,-0.550653,8.651611,8.478114,5.096248,5.400545,20.349068,58844,2.516958
450304:ApriltagsCameraLog(1):,14,-0.550653,6.022000,-0.550653,6.022000,-0.589917,8.446373,8.422995,4.762842,5.449866,40.023890,58851,3.393820
450306:ApriltagsCameraLog(1):,13,-0.550653,0.868000,-0.550653,0.868000,-0.557558,8.601226,8.418761,5.151443,5.422056,20.156764,58845,2.581561
450324:ApriltagsCameraLog(1):,13,-0.557558,0.514000,-0.557558,0.514000,-0.563875,8.545870,8.369612,5.192941,5.498442,20.121400,58846,2.646744
450345:ApriltagsCameraLog(1):,14,-0.563875,2.226000,-0.563875,2.226000,-0.518104,8.406611,8.313525,4.836177,5.546290,30.591415,58852,3.364808
450347:ApriltagsCameraLog(1):,13,-0.518104,0.908000,-0.518104,0.908000,-0.500146,8.497369,8.309324,5.247413,5.513517,21.338978,58847,2.709455
450384:ApriltagsCameraLog(1):,14,-0.500146,0.043000,-0.500146,0.043000,-0.379592,8.347844,8.188812,4.893457,5.624369,24.809705,58853,3.316449
450404:ApriltagsCameraLog(1):,13,-0.379592,0.362000,-0.379592,0.362000,-0.328327,8.444170,8.121492,5.294503,5.648351,20.617977,58848,2.774316
450424:ApriltagsCameraLog(1):,14,-0.328327,0.030000,-0.328327,0.030000,-0.237819,8.236860,8.068623,5.009835,5.693993,23.665183,58855,3.230816
450444:ApriltagsCameraLog(1):,13,-0.237819,0.242000,-0.237819,0.242000,-0.137904,8.327390,8.003740,5.397323,5.715408,21.321032,58850,2.918106
450464:ApriltagsCameraLog(1):,,,,,,-0.025003,,7.948783,,5.766044,,,
450484:ApriltagsCameraLog(1):,13,-0.137904,1.204000,-0.137904,1.204000,0.079368,8.223823,7.884629,5.509361,5.826243,24.309785,58852,3.054200
450504:ApriltagsCameraLog(1):,14,0.079368,-0.633000,0.079368,-0.633000,0.179382,8.006537,7.828368,5.241072,5.878995,23.092163,58859,3.069568
450524:ApriltagsCameraLog(1):,13,0.179382,0.719000,0.179382,0.719000,0.306765,8.050484,7.762634,5.654789,5.904257,24.394715,58855,3.268216
450543:ApriltagsCameraLog(1):,14,0.306765,1.241000,0.306765,1.241000,0.430947,7.904972,7.704240,5.347724,5.960955,23.039102,58861,3.008826
450564:ApriltagsCameraLog(1):,14,0.430947,1.339000,0.430947,1.339000,0.583991,7.789790,7.639918,5.448998,5.990057,22.374924,58863,2.939037
450583:ApriltagsCameraLog(1):,,,,,,0.763587,,7.575487,,6.020232,,,
450603:ApriltagsCameraLog(1):,,,,,,0.898169,,7.511217,,6.081634,,,
450623:ApriltagsCameraLog(1):,,,,,,1.043738,,7.446955,,6.143488,,,
450644:ApriltagsCameraLog(1):,,,,,,1.222266,,7.382297,,6.205367,,,
450663:ApriltagsCameraLog(1):,,,,,,1.381568,,7.317358,,6.266947,,,
450683:ApriltagsCameraLog(1):,,,,,,1.562842,,7.252897,,6.327714,,,
450703:ApriltagsCameraLog(1):,,,,,,1.735877,,7.187587,,6.388901,,,
450723:ApriltagsCameraLog(1):,,,,,,1.900672,,7.122320,,6.449692,,,
450744:ApriltagsCameraLog(1):,7,1.381568,-0.396000,1.381568,1.381568,2.035254,7.066153,7.054871,5.743975,6.508840,65.724665,58871,7.350620
450763:ApriltagsCameraLog(1):,,,,,,2.153043,,6.978808,,6.549812,,,
450783:ApriltagsCameraLog(1):,7,2.035254,-5.270000,2.035254,2.035254,2.298612,6.950874,6.909784,5.917593,6.606109,95.034553,58873,7.239574
450823:ApriltagsCameraLog(1):,7,2.298612,1.619000,2.298612,2.298612,2.537947,6.804633,6.764502,6.002381,6.706088,57.429254,58875,7.096833
450843:ApriltagsCameraLog(1):,,,,,,2.656656,,6.686735,,6.742406,,,
450863:ApriltagsCameraLog(1):,,,,,,2.766519,,6.612647,,6.792579,,,
450883:ApriltagsCameraLog(1):,7,2.537947,-1.958000,2.537947,2.537947,2.870889,6.634650,6.538496,6.150637,6.842657,76.072792,58878,6.934833
450903:ApriltagsCameraLog(1):,7,2.870889,-0.201000,2.870889,2.870889,2.980596,6.509762,6.461005,6.274875,6.878940,67.397380,58880,6.819877
450924:ApriltagsCameraLog(1):,7,2.980596,-0.439000,2.980596,2.980596,3.110076,6.474062,6.383592,6.311060,6.915299,68.843721,58881,6.787611
450944:ApriltagsCameraLog(1):,7,3.110076,-6.107000,3.110076,3.110076,3.242395,6.354688,6.303734,6.337189,6.948497,96.798935,58882,6.671414
450964:ApriltagsCameraLog(1):,,,,,,3.377356,,6.221856,,6.981553,,,
450984:ApriltagsCameraLog(1):,7,3.242395,-6.886000,3.242395,3.242395,3.522925,6.286002,6.143212,6.409222,7.023981,100.405934,58883,6.610341
451003:ApriltagsCameraLog(1):,,,,,,3.663403,,6.061564,,7.057463,,,
451044:ApriltagsCameraLog(1):,7,3.522925,-0.829000,3.522925,3.522925,3.918836,6.327730,5.899235,6.519352,7.133491,72.217054,58885,6.664840
451064:ApriltagsCameraLog(1):,7,3.918836,-8.509000,3.918836,3.918836,4.012580,6.049304,5.819064,6.587995,7.154767,108.077724,58887,6.398638
451083:ApriltagsCameraLog(1):,,,,,,4.092680,,5.735505,,7.180253,,,
451104:ApriltagsCameraLog(1):,,,,,,4.186064,,5.653561,,7.212900,,,
451124:ApriltagsCameraLog(1):,,,,,,4.276701,,5.569324,,7.246322,,,
451143:ApriltagsCameraLog(1):,,,,,,4.359098,,5.484087,,7.276208,,,
451163:ApriltagsCameraLog(1):,,,,,,4.405790,,5.400128,,7.302480,,,
451184:ApriltagsCameraLog(1):,7,4.186064,2.808000,4.186064,4.186064,4.534879,5.627576,5.313239,6.743769,7.329517,51.255227,58893,6.005926
451186:ApriltagsCameraLog(1):,8,4.186064,4.765000,4.186064,4.186064,4.534703,5.603962,5.313840,6.744826,7.311608,48.476895,58893,6.102997
451226:ApriltagsCameraLog(1):,7,4.534703,2.702000,4.534703,4.534703,4.660861,5.450389,5.144336,6.831002,7.343927,51.811674,58895,5.848356
451244:ApriltagsCameraLog(1):,7,4.660861,2.128000,4.660861,4.660861,4.721868,5.313225,5.057952,6.865262,7.353946,53.598684,58897,5.720815
451264:ApriltagsCameraLog(1):,7,4.721868,2.405000,4.721868,4.721868,4.793606,5.199228,4.973264,6.938119,7.362383,51.725063,58899,5.624413
451285:ApriltagsCameraLog(1):,,,,,,4.887111,,4.890884,,7.371515,,,
451303:ApriltagsCameraLog(1):,,,,,,4.947536,,4.803296,,7.395170,,,
451343:ApriltagsCameraLog(1):,,,,,,5.117824,,4.630646,,7.440116,,,
451365:ApriltagsCameraLog(1):,7,4.887111,4.773000,4.887111,4.887111,5.208461,4.958039,4.543457,6.983925,7.460261,40.659399,58902,5.400083
451383:ApriltagsCameraLog(1):,,,,,,5.307198,,4.460926,,7.462071,,,
451404:ApriltagsCameraLog(1):,7,5.208461,4.787000,5.208461,5.208461,5.400582,4.799274,4.373963,7.041552,7.481849,40.736144,58904,5.261088
451423:ApriltagsCameraLog(1):,,,,,,5.489109,,4.291800,,7.481976,,,
451444:ApriltagsCameraLog(1):,7,5.400582,2.278000,5.400582,5.400582,5.585240,4.647610,4.203057,7.097480,7.498704,49.914928,58906,5.129679
451464:ApriltagsCameraLog(1):,7,5.585240,4.064000,5.585240,4.064000,5.668117,4.453546,4.121036,7.114503,7.497890,42.152657,58908,4.948364
451483:ApriltagsCameraLog(1):,7,5.668117,5.093000,5.668117,5.093000,5.721925,4.375969,4.038294,7.133944,7.495252,38.111092,58909,4.879807
451503:ApriltagsCameraLog(1):,7,5.721925,6.622000,5.721925,6.622000,5.788328,4.341110,3.956148,7.165378,7.491128,39.073052,58910,4.855824
451524:ApriltagsCameraLog(1):,,,,,,5.925277,,3.877157,,7.489471,,,
451544:ApriltagsCameraLog(1):,7,5.788328,4.689000,5.788328,4.689000,6.106551,4.218447,3.790232,7.153102,7.497279,38.717519,58911,4.735345
451563:ApriltagsCameraLog(1):,,,,,,6.227695,,3.710037,,7.485541,,,
451584:ApriltagsCameraLog(1):,7,6.106551,4.317000,6.106551,4.317000,6.911594,4.044856,3.624601,7.187207,7.487850,39.680378,58913,4.582155
451603:ApriltagsCameraLog(1):,,,,,,7.549253,,3.544732,,7.476140,,,
451624:ApriltagsCameraLog(1):,7,6.911594,5.205000,6.911594,5.205000,8.315550,3.874253,3.460945,7.234248,7.471861,38.070514,58915,4.440072
451644:ApriltagsCameraLog(1):,7,8.315550,4.895000,8.315550,4.895000,9.411757,3.731712,3.385657,7.276471,7.455738,42.436861,58917,4.327601
451664:ApriltagsCameraLog(1):,7,9.411757,5.703000,9.411757,5.703000,10.847537,3.612312,3.310747,7.305759,7.441676,42.302589,58918,4.232260
451684:ApriltagsCameraLog(1):,7,10.847537,6.995000,10.847537,6.995000,12.462501,3.523441,3.236146,7.354683,7.428287,42.117549,58919,4.175527
451703:ApriltagsCameraLog(1):,,,,,,14.304985,,3.163154,,7.414424,,,
451724:ApriltagsCameraLog(1):,,,,,,16.573662,,3.085265,,7.401521,,,
451745:ApriltagsCameraLog(1):,7,12.462501,12.417000,12.462501,12.417000,19.169182,3.364736,3.008727,7.194113,7.389571,28.926767,58922,3.974468
451763:ApriltagsCameraLog(1):,,,,,,21.827092,,2.945477,,7.357701,,,
451784:ApriltagsCameraLog(1):,7,19.169182,15.908000,19.169182,15.908000,24.587407,3.132376,2.870880,7.450709,7.336241,37.384585,58923,3.898874
451803:ApriltagsCameraLog(1):,,,,,,27.391736,,2.798558,,7.313815,,,
451824:ApriltagsCameraLog(1):,,,,,,30.055920,,2.729571,,7.286148,,,
451843:ApriltagsCameraLog(1):,,,,,,32.489392,,2.662590,,7.256058,,,
451864:ApriltagsCameraLog(1):,7,27.391736,27.843000,27.391736,27.843000,34.741589,2.923315,2.598708,7.158900,7.228977,27.087826,58928,3.614779
451883:ApriltagsCameraLog(1):,,,,,,37.060981,,2.552707,,7.193587,,,
451903:ApriltagsCameraLog(1):,,,,,,39.340644,,2.499848,,7.165791,,,
451923:ApriltagsCameraLog(1):,,,,,,41.554389,,2.454259,,7.138272,,,
451943:ApriltagsCameraLog(1):,7,37.060981,39.333000,37.060981,39.333000,43.564887,2.710064,2.415170,7.071894,7.116058,29.852956,58932,3.415754
451963:ApriltagsCameraLog(1):,,,,,,45.295758,,2.391464,,7.094039,,,
451984:ApriltagsCameraLog(1):,7,43.564887,40.816000,43.564887,40.816000,46.877789,2.516061,2.363886,7.226143,7.080275,30.196218,58933,3.335672
451986:ApriltagsCameraLog(1):,8,43.564887,40.351000,43.564887,40.351000,46.879134,2.452304,2.365759,7.199778,7.085231,33.968221,58933,3.588307
452004:ApriltagsCameraLog(1):,,,,,,48.371741,,2.340945,,7.084208,,,
452024:ApriltagsCameraLog(1):,7,46.879134,43.338000,46.879134,43.338000,49.747778,2.412208,2.325635,7.175039,7.081595,30.913660,58935,3.228681
452026:ApriltagsCameraLog(1):,8,46.879134,43.820000,46.879134,43.820000,49.739630,2.351693,2.326615,7.139821,7.083954,32.469344,58935,3.482915
452044:ApriltagsCameraLog(1):,7,49.739630,46.258000,49.739630,46.258000,50.929633,2.306855,2.305889,7.136751,7.082449,29.663376,58937,3.125351
452046:ApriltagsCameraLog(1):,8,49.739630,46.673000,49.739630,46.673000,50.918899,2.262037,2.303537,7.112153,7.083846,31.669644,58937,3.404630
452064:ApriltagsCameraLog(1):,7,50.918899,48.439000,50.918899,48.439000,51.916762,2.258409,2.285671,7.053085,7.082128,26.638028,58939,3.043093
452085:ApriltagsCameraLog(1):,7,51.916762,48.707000,51.916762,48.707000,52.562858,2.195112,2.265699,7.037737,7.075850,27.560366,58940,2.982955
452086:ApriltagsCameraLog(1):,9,51.916762,59.185000,51.916762,51.916762,52.542362,2.158476,2.259771,6.909447,7.072838,83.824326,58940,6.442811
452105:ApriltagsCameraLog(1):,7,52.542362,49.702000,52.542362,49.702000,52.776739,2.161589,2.241598,7.027153,7.065002,26.451746,58941,2.950058
452107:ApriltagsCameraLog(1):,9,52.542362,59.775000,52.542362,52.542362,52.758138,2.135600,2.234568,6.863806,7.061869,82.995586,58941,6.395232
452144:ApriltagsCameraLog(1):,7,52.758138,49.912000,52.758138,49.912000,52.182270,2.132460,2.204536,7.008655,7.048216,26.113383,58942,2.915976
452152:ApriltagsCameraLog(1):,9,52.758138,59.773000,52.758138,52.758138,52.161607,2.145986,2.197220,6.855011,7.044575,81.894327,58942,6.391382
452184:ApriltagsCameraLog(1):,7,52.161607,49.941000,52.161607,49.941000,50.338237,2.113916,2.168727,6.979941,7.029987,24.529632,58943,2.884044
452185:ApriltagsCameraLog(1):,8,52.161607,51.230000,52.161607,51.230000,50.316180,2.097536,2.161435,6.948544,7.024954,24.533951,58943,3.180392
452187:ApriltagsCameraLog(1):,9,52.161607,59.753000,52.161607,52.161607,50.304728,2.184883,2.153454,6.847622,7.018074,84.712495,58943,6.394456
452204:ApriltagsCameraLog(1):,7,50.304728,49.755000,50.304728,49.755000,48.820459,2.091820,2.139871,6.935670,7.008268,20.792837,58945,2.838670
452223:ApriltagsCameraLog(1):,,,,,,46.977224,,2.117849,,6.998498,,,
452244:ApriltagsCameraLog(1):,7,48.820459,48.150000,48.820459,48.150000,44.999685,2.036008,2.103148,6.949556,6.996761,20.654673,58947,2.794609
452245:ApriltagsCameraLog(1):,9,48.820459,59.338000,48.820459,48.820459,44.987753,2.109539,2.094532,6.710067,6.992146,95.991972,58947,6.223165
452264:ApriltagsCameraLog(1):,7,44.987753,48.386000,44.987753,48.386000,43.129895,2.089153,2.080481,6.861670,6.986027,25.865203,58948,2.788115
452284:ApriltagsCameraLog(1):,7,43.129895,45.645000,43.129895,45.645000,41.611496,2.062672,2.065764,6.857128,6.976843,23.860071,58949,2.758127
452285:ApriltagsCameraLog(1):,8,43.129895,45.117000,43.129895,45.117000,41.607856,2.069367,2.062989,6.827268,6.967823,25.708722,58949,3.055873
452304:ApriltagsCameraLog(1):,7,41.607856,42.139000,41.607856,42.139000,40.380945,1.998045,2.055243,6.927261,6.951605,19.859800,58951,2.732270
452324:ApriltagsCameraLog(1):,7,40.380945,41.802000,40.380945,41.802000,39.268721,1.996716,2.041291,6.930850,6.942753,21.511922,58952,2.729415
452326:ApriltagsCameraLog(1):,8,40.380945,40.223000,40.380945,40.223000,39.276514,1.984755,2.036774,6.909040,6.941068,21.581437,58952,3.030734
452343:ApriltagsCameraLog(1):,,,,,,38.061216,,2.022512,,6.930686,,,
452363:ApriltagsCameraLog(1):,7,39.276514,38.457000,39.276514,38.457000,36.742856,1.965099,2.015117,6.926056,6.916221,20.093422,58953,2.696433
452365:ApriltagsCameraLog(1):,8,39.276514,39.698000,39.276514,39.698000,36.729118,1.956465,2.009001,6.905092,6.914867,21.904340,58953,3.002305
452383:ApriltagsCameraLog(1):,,,,,,35.351821,,1.996949,,6.894998,,,
452404:ApriltagsCameraLog(1):,7,36.729118,38.194000,36.729118,38.194000,34.003250,1.993478,1.990578,6.872821,6.877756,21.204799,58954,2.686930
452423:ApriltagsCameraLog(1):,,,,,,32.705909,,1.980921,,6.852403,,,
452444:ApriltagsCameraLog(1):,7,34.003250,36.359000,34.003250,36.359000,31.483680,1.988264,1.969777,6.849724,6.826043,22.612103,58956,2.662609
452446:ApriltagsCameraLog(1):,8,34.003250,35.741000,34.003250,35.741000,31.489368,1.974782,1.969106,6.817791,6.822515,24.103969,58956,2.941928
452463:ApriltagsCameraLog(1):,7,31.489368,32.451000,31.489368,32.451000,30.401928,1.978540,1.947302,6.850913,6.787896,19.916309,58958,2.646139
452465:ApriltagsCameraLog(1):,8,31.489368,32.389000,31.489368,32.389000,30.395476,1.985182,1.947300,6.843859,6.788059,22.504511,58958,2.955880
452483:ApriltagsCameraLog(1):,7,30.395476,32.119000,30.395476,32.119000,29.400501,1.966771,1.928352,6.843901,6.753857,21.136375,58959,2.628629
452485:ApriltagsCameraLog(1):,8,30.395476,31.228000,30.395476,31.228000,29.400519,1.971447,1.927772,6.838051,6.754962,22.201348,58959,2.936885
452504:ApriltagsCameraLog(1):,7,29.400519,28.994000,29.400519,28.994000,28.697695,1.944928,1.909155,6.871538,6.723636,18.681339,58961,2.618947
452523:ApriltagsCameraLog(1):,,,,,,28.289982,,1.892072,,6.701791,,,
452543:ApriltagsCameraLog(1):,7,28.697695,26.814000,28.697695,26.814000,28.040043,1.898583,1.875690,6.844789,6.668814,20.799924,58962,2.562864
452546:ApriltagsCameraLog(1):,8,28.697695,28.371000,28.697695,28.371000,28.019042,1.876861,1.873822,6.832408,6.676936,20.460819,58962,2.851690
452564:ApriltagsCameraLog(1):,7,28.019042,26.381000,28.019042,26.381000,27.864656,1.884226,1.857057,6.823281,6.650621,20.133617,58963,2.537479
452565:ApriltagsCameraLog(1):,8,28.019042,27.797000,28.019042,27.797000,27.844084,1.864569,1.855857,6.808732,6.658446,20.029938,58963,2.824356
452583:ApriltagsCameraLog(1):,,,,,,27.675560,,1.839975,,6.633620,,,
452603:ApriltagsCameraLog(1):,7,27.844084,26.327000,27.844084,26.327000,27.414635,1.869085,1.827266,6.804482,6.604266,19.713656,58964,2.514610
452605:ApriltagsCameraLog(1):,8,27.844084,27.563000,27.844084,27.563000,27.397095,1.845431,1.826420,6.789863,6.612972,19.919574,58964,2.796872
452624:ApriltagsCameraLog(1):,,,,,,27.081832,,1.807469,,6.593765,,,
452644:ApriltagsCameraLog(1):,7,27.397095,25.986000,27.397095,25.986000,26.702804,1.839654,1.792784,6.749235,6.571646,19.045389,58966,2.461280
452646:ApriltagsCameraLog(1):,8,27.397095,27.298000,27.397095,27.298000,26.684859,1.816872,1.792449,6.735870,6.579758,19.100719,58966,2.739162
452664:ApriltagsCameraLog(1):,7,26.684859,25.161000,26.684859,25.161000,26.260519,1.814769,1.777257,6.685960,6.568951,18.743148,58968,2.408081
452665:ApriltagsCameraLog(1):,8,26.684859,26.633000,26.684859,26.633000,26.239161,1.795437,1.778392,6.673965,6.574603,18.547380,58968,2.681462
452688:ApriltagsCameraLog(1):,,,,,,25.956107,,1.763938,,6.561767,,,
452704:ApriltagsCameraLog(1):,7,26.239161,24.729000,26.239161,24.729000,25.552359,1.803029,1.762306,6.655726,6.559219,18.487598,58969,2.382748
452706:ApriltagsCameraLog(1):,8,26.239161,26.273000,26.239161,26.273000,25.529829,1.786878,1.762790,6.646143,6.563806,18.309862,58969,2.656014
452724:ApriltagsCameraLog(1):,7,25.529829,24.425000,25.529829,24.425000,25.276816,1.766077,1.760742,6.603086,6.564805,17.318300,58971,2.324411
452725:ApriltagsCameraLog(1):,8,25.529829,25.704000,25.529829,25.704000,25.257632,1.751126,1.760156,6.593763,6.566994,18.053781,58971,2.593090
452744:ApriltagsCameraLog(1):,7,25.257632,23.903000,25.257632,23.903000,24.965054,1.752692,1.756670,6.585833,6.565804,17.523320,58972,2.304094
452745:ApriltagsCameraLog(1):,8,25.257632,25.259000,25.257632,25.259000,24.943893,1.739298,1.755891,6.578872,6.567137,17.590997,58972,2.573574
452784:ApriltagsCameraLog(1):,7,24.943893,23.479000,24.943893,23.479000,24.042909,1.736711,1.748929,6.574351,6.567077,17.506087,58973,2.283662
452785:ApriltagsCameraLog(1):,8,24.943893,24.994000,24.943893,24.994000,24.021551,1.720536,1.747030,6.561938,6.567357,17.463559,58973,2.547061
452824:ApriltagsCameraLog(1):,7,24.021551,23.176000,24.021551,23.176000,23.896688,1.718708,1.742396,6.541487,6.566487,16.272930,58975,2.250531
452825:ApriltagsCameraLog(1):,8,24.021551,24.384000,24.021551,24.384000,23.878566,1.707045,1.739492,6.532869,6.563251,17.741194,58975,2.515082
452848:ApriltagsCameraLog(1):,,,,,,24.172226,,1.736225,,6.560171,,,
452864:ApriltagsCameraLog(1):,7,23.878566,22.111000,23.878566,22.111000,24.356247,1.699554,1.736949,6.560858,6.560755,17.560050,58977,2.240302
452865:ApriltagsCameraLog(1):,8,23.878566,23.466000,23.878566,23.466000,24.336650,1.678961,1.733371,6.550477,6.560777,17.717103,58977,2.501890
452883:ApriltagsCameraLog(1):,,,,,,24.544055,,1.728950,,6.560128,,,
452904:ApriltagsCameraLog(1):,7,24.336650,22.167000,24.336650,22.167000,24.637438,1.688038,1.729402,6.575986,6.560561,18.135454,58979,2.237775
452905:ApriltagsCameraLog(1):,8,24.336650,23.480000,24.336650,23.480000,24.616633,1.665325,1.725654,6.566469,6.562080,18.477363,58979,2.502425
452923:ApriltagsCameraLog(1):,,,,,,24.714861,,1.720837,,6.562396,,,
452944:ApriltagsCameraLog(1):,7,24.616633,22.502000,24.616633,22.502000,24.821978,1.695211,1.720837,6.576037,6.562396,18.126968,58981,2.245359
452946:ApriltagsCameraLog(1):,8,24.616633,23.925000,24.616633,23.925000,24.800866,1.670841,1.718518,6.564093,6.563682,18.233166,58981,2.506710
452963:ApriltagsCameraLog(1):,,,,,,24.844984,,1.714154,,6.563733,,,
453004:ApriltagsCameraLog(1):,7,24.800866,22.749000,24.800866,22.749000,24.880689,1.700769,1.713946,6.574513,6.563508,18.082251,58983,2.250462
453006:ApriltagsCameraLog(1):,8,24.800866,24.217000,24.800866,24.217000,24.859853,1.674620,1.712679,6.562488,6.564504,18.074082,58983,2.509627
453044:ApriltagsCameraLog(1):,7,24.859853,23.053000,24.859853,23.053000,24.970659,1.706287,1.708666,6.568152,6.564094,17.739282,58986,2.253070
453047:ApriltagsCameraLog(1):,8,24.859853,24.455000,24.859853,24.455000,24.950933,1.684178,1.708368,6.558236,6.564458,17.813793,58986,2.515082
453083:ApriltagsCameraLog(1):,7,24.950933,23.149000,24.950933,23.149000,25.056937,1.704663,1.705976,6.570923,6.563833,17.731889,58988,2.253070
453086:ApriltagsCameraLog(1):,8,24.950933,24.497000,24.950933,24.497000,25.037801,1.679369,1.705784,6.559900,6.564525,17.876991,58988,2.512591
453103:ApriltagsCameraLog(1):,,,,,,25.077891,,1.703114,,6.563789,,,
453124:ApriltagsCameraLog(1):,7,25.037801,23.223000,25.037801,23.223000,25.121836,1.701884,1.703114,6.570188,6.563789,17.727447,58990,2.250555
453125:ApriltagsCameraLog(1):,8,25.037801,24.565000,25.037801,24.565000,25.102215,1.681427,1.702985,6.558974,6.564405,17.921828,58990,2.514092
453145:ApriltagsCameraLog(1):,7,25.102215,23.328000,25.102215,23.328000,25.150017,1.705189,1.701026,6.568621,6.564164,17.691013,58993,2.253152
453147:ApriltagsCameraLog(1):,8,25.102215,24.732000,25.102215,24.732000,25.130454,1.684109,1.701432,6.557384,6.564628,17.758821,58993,2.515604
453163:ApriltagsCameraLog(1):,,,,,,25.187242,,1.699773,,6.563952,,,
453185:ApriltagsCameraLog(1):,7,25.130454,23.454000,25.130454,23.454000,25.266893,1.705764,1.699665,6.567180,6.563669,17.544432,58994,2.253185
453191:ApriltagsCameraLog(1):,8,25.130454,24.779000,25.130454,24.779000,25.248224,1.686711,1.700247,6.557012,6.564001,17.743315,58994,2.517611
453203:ApriltagsCameraLog(1):,7,25.248224,23.485000,25.248224,23.485000,25.338123,1.704748,1.698929,6.568465,6.563306,17.675146,58995,2.253221
453205:ApriltagsCameraLog(1):,8,25.248224,24.818000,25.248224,24.818000,25.319679,1.682257,1.699474,6.557173,6.563786,17.853495,58995,2.514635
453224:ApriltagsCameraLog(1):,7,25.319679,23.476000,25.319679,23.476000,25.407026,1.703474,1.697627,6.570638,6.563506,17.796035,58996,2.253221
453226:ApriltagsCameraLog(1):,8,25.319679,24.870000,25.319679,24.870000,25.388098,1.682588,1.698154,6.560403,6.564222,17.907644,58996,2.517128
453244:ApriltagsCameraLog(1):,7,25.388098,23.556000,25.388098,23.556000,25.475529,1.701046,1.696820,6.569333,6.563492,17.754959,58997,2.250720
453245:ApriltagsCameraLog(1):,8,25.388098,24.953000,25.388098,24.953000,25.456604,1.681792,1.697218,6.560162,6.564061,17.878643,58997,2.516648
453263:ApriltagsCameraLog(1):,,,,,,25.549604,,1.695555,,6.564069,,,
453284:ApriltagsCameraLog(1):,7,25.456604,23.636000,25.456604,23.636000,25.656721,1.704300,1.695549,6.567917,6.564070,17.762541,58998,2.253345
453285:ApriltagsCameraLog(1):,8,25.456604,25.116000,25.456604,25.116000,25.637878,1.682088,1.696378,6.557631,6.564467,17.708855,58998,2.515694
453303:ApriltagsCameraLog(1):,,,,,,25.751074,,1.695171,,6.563436,,,
453324:ApriltagsCameraLog(1):,7,25.637878,23.984000,25.637878,23.984000,25.869177,1.703262,1.694877,6.568845,6.563537,17.512913,59000,2.253443
453325:ApriltagsCameraLog(1):,8,25.637878,25.199000,25.637878,25.199000,25.852116,1.681585,1.695670,6.559584,6.564050,17.890118,59000,2.517246
453343:ApriltagsCameraLog(1):,,,,,,25.964390,,1.694403,,6.563891,,,
453384:ApriltagsCameraLog(1):,7,25.852116,24.010000,25.852116,24.010000,26.206089,1.705041,1.694106,6.569599,6.563988,17.821432,59002,2.256149
453387:ApriltagsCameraLog(1):,8,25.852116,25.490000,25.852116,25.490000,26.187374,1.682393,1.695105,6.557968,6.564577,17.763886,59002,2.517888
453424:ApriltagsCameraLog(1):,7,26.187374,24.500000,26.187374,24.500000,26.432478,1.703517,1.694120,6.570664,6.563873,17.591017,59005,2.256412
453426:ApriltagsCameraLog(1):,8,26.187374,25.764000,26.187374,25.764000,26.415536,1.685588,1.695023,6.559974,6.564544,17.912592,59005,2.523128
453444:ApriltagsCameraLog(1):,7,26.415536,24.715000,26.415536,24.715000,26.536636,1.702820,1.694115,6.570767,6.564104,17.612955,59007,2.256640
453446:ApriltagsCameraLog(1):,8,26.415536,26.099000,26.415536,26.099000,26.519097,1.683814,1.694953,6.557727,6.564761,17.714467,59007,2.521368
453463:ApriltagsCameraLog(1):,,,,,,26.638154,,1.693875,,6.564079,,,
453484:ApriltagsCameraLog(1):,7,26.519097,24.970000,26.519097,24.970000,26.761751,1.705504,1.693584,6.564821,6.564175,17.388162,59009,2.256983
453486:ApriltagsCameraLog(1):,8,26.519097,26.271000,26.519097,26.271000,26.744969,1.686639,1.694723,6.555152,6.564263,17.606870,59009,2.522578
453504:ApriltagsCameraLog(1):,7,26.744969,24.976000,26.744969,24.976000,26.880524,1.702625,1.694006,6.569418,6.563672,17.720073,59010,2.257076
453505:ApriltagsCameraLog(1):,8,26.744969,26.320000,26.744969,26.320000,26.862855,1.684981,1.694811,6.558546,6.564274,17.924555,59010,2.524233
453524:ApriltagsCameraLog(1):,7,26.862855,25.181000,26.862855,25.181000,26.994993,1.702815,1.693849,6.568466,6.563761,17.590725,59011,2.257270
453526:ApriltagsCameraLog(1):,8,26.862855,26.525000,26.862855,26.525000,26.978253,1.684031,1.694711,6.557556,6.564261,17.767837,59011,2.523395
453544:ApriltagsCameraLog(1):,7,26.978253,25.251000,26.978253,25.251000,27.103167,1.705324,1.693678,6.568595,6.563645,17.684826,59012,2.260014
453546:ApriltagsCameraLog(1):,8,26.978253,26.649000,26.978253,26.649000,27.085987,1.683160,1.694800,6.556494,6.564149,17.746206,59012,2.522566
453584:ApriltagsCameraLog(1):,7,27.085987,25.511000,27.085987,25.511000,27.348309,1.706819,1.693677,6.570767,6.563422,17.479697,59013,2.262658
453586:ApriltagsCameraLog(1):,8,27.085987,26.787000,27.085987,26.787000,27.332774,1.687034,1.694951,6.557518,6.564154,17.728779,59013,2.526762
453624:ApriltagsCameraLog(1):,7,27.332774,25.725000,27.332774,25.725000,27.601027,1.704806,1.694182,6.568081,6.563511,17.509884,59015,2.260577
453626:ApriltagsCameraLog(1):,8,27.332774,27.071000,27.332774,27.071000,27.584911,1.684900,1.695212,6.555908,6.563969,17.651552,59015,2.525159
453643:ApriltagsCameraLog(1):,,,,,,27.718765,,1.694305,,6.563475,,,
453664:ApriltagsCameraLog(1):,7,27.584911,25.881000,27.584911,25.881000,27.847854,1.705004,1.694209,6.566736,6.563185,17.659606,59017,2.261080
453666:ApriltagsCameraLog(1):,8,27.584911,27.300000,27.584911,27.300000,27.831155,1.684916,1.695241,6.555646,6.563557,17.699138,59017,2.526105
453684:ApriltagsCameraLog(1):,7,27.831155,26.104000,27.831155,26.104000,27.959624,1.706413,1.694233,6.568665,6.562804,17.722286,59019,2.264022
453686:ApriltagsCameraLog(1):,8,27.831155,27.594000,27.831155,27.594000,27.942369,1.687376,1.695395,6.556424,6.563367,17.645633,59019,2.529607
453704:ApriltagsCameraLog(1):,7,27.942369,26.209000,27.942369,26.209000,28.065529,1.706809,1.694321,6.567562,6.562764,17.734352,59020,2.264307
453705:ApriltagsCameraLog(1):,8,27.942369,27.720000,27.942369,27.720000,28.048435,1.688942,1.695486,6.556473,6.563236,17.634607,59020,2.531375
453724:ApriltagsCameraLog(1):,7,28.048435,26.509000,28.048435,26.509000,28.163739,1.707307,1.695105,6.566307,6.562484,17.443967,59021,2.264604
453725:ApriltagsCameraLog(1):,8,28.048435,27.836000,28.048435,27.836000,28.148460,1.688415,1.696294,6.555184,6.562872,17.611472,59021,2.530641
453744:ApriltagsCameraLog(1):,7,28.148460,26.562000,28.148460,26.562000,28.261008,1.707923,1.695527,6.564873,6.562122,17.517905,59022,2.264911
453745:ApriltagsCameraLog(1):,8,28.148460,28.102000,28.148460,28.102000,28.245030,1.687022,1.696747,6.550278,6.562400,17.296335,59022,2.527043
453767:ApriltagsCameraLog(1):,,,,,,28.356500,,1.695800,,6.561200,,,
453784:ApriltagsCameraLog(1):,7,28.245030,26.706000,28.245030,26.706000,28.466364,1.709646,1.695508,6.566779,6.561284,17.471055,59023,2.267604
453785:ApriltagsCameraLog(1):,8,28.245030,28.115000,28.245030,28.115000,28.450854,1.690055,1.696868,6.553350,6.561841,17.478091,59023,2.531717
453803:ApriltagsCameraLog(1):,,,,,,28.547597,,1.696476,,6.560928,,,
453824:ApriltagsCameraLog(1):,7,28.450854,27.001000,28.450854,27.001000,28.649221,1.708581,1.696472,6.562908,6.560926,17.318866,59025,2.265730
453826:ApriltagsCameraLog(1):,8,28.450854,28.403000,28.450854,28.403000,28.634595,1.689242,1.697661,6.550615,6.561134,17.325077,59025,2.530321
453843:ApriltagsCameraLog(1):,,,,,,28.729526,,1.696627,,6.560472,,,
453864:ApriltagsCameraLog(1):,7,28.634595,27.146000,28.634595,27.146000,28.817417,1.708969,1.696828,6.561816,6.560097,17.382294,59027,2.266255
453866:ApriltagsCameraLog(1):,8,28.634595,28.583000,28.634595,28.583000,28.802083,1.691303,1.698029,6.548446,6.560275,17.340865,59027,2.531482
453883:ApriltagsCameraLog(1):,,,,,,28.863696,,1.697755,,6.559312,,,
453904:ApriltagsCameraLog(1):,7,28.802083,27.501000,28.802083,27.501000,28.940601,1.707443,1.697550,6.559018,6.559685,17.080665,59029,2.264273
453906:ApriltagsCameraLog(1):,8,28.802083,28.753000,28.802083,28.753000,28.927032,1.694841,1.698564,6.549265,6.559665,17.369070,59029,2.535529
453923:ApriltagsCameraLog(1):,,,,,,28.996758,,1.698428,,6.558306,,,
453944:ApriltagsCameraLog(1):,7,28.927032,27.495000,28.927032,27.495000,29.076409,1.712137,1.698134,6.560833,6.558388,17.328401,59031,2.269720
453945:ApriltagsCameraLog(1):,8,28.927032,28.888000,28.927032,28.888000,29.061141,1.697330,1.699491,6.547600,6.558658,17.364181,59031,2.537084
453963:ApriltagsCameraLog(1):,,,,,,29.147085,,1.698968,,6.557667,,,
453984:ApriltagsCameraLog(1):,7,29.061141,27.701000,29.061141,27.701000,29.232229,1.710995,1.698965,6.562707,6.557665,17.221200,59033,2.269915
453985:ApriltagsCameraLog(1):,8,29.061141,29.100000,29.061141,29.100000,29.217851,1.694896,1.700100,6.549437,6.558177,17.361338,59033,2.536767
454003:ApriltagsCameraLog(1):,7,29.217851,28.028000,29.217851,28.028000,29.288349,1.714149,1.699538,6.562076,6.557319,16.991096,59035,2.273048
454005:ApriltagsCameraLog(1):,8,29.217851,29.391000,29.217851,29.391000,29.275823,1.698758,1.700985,6.550001,6.557811,17.627013,59035,2.540875
454024:ApriltagsCameraLog(1):,7,29.275823,27.935000,29.275823,27.935000,29.339600,1.711175,1.701046,6.556933,6.556974,17.178165,59036,2.268399
454026:ApriltagsCameraLog(1):,8,29.275823,29.438000,29.275823,29.438000,29.325293,1.695224,1.702078,6.544842,6.556973,17.562043,59036,2.535221
454045:ApriltagsCameraLog(1):,7,29.325293,28.166000,29.325293,28.166000,29.388806,1.713762,1.701145,6.557473,6.555866,16.927687,59037,2.271142
454046:ApriltagsCameraLog(1):,8,29.325293,29.520000,29.325293,29.520000,29.376318,1.696363,1.702410,6.541909,6.556039,17.613361,59037,2.534621
454066:ApriltagsCameraLog(1):,7,29.376318,28.205000,29.376318,28.205000,29.429092,1.710648,1.702025,6.557786,6.554296,16.923307,59038,2.268611
454068:ApriltagsCameraLog(1):,8,29.376318,29.507000,29.376318,29.507000,29.416414,1.699400,1.702893,6.545945,6.554621,17.543633,59038,2.539666
454104:ApriltagsCameraLog(1):,7,29.416414,28.202000,29.416414,28.202000,29.501395,1.714649,1.702347,6.555832,6.554115,17.015173,59039,2.271574
454106:ApriltagsCameraLog(1):,8,29.416414,29.660000,29.416414,29.660000,29.488265,1.698588,1.703556,6.541488,6.554303,17.713646,59039,2.536553
454144:ApriltagsCameraLog(1):,7,29.488265,28.334000,29.488265,28.334000,29.574470,1.714634,1.703346,6.555819,6.552990,16.925876,59041,2.271794
454145:ApriltagsCameraLog(1):,8,29.488265,29.702000,29.488265,29.702000,29.561734,1.700093,1.704481,6.542704,6.553303,17.680265,59041,2.538785
454184:ApriltagsCameraLog(1):,7,29.561734,28.470000,29.561734,28.470000,29.641885,1.715846,1.703767,6.553647,6.552375,16.834971,59043,2.272243
454185:ApriltagsCameraLog(1):,8,29.561734,29.903000,29.561734,29.903000,29.629767,1.698389,1.704980,6.539260,6.552500,17.875391,59043,2.535687
454204:ApriltagsCameraLog(1):,7,29.629767,28.412000,29.629767,28.412000,29.670041,1.715906,1.704629,6.553521,6.551139,17.028312,59045,2.272471
454206:ApriltagsCameraLog(1):,8,29.629767,29.869000,29.629767,29.869000,29.656521,1.700003,1.705767,6.540368,6.551384,17.717377,59045,2.537928
454225:ApriltagsCameraLog(1):,7,29.656521,28.561000,29.656521,28.561000,29.698387,1.715437,1.705222,6.554340,6.550318,16.842746,59046,2.272471
454228:ApriltagsCameraLog(1):,8,29.656521,29.959000,29.656521,29.959000,29.686135,1.700532,1.706277,6.538972,6.550725,17.824499,59046,2.537647
454263:ApriltagsCameraLog(1):,7,29.686135,28.689000,29.686135,28.689000,29.780836,1.715225,1.705829,6.549575,6.549878,16.675245,59049,2.270408
454266:ApriltagsCameraLog(1):,8,29.686135,29.999000,29.686135,29.999000,29.768722,1.703192,1.706806,6.538922,6.549881,17.861001,59049,2.539893
454283:ApriltagsCameraLog(1):,,,,,,29.843454,,1.707437,,6.548919,,,
454303:ApriltagsCameraLog(1):,7,29.768722,28.700000,29.768722,28.700000,29.942331,1.719450,1.708642,6.552418,6.549848,16.830679,59050,2.275703
454305:ApriltagsCameraLog(1):,8,29.768722,30.157000,29.768722,30.157000,29.929999,1.703469,1.709966,6.537021,6.550229,17.987051,59050,2.539344
454324:ApriltagsCameraLog(1):,,,,,,29.997781,,1.711646,,6.549783,,,
454344:ApriltagsCameraLog(1):,7,29.929999,28.798000,29.929999,28.798000,30.041726,1.714414,1.714324,6.556094,6.549961,16.904376,59051,2.273174
454346:ApriltagsCameraLog(1):,8,29.929999,30.151000,29.929999,30.151000,30.030093,1.701288,1.714983,6.543184,6.550767,17.718063,59051,2.541870
454363:ApriltagsCameraLog(1):,,,,,,30.204508,,1.715544,,6.547545,,,
454385:ApriltagsCameraLog(1):,7,30.030093,28.983000,30.030093,28.983000,30.479167,1.716464,1.717891,6.552557,6.546136,16.781876,59053,2.273902
454387:ApriltagsCameraLog(1):,8,30.030093,30.326000,30.030093,30.326000,30.467578,1.704572,1.718456,6.540895,6.546421,17.862103,59053,2.543593
454404:ApriltagsCameraLog(1):,7,30.467578,29.188000,30.467578,29.188000,30.754579,1.712219,1.723534,6.565023,6.545219,17.160097,59055,2.276678
454406:ApriltagsCameraLog(1):,8,30.467578,30.410000,30.467578,30.410000,30.743677,1.699578,1.723238,6.552352,6.546866,17.485089,59055,2.548124
454424:ApriltagsCameraLog(1):,,,,,,31.134187,,1.727951,,6.546295,,,
454444:ApriltagsCameraLog(1):,7,30.743677,29.246000,30.743677,29.246000,31.623078,1.714260,1.736684,6.571677,6.544101,17.543032,59056,2.282236
454447:ApriltagsCameraLog(1):,8,30.743677,30.651000,30.743677,30.651000,31.610756,1.698073,1.736593,6.555457,6.546390,17.560354,59056,2.549888
454464:ApriltagsCameraLog(1):,7,31.610756,29.888000,31.610756,29.888000,32.191189,1.719700,1.745643,6.578277,6.542045,17.985298,59058,2.292776
454466:ApriltagsCameraLog(1):,8,31.610756,31.304000,31.610756,31.304000,32.179809,1.699534,1.745256,6.564412,6.544786,18.015678,59058,2.559936
454484:ApriltagsCameraLog(1):,7,32.179809,30.517000,32.179809,30.517000,32.799356,1.722351,1.757500,6.579839,6.541745,17.938894,59059,2.297660
454485:ApriltagsCameraLog(1):,8,32.179809,31.925000,32.179809,31.925000,32.790298,1.704514,1.756980,6.567655,6.544396,17.992430,59059,2.568170
454504:ApriltagsCameraLog(1):,7,32.790298,31.483000,32.790298,31.483000,33.359896,1.734169,1.774333,6.577041,6.539582,17.495409,59060,2.309084
454505:ApriltagsCameraLog(1):,8,32.790298,32.841000,32.790298,32.841000,33.355088,1.713951,1.774263,6.563876,6.542140,17.696788,59060,2.575939
454524:ApriltagsCameraLog(1):,,,,,,33.761071,,1.795957,,6.537153,,,
454544:ApriltagsCameraLog(1):,7,33.355088,31.597000,33.355088,31.597000,34.019250,1.735782,1.823362,6.571848,6.522275,18.202346,59061,2.310088
454545:ApriltagsCameraLog(1):,8,33.355088,32.946000,33.355088,32.946000,34.009651,1.717160,1.822458,6.557007,6.524193,18.333916,59061,2.576672
454563:ApriltagsCameraLog(1):,,,,,,34.270212,,1.846998,,6.505522,,,
454584:ApriltagsCameraLog(1):,7,34.009651,33.033000,34.009651,33.033000,34.536631,1.778486,1.875783,6.543037,6.484993,17.245722,59063,2.338910
454586:ApriltagsCameraLog(1):,8,34.009651,34.556000,34.009651,34.556000,34.530376,1.771159,1.875446,6.533681,6.485076,18.850889,59063,2.609291
454603:ApriltagsCameraLog(1):,,,,,,34.686271,,1.908331,,6.460881,,,
454624:ApriltagsCameraLog(1):,7,34.530376,33.865000,34.530376,33.865000,34.732963,1.809412,1.950499,6.519229,6.442622,16.929517,59065,2.359168
454626:ApriltagsCameraLog(1):,8,34.530376,35.193000,34.530376,35.193000,34.728752,1.797821,1.947541,6.504158,6.444128,19.117647,59065,2.616199
454643:ApriltagsCameraLog(1):,,,,,,34.736064,,1.990792,,6.423254,,,
454664:ApriltagsCameraLog(1):,7,34.728752,34.615000,34.728752,34.615000,34.736064,1.869517,2.038506,6.483086,6.400566,16.394740,59067,2.401293
454666:ApriltagsCameraLog(1):,8,34.728752,36.174000,34.728752,36.174000,34.735689,1.869994,2.036280,6.474567,6.401986,20.925562,59067,2.660398
454683:ApriltagsCameraLog(1):,,,,,,34.829808,,2.083737,,6.378909,,,
454704:ApriltagsCameraLog(1):,7,34.735689,34.601000,34.735689,34.601000,34.906712,1.918750,2.134709,6.443352,6.354643,16.683671,59069,2.432743
454705:ApriltagsCameraLog(1):,8,34.735689,35.963000,34.735689,35.963000,34.904932,1.917879,2.129674,6.427764,6.355663,20.664790,59069,2.675728
454724:ApriltagsCameraLog(1):,7,34.904932,35.222000,34.904932,35.222000,34.963256,1.982224,2.177139,6.420936,6.330888,17.415448,59071,2.485029
454726:ApriltagsCameraLog(1):,8,34.904932,36.817000,34.904932,36.817000,34.967931,1.972657,2.169848,6.406602,6.334143,22.272323,59071,2.712160
454744:ApriltagsCameraLog(1):,7,34.967931,35.424000,34.967931,35.424000,34.980255,2.012050,2.217113,6.401295,6.307234,17.832326,59072,2.506815
454746:ApriltagsCameraLog(1):,8,34.967931,36.961000,34.967931,36.961000,34.986060,2.006871,2.209935,6.384243,6.310103,22.600463,59072,2.730575
454764:ApriltagsCameraLog(1):,,,,,,35.009576,,2.258145,,6.278631,,,
454785:ApriltagsCameraLog(1):,7,34.986060,35.537000,34.986060,35.537000,35.078240,2.132462,2.311059,6.331391,6.247028,18.780901,59075,2.600027
454787:ApriltagsCameraLog(1):,8,34.986060,36.977000,34.986060,36.977000,35.083825,2.125652,2.302259,6.316418,6.251125,23.282267,59075,2.802069
454803:ApriltagsCameraLog(1):,,,,,,35.191194,,2.349610,,6.220047,,,
454823:ApriltagsCameraLog(1):,7,35.083825,35.526000,35.083825,35.526000,35.268098,2.184025,2.404893,6.303965,6.184718,18.938380,59076,2.642054
454826:ApriltagsCameraLog(1):,8,35.083825,37.035000,35.083825,37.035000,35.272920,2.192287,2.397338,6.297121,6.187928,23.690957,59076,2.852890
454843:ApriltagsCameraLog(1):,,,,,,35.352546,,2.450482,,6.152846,,,
454864:ApriltagsCameraLog(1):,7,35.272920,35.897000,35.272920,35.897000,35.429450,2.257385,2.507544,6.243622,6.115239,19.740995,59078,2.697671
454865:ApriltagsCameraLog(1):,8,35.272920,36.991000,35.272920,36.991000,35.435892,2.251362,2.498152,6.228001,6.119042,23.451262,59078,2.876611
454883:ApriltagsCameraLog(1):,,,,,,35.554889,,2.545246,,6.084427,,,
454904:ApriltagsCameraLog(1):,7,35.435892,35.890000,35.435892,35.890000,35.620807,2.294322,2.605731,6.221734,6.044866,19.683737,59079,2.728589
454906:ApriltagsCameraLog(1):,8,35.435892,36.871000,35.435892,36.871000,35.626102,2.292347,2.594343,6.206969,6.050023,23.150348,59079,2.905622
454924:ApriltagsCameraLog(1):,8,35.626102,37.601000,35.626102,37.601000,35.647207,2.385233,2.647771,6.140441,6.012256,24.814209,59081,2.965232
454944:ApriltagsCameraLog(1):,8,35.647207,36.704000,35.647207,36.704000,35.663779,2.497642,2.700371,6.119109,5.974679,23.766124,59082,3.061824
454964:ApriltagsCameraLog(1):,8,35.663779,38.674000,35.663779,38.674000,35.675522,2.490636,2.757273,6.068155,5.937881,27.709567,59083,3.037288
454983:ApriltagsCameraLog(1):,,,,,,35.680579,,2.814737,,5.897109,,,
455003:ApriltagsCameraLog(1):,,,,,,35.650367,,2.878753,,5.854653,,,
455024:ApriltagsCameraLog(1):,8,35.675522,36.859000,35.675522,36.859000,35.664100,2.650449,2.941221,5.945931,5.813204,24.822123,59086,3.149419
455043:ApriltagsCameraLog(1):,,,,,,35.731128,,2.997654,,5.771639,,,
455064:ApriltagsCameraLog(1):,8,35.664100,37.161000,35.664100,37.161000,35.755847,2.683440,3.064285,5.934543,5.727718,25.777066,59087,3.177610
455083:ApriltagsCameraLog(1):,,,,,,35.833201,,3.117172,,5.690061,,,
455104:ApriltagsCameraLog(1):,,,,,,35.932078,,3.182637,,5.647119,,,
455124:ApriltagsCameraLog(1):,,,,,,36.000743,,3.250448,,5.602795,,,
455143:ApriltagsCameraLog(1):,9,35.833201,33.659000,35.833201,35.833201,36.105113,3.054875,3.318031,5.654504,5.559237,51.077514,59092,5.619442
455163:ApriltagsCameraLog(1):,,,,,,36.239457,,3.380044,,5.517076,,,
455184:ApriltagsCameraLog(1):,9,36.105113,41.844000,36.105113,36.105113,36.354813,3.136110,3.448248,5.611002,5.473933,66.147279,59093,5.628491
455203:ApriltagsCameraLog(1):,,,,,,36.509020,,3.514914,,5.430216,,,
455223:ApriltagsCameraLog(1):,,,,,,36.701281,,3.584911,,5.387081,,,
455244:ApriltagsCameraLog(1):,,,,,,36.890795,,3.655308,,5.344020,,,
455263:ApriltagsCameraLog(1):,,,,,,37.096788,,3.728046,,5.300150,,,
455284:ApriltagsCameraLog(1):,9,36.701281,45.852000,36.701281,36.701281,37.289049,3.501530,3.802491,5.372258,5.255600,80.819380,59099,5.650218
455304:ApriltagsCameraLog(1):,9,37.289049,48.577000,37.289049,37.289049,37.472799,3.531889,3.874120,5.354047,5.211535,89.959669,59100,5.657311
455324:ApriltagsCameraLog(1):,,,,,,37.742574,,3.942213,,5.170121,,,
455344:ApriltagsCameraLog(1):,9,37.472799,48.918000,37.472799,37.472799,37.932088,3.671938,4.013564,5.271341,5.128657,91.047387,59102,5.681979
455363:ApriltagsCameraLog(1):,,,,,,38.022946,,4.083493,,5.087044,,,
455384:ApriltagsCameraLog(1):,9,37.932088,48.234000,37.932088,37.932088,38.149289,3.720918,4.156332,5.247517,5.045134,86.442928,59103,5.697339
455403:ApriltagsCameraLog(1):,,,,,,38.276410,,4.226846,,5.003690,,,
455425:ApriltagsCameraLog(1):,9,38.149289,54.013000,38.149289,38.149289,38.427472,3.925603,4.301580,5.159492,4.961441,111.576506,59105,5.767522
455443:ApriltagsCameraLog(1):,,,,,,38.532148,,4.373305,,4.920824,,,
455463:ApriltagsCameraLog(1):,,,,,,38.578840,,4.448177,,4.879441,,,
455483:ApriltagsCameraLog(1):,,,,,,38.567854,,4.524387,,4.837352,,,
455503:ApriltagsCameraLog(1):,,,,,,38.559614,,4.599532,,4.795833,,,
455523:ApriltagsCameraLog(1):,,,,,,38.573347,,4.675206,,4.754029,,,
455543:ApriltagsCameraLog(1):,,,,,,38.642011,,4.751708,,4.711845,,,
455563:ApriltagsCameraLog(1):,,,,,,38.642011,,4.828358,,4.669930,,,
455583:ApriltagsCameraLog(1):,,,,,,38.625532,,4.906594,,4.627136,,,
455623:ApriltagsCameraLog(1):,,,,,,38.556867,,5.060692,,4.542874,,,
455663:ApriltagsCameraLog(1):,,,,,,38.581587,,5.214197,,4.458786,,,
455683:ApriltagsCameraLog(1):,,,,,,38.595320,,5.291867,,4.416215,,,
455703:ApriltagsCameraLog(1):,,,,,,38.642011,,5.369293,,4.373830,,,
455724:ApriltagsCameraLog(1):,,,,,,38.724409,,5.445708,,4.332111,,,
455743:ApriltagsCameraLog(1):,,,,,,38.768354,,5.523644,,4.288212,,,
455763:ApriltagsCameraLog(1):,,,,,,38.850752,,5.600368,,4.243437,,,
455783:ApriltagsCameraLog(1):,,,,,,38.957868,,5.675839,,4.199509,,,
455824:ApriltagsCameraLog(1):,,,,,,39.128156,,5.830742,,4.107678,,,
455843:ApriltagsCameraLog(1):,,,,,,39.229780,,5.905756,,4.062388,,,
455863:ApriltagsCameraLog(1):,,,,,,39.342390,,5.981443,,4.014677,,,
455884:ApriltagsCameraLog(1):,,,,,,39.460493,,6.057227,,3.967119,,,
455903:ApriltagsCameraLog(1):,,,,,,39.551130,,6.132837,,3.919853,,,
455923:ApriltagsCameraLog(1):,,,,,,39.633528,,6.210061,,3.871749,,,
455944:ApriltagsCameraLog(1):,,,,,,39.726911,,6.285708,,3.823970,,,
455963:ApriltagsCameraLog(1):,,,,,,39.798323,,6.361290,,3.775555,,,
455983:ApriltagsCameraLog(1):,,,,,,39.886213,,6.438212,,3.726428,,,
456003:ApriltagsCameraLog(1):,,,,,,39.938398,,6.514682,,3.677719,,,
456024:ApriltagsCameraLog(1):,,,,,,39.998823,,6.591565,,3.628532,,,
456043:ApriltagsCameraLog(1):,,,,,,40.070234,,6.667997,,3.579761,,,
456063:ApriltagsCameraLog(1):,,,,,,40.108686,,6.744402,,3.530945,,,
456084:ApriltagsCameraLog(1):,,,,,,40.202070,,6.819845,,3.482871,,,
456103:ApriltagsCameraLog(1):,,,,,,40.405317,,6.893631,,3.436132,,,
456123:ApriltagsCameraLog(1):,,,,,,40.773359,,6.964824,,3.391511,,,
456143:ApriltagsCameraLog(1):,,,,,,41.221052,,7.036306,,3.354142,,,
456163:ApriltagsCameraLog(1):,,,,,,41.759382,,7.109550,,3.322719,,,
456183:ApriltagsCameraLog(1):,,,,,,42.338911,,7.180337,,3.293168,,,
456203:ApriltagsCameraLog(1):,,,,,,42.959638,,7.250506,,3.264496,,,
456224:ApriltagsCameraLog(1):,,,,,,44.072004,,7.321594,,3.240070,,,
456244:ApriltagsCameraLog(1):,,,,,,45.434309,,7.389370,,3.218945,,,
456264:ApriltagsCameraLog(1):,,,,,,46.824079,,7.457330,,3.205042,,,
456284:ApriltagsCameraLog(1):,,,,,,48.128706,,7.524375,,3.192578,,,
456304:ApriltagsCameraLog(1):,,,,,,49.422346,,7.591678,,3.181534,,,
456323:ApriltagsCameraLog(1):,,,,,,51.116987,,7.651780,,3.173021,,,
456343:ApriltagsCameraLog(1):,,,,,,53.152204,,7.709550,,3.176657,,,
456363:ApriltagsCameraLog(1):,,,,,,55.519758,,7.765621,,3.187441,,,
456383:ApriltagsCameraLog(1):,,,,,,58.120771,,7.819862,,3.200846,,,
456403:ApriltagsCameraLog(1):,,,,,,60.760237,,7.874927,,3.216684,,,
456423:ApriltagsCameraLog(1):,,,,,,63.726545,,7.932009,,3.230605,,,
456443:ApriltagsCameraLog(1):,,,,,,67.121321,,7.987784,,3.247795,,,
456463:ApriltagsCameraLog(1):,,,,,,70.702864,,8.043047,,3.264126,,,
456483:ApriltagsCameraLog(1):,,,,,,74.487654,,8.098894,,3.283696,,,
456503:ApriltagsCameraLog(1):,,,,,,78.530622,,8.154271,,3.306707,,,
456523:ApriltagsCameraLog(1):,,,,,,82.735639,,8.208976,,3.333286,,,
456543:ApriltagsCameraLog(1):,,,,,,86.957136,,8.266978,,3.360771,,,
456563:ApriltagsCameraLog(1):,,,,,,91.337934,,8.329031,,3.386407,,,
456583:ApriltagsCameraLog(1):,,,,,,95.735212,,8.386990,,3.415477,,,
456603:ApriltagsCameraLog(1):,,,,,,100.044599,,8.444994,,3.449495,,,
456623:ApriltagsCameraLog(1):,,,,,,104.150739,,8.503147,,3.479844,,,
456643:ApriltagsCameraLog(1):,,,,,,108.097578,,8.558055,,3.514168,,,
456663:ApriltagsCameraLog(1):,,,,,,111.665388,,8.612493,,3.542198,,,
456683:ApriltagsCameraLog(1):,,,,,,114.848677,,8.665464,,3.573416,,,
456703:ApriltagsCameraLog(1):,,,,,,117.595259,,8.716631,,3.608491,,,
456723:ApriltagsCameraLog(1):,,,,,,119.811750,,8.766713,,3.646658,,,
456743:ApriltagsCameraLog(1):,,,,,,121.517378,,8.825278,,3.670529,,,
456763:ApriltagsCameraLog(1):,,,,,,122.984052,,8.881926,,3.680599,,,
456784:ApriltagsCameraLog(1):,,,,,,124.571577,,8.939696,,3.692708,,,
456803:ApriltagsCameraLog(1):,,,,,,126.181074,,9.007036,,3.707759,,,
456823:ApriltagsCameraLog(1):,,,,,,127.798811,,9.079478,,3.712189,,,
456843:ApriltagsCameraLog(1):,,,,,,129.262739,,9.151778,,3.718208,,,
456863:ApriltagsCameraLog(1):,,,,,,130.820051,,9.221099,,3.713082,,,
456883:ApriltagsCameraLog(1):,,,,,,132.325178,,9.289979,,3.709749,,,
456903:ApriltagsCameraLog(1):,,,,,,133.734175,,9.362053,,3.708471,,,
456923:ApriltagsCameraLog(1):,,,,,,135.055281,,9.432671,,3.709019,,,
456943:ApriltagsCameraLog(1):,,,,,,136.307722,,9.503292,,3.697539,,,
456963:ApriltagsCameraLog(1):,,,,,,137.543684,,9.575236,,3.674929,,,
456984:ApriltagsCameraLog(1):,,,,,,138.606611,,9.647570,,3.653591,,,
457004:ApriltagsCameraLog(1):,,,,,,139.469038,,9.720240,,3.633442,,,
457023:ApriltagsCameraLog(1):,,,,,,140.141950,,9.792516,,3.605120,,,
457063:ApriltagsCameraLog(1):,,,,,,140.894514,,9.939609,,3.548299,,,
457084:ApriltagsCameraLog(1):,1,139.469038,130.863000,139.469038,139.469038,141.416364,9.697166,10.012891,4.056731,3.520011,95.062703,59188,6.761549
457104:ApriltagsCameraLog(1):,1,141.416364,136.275000,141.416364,141.416364,141.654540,9.877978,10.086327,3.888802,3.503088,74.468068,59190,6.522734
457124:ApriltagsCameraLog(1):,1,141.654540,134.460000,141.654540,141.654540,141.831932,9.872904,10.161431,3.901622,3.483318,84.742874,59191,6.535595
457144:ApriltagsCameraLog(1):,,,,,,141.972918,,10.234285,,3.463025,,,
457164:ApriltagsCameraLog(1):,1,141.831932,134.969000,141.831932,141.831932,142.069048,10.064386,10.309155,3.881401,3.433749,80.943807,59193,6.375128
457184:ApriltagsCameraLog(1):,1,142.069048,134.453000,142.069048,142.069048,142.121448,10.089424,10.384696,3.855478,3.412760,84.066026,59194,6.340159
457203:ApriltagsCameraLog(1):,,,,,,142.198737,,10.459462,,3.391379,,,
457223:ApriltagsCameraLog(1):,,,,,,142.272895,,10.533552,,3.362599,,,
457243:ApriltagsCameraLog(1):,,,,,,142.303107,,10.606823,,3.334212,,,
457264:ApriltagsCameraLog(1):,1,142.121448,134.100000,142.121448,142.121448,142.341559,10.312571,10.678619,3.790682,3.306202,82.940269,59197,6.127886
457283:ApriltagsCameraLog(1):,,,,,,142.410057,,10.743814,,3.288793,,,
457303:ApriltagsCameraLog(1):,,,,,,142.522666,,10.814831,,3.261285,,,
457323:ApriltagsCameraLog(1):,,,,,,142.712181,,10.885923,,3.233971,,,
457343:ApriltagsCameraLog(1):,,,,,,142.876976,,10.956733,,3.206762,,,
457363:ApriltagsCameraLog(1):,,,,,,142.923667,,11.028315,,3.179036,,,
457383:ApriltagsCameraLog(1):,,,,,,142.951133,,11.099070,,3.151685,,,
457424:ApriltagsCameraLog(1):,,,,,,143.258750,,11.243051,,3.095080,,,
457444:ApriltagsCameraLog(1):,1,142.876976,136.707000,142.876976,142.876976,143.343894,10.853424,11.313770,3.615361,3.066877,67.714193,59205,5.609562
457463:ApriltagsCameraLog(1):,,,,,,143.395988,,11.381270,,3.047348,,,
457483:ApriltagsCameraLog(1):,,,,,,143.525077,,11.454448,,3.015176,,,
457504:ApriltagsCameraLog(1):,,,,,,143.481132,,11.527899,,2.982874,,,
457524:ApriltagsCameraLog(1):,,,,,,143.390495,,11.600493,,2.950879,,,
457543:ApriltagsCameraLog(1):,,,,,,143.305351,,11.671921,,2.913988,,,
457563:ApriltagsCameraLog(1):,,,,,,143.302604,,11.741557,,2.873003,,,
457583:ApriltagsCameraLog(1):,1,143.390495,136.295000,143.390495,143.390495,143.261405,11.378942,11.811090,3.386816,2.831834,64.258366,59214,5.073487
457603:ApriltagsCameraLog(1):,,,,,,143.228578,,11.874672,,2.804680,,,
457623:ApriltagsCameraLog(1):,,,,,,143.225832,,11.942095,,2.760447,,,
457643:ApriltagsCameraLog(1):,,,,,,143.264284,,12.011048,,2.715245,,,
457664:ApriltagsCameraLog(1):,1,143.261405,141.198000,143.261405,141.198000,143.231325,11.574021,12.079288,3.276833,2.668335,43.259886,59217,4.857553
457685:ApriltagsCameraLog(1):,,,,,,143.043437,,12.134621,,2.641069,,,
457703:ApriltagsCameraLog(1):,,,,,,142.966532,,12.202170,,2.594221,,,
457723:ApriltagsCameraLog(1):,,,,,,142.864909,,12.269149,,2.547611,,,
457744:ApriltagsCameraLog(1):,1,143.231325,136.440000,143.231325,136.440000,142.744059,11.813197,12.338655,3.116952,2.501059,56.434773,59221,4.576185
457763:ApriltagsCameraLog(1):,,,,,,142.618906,,12.397196,,2.471647,,,
457784:ApriltagsCameraLog(1):,1,142.744059,137.093000,142.744059,137.093000,142.509043,11.915400,12.467404,3.059360,2.426809,51.180276,59223,4.462605
457803:ApriltagsCameraLog(1):,,,,,,142.406818,,12.524622,,2.398891,,,
457824:ApriltagsCameraLog(1):,1,142.509043,137.177000,142.509043,137.177000,142.294208,12.073973,12.595785,2.949633,2.358944,47.817732,59225,4.273513
457843:ApriltagsCameraLog(1):,,,,,,142.161617,,12.655578,,2.334732,,,
457864:ApriltagsCameraLog(1):,1,142.294208,136.593000,142.294208,136.593000,142.073726,12.197572,12.730993,2.869694,2.301293,47.172300,59227,4.130467
457883:ApriltagsCameraLog(1):,,,,,,141.975049,,12.791465,,2.285470,,,
457903:ApriltagsCameraLog(1):,1,142.073726,135.885000,142.073726,135.885000,141.823987,12.318581,12.866443,2.806948,2.251816,46.977736,59229,4.002350
457923:ApriltagsCameraLog(1):,,,,,,141.621480,,12.928699,,2.234548,,,
457943:ApriltagsCameraLog(1):,,,,,,141.489644,,13.004617,,2.210873,,,
457963:ApriltagsCameraLog(1):,,,,,,141.316610,,13.082568,,2.195896,,,
457984:ApriltagsCameraLog(1):,1,141.823987,135.919000,141.823987,135.919000,141.124349,12.574336,13.159238,2.668350,2.180679,42.685318,59233,3.729712
458004:ApriltagsCameraLog(1):,1,141.124349,135.978000,141.124349,135.978000,140.921544,12.718453,13.217626,2.654620,2.183402,39.395060,59235,3.626201
458024:ApriltagsCameraLog(1):,1,140.921544,136.494000,140.921544,136.494000,140.773407,12.790011,13.273545,2.650801,2.192949,36.977587,59236,3.578732
458025:ApriltagsCameraLog(1):,11,140.773407,143.193000,140.773407,143.193000,140.748428,12.449975,13.257078,2.409032,2.213738,7.766338,59231,1.156662
458044:ApriltagsCameraLog(1):,1,140.748428,136.151000,140.748428,136.151000,140.689020,12.859152,13.204477,2.620067,2.240217,36.634293,59237,3.512050
458051:ApriltagsCameraLog(1):,11,140.689020,143.403000,140.689020,143.403000,140.662587,12.520069,13.195356,2.391941,2.257754,8.489381,59232,1.209650
458064:ApriltagsCameraLog(1):,1,140.662587,136.533000,140.662587,136.533000,140.653359,12.916156,13.169646,2.632030,2.275610,35.184422,59238,3.487655
458084:ApriltagsCameraLog(1):,11,140.653359,142.927000,140.653359,142.927000,140.664493,12.588226,13.225132,2.387557,2.287662,8.621330,59233,1.253033
458104:ApriltagsCameraLog(1):,1,140.664493,136.449000,140.664493,136.449000,140.769956,12.967180,13.205994,2.626204,2.299711,35.006545,59239,3.453204
458105:ApriltagsCameraLog(1):,11,140.769956,143.352000,140.769956,143.352000,140.745181,12.656336,13.204459,2.384730,2.315893,9.277156,59234,1.296666
458124:ApriltagsCameraLog(1):,1,140.745181,134.833000,140.745181,134.833000,140.992559,13.095563,13.196230,2.604242,2.323353,38.030439,59241,3.362526
458144:ApriltagsCameraLog(1):,11,140.992559,143.148000,140.992559,143.148000,140.912298,12.797522,13.240921,2.382074,2.330288,9.879548,59236,1.390959
458163:ApriltagsCameraLog(1):,1,140.912298,134.909000,140.912298,134.909000,140.765666,13.170647,13.230523,2.571346,2.327724,37.372585,59242,3.294131
458185:ApriltagsCameraLog(1):,11,140.765666,143.034000,140.765666,143.034000,140.632728,12.904840,13.259752,2.371866,2.331350,10.797059,59238,1.475094
458205:ApriltagsCameraLog(1):,1,140.632728,134.952000,140.632728,134.952000,140.579682,13.306459,13.240508,2.586611,2.324927,35.873916,59244,3.234714
458207:ApriltagsCameraLog(1):,11,140.579682,143.208000,140.579682,143.208000,140.546391,13.021602,13.247256,2.347977,2.337545,12.155926,59240,1.578241
458224:ApriltagsCameraLog(1):,1,140.546391,150.336000,140.546391,150.336000,139.973952,13.426314,13.244899,2.582260,2.323868,44.265959,59246,3.171035
458226:ApriltagsCameraLog(1):,11,139.973952,143.037000,139.973952,143.037000,140.017222,13.063741,13.255503,2.348386,2.332875,12.936777,59241,1.612917
458244:ApriltagsCameraLog(1):,1,140.017222,150.205000,140.017222,150.205000,139.134986,13.483845,13.254528,2.589909,2.318636,44.806361,59247,3.149349
458246:ApriltagsCameraLog(1):,11,139.134986,142.512000,139.134986,142.512000,139.177159,13.098668,13.267726,2.317533,2.328486,13.792174,59242,1.663794
458264:ApriltagsCameraLog(1):,1,139.177159,145.905000,139.177159,145.905000,138.348707,13.559182,13.268723,2.593616,2.318061,36.688563,59248,3.116579
458266:ApriltagsCameraLog(1):,11,138.348707,142.296000,138.348707,142.296000,138.378742,13.120957,13.286122,2.298314,2.329892,14.753652,59243,1.697268
458284:ApriltagsCameraLog(1):,1,138.378742,133.954000,138.378742,133.954000,137.510599,13.621139,13.283522,2.543670,2.322927,30.787337,59249,3.042928
