145871:ApriltagsCameraLog(1):,tag,last yaw,cam yaw,calc yaw,update yaw, est yaw,x,est x,y,est y,adjust,frame,dist
148758:ApriltagsCameraLog(1):,,,,,,24.696959,,10.661223,,4.783284,,,
148778:ApriltagsCameraLog(1):,,,,,,24.010313,,10.597828,,4.836256,,,
148798:ApriltagsCameraLog(1):,,,,,,23.532408,,10.520675,,4.868942,,,
148818:ApriltagsCameraLog(1):,,,,,,23.153379,,10.442367,,4.902761,,,
148838:ApriltagsCameraLog(1):,,,,,,22.889708,,10.363377,,4.937288,,,
148858:ApriltagsCameraLog(1):,,,,,,22.730406,,10.284833,,4.972081,,,
148878:ApriltagsCameraLog(1):,,,,,,22.631529,,10.203786,,5.002071,,,
148898:ApriltagsCameraLog(1):,,,,,,22.623289,,10.121073,,5.032786,,,
148918:ApriltagsCameraLog(1):,,,,,,22.650755,,10.038362,,5.063507,,,
148938:ApriltagsCameraLog(1):,,,,,,22.702940,,9.955321,,5.091666,,,
148958:ApriltagsCameraLog(1):,,,,,,22.774351,,9.871100,,5.120111,,,
148978:ApriltagsCameraLog(1):,13,22.650755,22.397000,22.650755,22.397000,22.854002,9.440114,9.787405,2.883423,5.148228,14.099110,10400,2.093774
148998:ApriltagsCameraLog(1):,,,,,,22.874442,,9.643439,,4.916818,,,
149018:ApriltagsCameraLog(1):,13,22.854002,22.072000,22.854002,22.072000,22.814017,9.290677,9.560208,2.928070,4.943495,15.528128,10402,2.175237
149038:ApriltagsCameraLog(1):,13,22.814017,22.919000,22.814017,22.919000,22.644826,9.214711,9.432133,2.963941,4.758005,14.853634,10403,2.212415
149058:ApriltagsCameraLog(1):,13,22.644826,22.599000,22.644826,22.599000,22.285764,9.130842,9.306488,2.991325,4.590143,15.182943,10404,2.264210
149078:ApriltagsCameraLog(1):,13,22.285764,21.309000,22.285764,21.309000,21.648587,9.042260,9.188154,3.009411,4.447622,17.153647,10405,2.328404
149099:ApriltagsCameraLog(1):,13,21.648587,22.227000,21.648587,22.227000,20.831121,8.974182,9.078857,3.071581,4.338307,16.756165,10406,2.354995
149119:ApriltagsCameraLog(1):,13,20.831121,20.970000,20.831121,20.970000,19.808489,8.902250,8.971021,3.111778,4.245744,16.426698,10407,2.400211
149140:ApriltagsCameraLog(1):,13,19.808489,20.722000,19.808489,20.722000,18.599886,8.826959,8.865599,3.156737,4.163249,18.109847,10408,2.449246
149159:ApriltagsCameraLog(1):,13,18.599886,19.533000,18.599886,19.533000,17.348683,8.756933,8.765372,3.190415,4.103275,18.603578,10409,2.501976
149179:ApriltagsCameraLog(1):,13,17.348683,18.546000,17.348683,18.546000,16.124745,8.678298,8.667028,3.212606,4.056659,19.655082,10410,2.569173
149198:ApriltagsCameraLog(1):,13,16.124745,17.360000,16.124745,17.360000,15.041504,8.619037,8.571231,3.252672,4.020454,20.108837,10411,2.612248
149218:ApriltagsCameraLog(1):,13,15.041504,14.887000,15.041504,14.887000,14.129190,8.525918,8.478485,3.257510,3.994204,18.896029,10412,2.701065
149238:ApriltagsCameraLog(1):,13,14.129190,15.244000,14.129190,15.244000,13.374665,8.477676,8.385425,3.283827,3.968986,21.028168,10413,2.739882
149258:ApriltagsCameraLog(1):,13,13.374665,14.845000,13.374665,14.845000,12.846609,8.423914,8.297483,3.314967,3.954503,22.085447,10414,2.781801
149278:ApriltagsCameraLog(1):,13,12.846609,14.670000,12.846609,14.670000,12.492920,8.342458,8.212834,3.323829,3.943362,23.478175,10415,2.857174
149298:ApriltagsCameraLog(1):,13,12.492920,13.622000,12.492920,13.622000,12.258720,8.284514,8.127593,3.335029,3.936806,22.563038,10416,2.909243
149318:ApriltagsCameraLog(1):,13,12.258720,12.533000,12.258720,12.533000,12.078621,8.215349,8.043154,3.363877,3.931068,21.292967,10417,2.965567
149338:ApriltagsCameraLog(1):,13,12.078621,12.502000,12.078621,12.502000,11.949413,8.104289,7.960850,3.383823,3.927051,22.431003,10418,3.064987
149358:ApriltagsCameraLog(1):,13,11.949413,12.982000,11.949413,12.982000,11.896573,8.066014,7.875910,3.416845,3.926814,23.978347,10419,3.091764
149378:ApriltagsCameraLog(1):,13,11.896573,13.863000,11.896573,13.863000,11.906699,7.998400,7.793872,3.441984,3.931581,26.556778,10420,3.149092
149398:ApriltagsCameraLog(1):,13,11.906699,11.874000,11.906699,11.874000,11.975884,7.929436,7.711319,3.473574,3.935153,22.723667,10421,3.206201
149418:ApriltagsCameraLog(1):,,,,,,12.088060,,7.628740,,3.937024,,,
149438:ApriltagsCameraLog(1):,13,11.975884,13.308000,11.975884,13.308000,12.236375,7.760714,7.542558,3.521931,3.969040,27.024130,10423,3.355923
149459:ApriltagsCameraLog(1):,13,12.236375,12.758000,12.236375,12.758000,12.421986,7.706338,7.459777,3.553611,3.975442,25.459093,10424,3.399615
149478:ApriltagsCameraLog(1):,,,,,,12.586477,,7.376487,,3.982312,,,
149498:ApriltagsCameraLog(1):,,,,,,12.759512,,7.287984,,4.014144,,,
149518:ApriltagsCameraLog(1):,13,12.421986,12.634000,12.421986,12.634000,12.954519,7.480490,7.200519,3.642938,4.045288,26.344497,10427,3.599694
149538:ApriltagsCameraLog(1):,13,12.954519,15.523000,12.954519,15.523000,13.136278,7.400659,7.121186,3.680033,4.053689,33.113225,10428,3.668280
149558:ApriltagsCameraLog(1):,,,,,,13.328699,,7.040214,,4.067448,,,
149578:ApriltagsCameraLog(1):,,,,,,13.504481,,6.953088,,4.098584,,,
149598:ApriltagsCameraLog(1):,,,,,,13.614344,,6.868917,,4.135160,,,
149618:ApriltagsCameraLog(1):,13,13.328699,16.020000,13.328699,16.020000,13.625330,7.100274,6.784715,3.844285,4.171662,36.169643,10432,3.937444
149638:ApriltagsCameraLog(1):,,,,,,13.738010,,6.705850,,4.195361,,,
149658:ApriltagsCameraLog(1):,,,,,,13.974216,,6.620166,,4.232241,,,
149678:ApriltagsCameraLog(1):,,,,,,14.133518,,6.536249,,4.272414,,,
149699:ApriltagsCameraLog(1):,10,13.974216,16.650000,13.974216,13.974216,14.213169,6.598123,6.450349,3.575554,4.313298,59.947589,10441,6.286625
149719:ApriltagsCameraLog(1):,10,14.213169,16.911000,14.213169,14.213169,14.311919,6.497261,6.364316,3.619473,4.332128,59.412019,10442,6.223638
149738:ApriltagsCameraLog(1):,,,,,,14.380812,,6.278549,,4.355432,,,
149758:ApriltagsCameraLog(1):,,,,,,14.493421,,6.195707,,4.397930,,,
149778:ApriltagsCameraLog(1):,,,,,,14.693922,,6.111944,,4.440619,,,
149818:ApriltagsCameraLog(1):,,,,,,15.196546,,5.944253,,4.530328,,,
149838:ApriltagsCameraLog(1):,,,,,,15.603041,,5.860184,,4.574438,,,
149859:ApriltagsCameraLog(1):,,,,,,15.877699,,5.776658,,4.617630,,,
149878:ApriltagsCameraLog(1):,,,,,,16.256727,,5.692885,,4.660991,,,
149898:ApriltagsCameraLog(1):,,,,,,16.709913,,5.607468,,4.704423,,,
149938:ApriltagsCameraLog(1):,,,,,,17.602552,,5.437120,,4.789546,,,
149958:ApriltagsCameraLog(1):,,,,,,18.066725,,5.350019,,4.832302,,,
149978:ApriltagsCameraLog(1):,,,,,,18.503431,,5.264211,,4.873568,,,
149998:ApriltagsCameraLog(1):,,,,,,18.890699,,5.178640,,4.916665,,,
150018:ApriltagsCameraLog(1):,,,,,,19.231275,,5.092513,,4.959327,,,
150038:ApriltagsCameraLog(1):,,,,,,19.519667,,5.007528,,5.000885,,,
150058:ApriltagsCameraLog(1):,,,,,,19.871229,,4.923956,,5.041204,,,
150098:ApriltagsCameraLog(1):,,,,,,20.486463,,4.757391,,5.124319,,,
150118:ApriltagsCameraLog(1):,13,19.231275,30.067000,19.231275,19.231275,20.766615,5.333831,4.673754,4.784853,5.165158,88.168156,10455,5.664482
150138:ApriltagsCameraLog(1):,,,,,,20.941743,,4.598954,,5.203154,,,
150158:ApriltagsCameraLog(1):,,,,,,21.155977,,4.516823,,5.245561,,,
150178:ApriltagsCameraLog(1):,,,,,,21.416902,,4.434805,,5.287528,,,
150198:ApriltagsCameraLog(1):,,,,,,21.683321,,4.355642,,5.334657,,,
150218:ApriltagsCameraLog(1):,,,,,,21.930513,,4.276259,,5.381416,,,
150238:ApriltagsCameraLog(1):,,,,,,22.120027,,4.197196,,5.427521,,,
150258:ApriltagsCameraLog(1):,,,,,,22.290315,,4.117484,,5.473716,,,
150278:ApriltagsCameraLog(1):,,,,,,22.444124,,4.039690,,5.522511,,,
150298:ApriltagsCameraLog(1):,,,,,,22.603425,,3.961500,,5.571239,,,
150318:ApriltagsCameraLog(1):,,,,,,22.751741,,3.883444,,5.619611,,,
150339:ApriltagsCameraLog(1):,,,,,,22.834138,,3.806631,,5.671505,,,
150358:ApriltagsCameraLog(1):,,,,,,22.960481,,3.730460,,5.722728,,,
150378:ApriltagsCameraLog(1):,,,,,,23.037385,,3.653728,,5.774199,,,
150398:ApriltagsCameraLog(1):,,,,,,23.130769,,3.582065,,5.831558,,,
150418:ApriltagsCameraLog(1):,,,,,,23.303804,,3.510046,,5.888958,,,
150438:ApriltagsCameraLog(1):,,,,,,23.405427,,3.437902,,5.946199,,,
150458:ApriltagsCameraLog(1):,,,,,,23.394441,,3.365724,,6.003399,,,
150478:ApriltagsCameraLog(1):,8,23.405427,25.657000,23.405427,25.657000,23.325777,3.625598,3.298828,5.150778,6.063396,35.237864,10480,3.970239
150498:ApriltagsCameraLog(1):,8,23.325777,24.686000,23.325777,24.686000,23.256111,3.569721,3.243357,5.179579,6.079618,32.170639,10481,3.914833
150518:ApriltagsCameraLog(1):,,,,,,23.181763,,3.193002,,6.088374,,,
150539:ApriltagsCameraLog(1):,8,23.256111,25.325000,23.256111,25.325000,23.110352,3.410422,3.139071,5.289095,6.144997,32.681278,10483,3.759868
150558:ApriltagsCameraLog(1):,,,,,,23.048930,,3.098173,,6.154539,,,
150579:ApriltagsCameraLog(1):,8,23.110352,24.528000,23.110352,24.528000,22.914347,3.329008,3.050328,5.408186,6.204506,30.250828,10485,3.686850
150599:ApriltagsCameraLog(1):,8,22.914347,26.162000,22.914347,26.162000,22.802896,3.242744,3.019954,5.467139,6.213977,34.245322,10486,3.606263
150619:ApriltagsCameraLog(1):,,,,,,22.686408,,2.986320,,6.229240,,,
150639:ApriltagsCameraLog(1):,8,22.802896,5.101000,22.802896,5.101000,22.538093,3.166467,2.952862,5.532998,6.271325,70.094517,10487,3.537894
150658:ApriltagsCameraLog(1):,,,,,,22.341815,,2.929100,,6.291626,,,
150678:ApriltagsCameraLog(1):,7,22.538093,22.961000,22.538093,22.961000,22.177021,3.140036,2.899972,5.656066,6.328645,25.911727,10489,3.482546
150680:ApriltagsCameraLog(1):,8,22.538093,25.636000,22.538093,25.636000,22.179796,3.040404,2.910711,5.649077,6.289355,32.004345,10489,3.429338
150698:ApriltagsCameraLog(1):,7,22.179796,23.407000,22.179796,23.407000,22.031101,3.051689,2.882198,5.679468,6.297438,27.112689,10490,3.393638
150700:ApriltagsCameraLog(1):,8,22.179796,23.258000,22.179796,23.258000,22.037943,3.035701,2.887781,5.678338,6.263189,27.063166,10490,3.428650
150718:ApriltagsCameraLog(1):,7,22.037943,22.343000,22.037943,22.343000,21.856886,2.984285,2.867434,5.737572,6.262496,24.335686,10491,3.326911
150720:ApriltagsCameraLog(1):,8,22.037943,23.206000,22.037943,23.206000,21.857021,2.957921,2.870503,5.731714,6.231148,26.682327,10491,3.361456
150758:ApriltagsCameraLog(1):,7,21.857021,15.659000,21.857021,15.659000,21.289527,2.920074,2.837159,5.910028,6.244826,37.530737,10494,3.271244
150760:ApriltagsCameraLog(1):,8,21.857021,19.246000,21.857021,19.246000,21.256912,2.868586,2.840722,5.909884,6.230348,29.639072,10494,3.312815
150778:ApriltagsCameraLog(1):,7,21.256912,21.314000,21.256912,21.314000,20.863651,2.824142,2.826857,5.924782,6.230189,22.531272,10495,3.175422
150780:ApriltagsCameraLog(1):,8,21.256912,22.991000,21.256912,22.991000,20.861822,2.799749,2.824601,5.919756,6.208797,26.957942,10495,3.246755
150798:ApriltagsCameraLog(1):,7,20.861822,21.599000,20.861822,21.599000,20.570531,2.787670,2.812062,5.971718,6.198985,23.771537,10496,3.142433
150800:ApriltagsCameraLog(1):,8,20.861822,21.988000,20.861822,21.988000,20.574237,2.776634,2.808723,5.970465,6.183531,25.469749,10496,3.236467
150818:ApriltagsCameraLog(1):,7,20.574237,20.736000,20.574237,20.736000,20.251109,2.765368,2.801554,6.008059,6.172511,22.342378,10497,3.123339
150820:ApriltagsCameraLog(1):,8,20.574237,22.386000,20.574237,22.386000,20.250477,2.743488,2.798218,6.007149,6.160477,26.824996,10497,3.213801
150838:ApriltagsCameraLog(1):,7,20.250477,19.961000,20.250477,19.961000,19.863910,2.711588,2.788572,6.020159,6.154557,22.187718,10498,3.070438
150840:ApriltagsCameraLog(1):,8,20.250477,21.217000,20.250477,21.217000,19.859011,2.704186,2.781893,6.018113,6.144303,24.592847,10498,3.178173
150858:ApriltagsCameraLog(1):,7,19.859011,20.234000,19.859011,20.234000,19.244032,2.711029,2.772061,6.086436,6.138403,22.428276,10499,3.077205
150860:ApriltagsCameraLog(1):,8,19.859011,22.097000,19.859011,22.097000,19.244655,2.680997,2.766672,6.082966,6.134761,27.404134,10499,3.174085
150878:ApriltagsCameraLog(1):,,,,,,18.670892,,2.754525,,6.136738,,,
150898:ApriltagsCameraLog(1):,7,19.244655,20.554000,19.244655,20.554000,18.253411,2.689515,2.750989,6.157760,6.140127,24.335383,10501,3.064743
150918:ApriltagsCameraLog(1):,,,,,,17.987763,,2.743123,,6.144985,,,
150939:ApriltagsCameraLog(1):,7,18.253411,17.654000,18.253411,17.654000,17.773530,2.606455,2.740718,6.101139,6.148118,22.014223,10502,2.971161
150941:ApriltagsCameraLog(1):,8,18.253411,18.728000,18.253411,18.728000,17.765208,2.614677,2.729379,6.103038,6.144958,22.931512,10502,3.111565
150959:ApriltagsCameraLog(1):,7,17.765208,17.217000,17.765208,17.217000,17.662204,2.577560,2.717297,6.166534,6.144997,21.740050,10503,2.951273
150960:ApriltagsCameraLog(1):,8,17.765208,18.269000,17.765208,18.269000,17.653556,2.560812,2.705424,6.161461,6.147262,22.714716,10503,3.078157
150979:ApriltagsCameraLog(1):,7,17.653556,-1.346000,17.653556,-1.346000,17.632560,2.609897,2.689966,6.147355,6.151268,60.429016,10504,2.979739
150980:ApriltagsCameraLog(1):,8,17.653556,20.301000,17.653556,20.301000,17.568972,2.570917,2.687171,6.140222,6.150851,27.369795,10504,3.080072
150998:ApriltagsCameraLog(1):,7,17.568972,16.825000,17.568972,16.825000,17.669029,2.562432,2.675952,6.186752,6.150981,22.039613,10505,2.939183
151000:ApriltagsCameraLog(1):,8,17.568972,18.425000,17.568972,18.425000,17.661325,2.532307,2.666181,6.179554,6.154109,23.291648,10505,3.056880
151019:ApriltagsCameraLog(1):,8,17.661325,19.329000,17.661325,19.329000,17.881953,2.529278,2.654157,6.162022,6.156531,24.953154,10507,3.048321
151038:ApriltagsCameraLog(1):,8,17.881953,17.913000,17.881953,17.913000,18.123611,2.505535,2.643853,6.181723,6.157385,21.336418,10508,3.033797
151058:ApriltagsCameraLog(1):,,,,,,18.350508,,2.631711,,6.159451,,,
151078:ApriltagsCameraLog(1):,8,18.123611,18.823000,18.123611,18.823000,18.518049,2.517135,2.630806,6.157811,6.159496,22.787668,10509,3.037263
151098:ApriltagsCameraLog(1):,,,,,,18.649281,,2.621194,,6.159477,,,
151118:ApriltagsCameraLog(1):,8,18.518049,18.652000,18.518049,18.652000,18.690480,2.500953,2.621194,6.175363,6.159477,21.522407,10510,3.029740
151138:ApriltagsCameraLog(1):,,,,,,18.652609,,2.610952,,6.160820,,,
151158:ApriltagsCameraLog(1):,8,18.690480,19.150000,18.690480,19.150000,18.630636,2.503863,2.610952,6.163750,6.160825,22.208145,10512,3.029059
151178:ApriltagsCameraLog(1):,,,,,,18.657048,,2.602433,,6.161095,,,
151198:ApriltagsCameraLog(1):,8,18.630636,19.358000,18.630636,19.358000,18.657048,2.514778,2.602433,6.148276,6.161095,22.816806,10514,3.033715
151218:ApriltagsCameraLog(1):,8,18.657048,19.017000,18.657048,19.017000,18.665743,2.515022,2.595627,6.155078,6.160143,22.057468,10516,3.036386
151239:ApriltagsCameraLog(1):,,,,,,18.671818,,2.588890,,6.159767,,,
151259:ApriltagsCameraLog(1):,8,18.665743,18.961000,18.665743,18.961000,18.669072,2.509218,2.588890,6.156246,6.159767,21.878471,10518,3.031377
151298:ApriltagsCameraLog(1):,,,,,,18.682726,,2.582460,,6.159501,,,
151318:ApriltagsCameraLog(1):,,,,,,18.677233,,2.582460,,6.159501,,,
151338:ApriltagsCameraLog(1):,,,,,,18.677233,,2.582762,,6.159491,,,
151358:ApriltagsCameraLog(1):,,,,,,18.685473,,2.582762,,6.159491,,,
151378:ApriltagsCameraLog(1):,,,,,,18.682726,,2.582762,,6.159491,,,
151398:ApriltagsCameraLog(1):,,,,,,18.685473,,2.582762,,6.159491,,,
151418:ApriltagsCameraLog(1):,,,,,,18.682726,,2.582159,,6.159512,,,
151438:ApriltagsCameraLog(1):,,,,,,18.674486,,2.581857,,6.159525,,,
151458:ApriltagsCameraLog(1):,,,,,,18.679980,,2.581857,,6.159525,,,
151479:ApriltagsCameraLog(1):,,,,,,18.682726,,2.583367,,6.159479,,,
151498:ApriltagsCameraLog(1):,,,,,,18.668993,,2.586085,,6.159380,,,
151518:ApriltagsCameraLog(1):,,,,,,18.652514,,2.593638,,6.159117,,,
151538:ApriltagsCameraLog(1):,,,,,,18.696459,,2.604840,,6.157557,,,
151558:ApriltagsCameraLog(1):,,,,,,18.792589,,2.621343,,6.155247,,,
151578:ApriltagsCameraLog(1):,,,,,,18.872240,,2.637821,,6.152836,,,
151598:ApriltagsCameraLog(1):,,,,,,18.924425,,2.658030,,6.143890,,,
151618:ApriltagsCameraLog(1):,,,,,,18.896960,,2.682762,,6.133216,,,
151638:ApriltagsCameraLog(1):,,,,,,18.759630,,2.710141,,6.120843,,,
151658:ApriltagsCameraLog(1):,,,,,,18.674486,,2.737433,,6.107581,,,
151678:ApriltagsCameraLog(1):,,,,,,18.633288,,2.765285,,6.082566,,,
151698:ApriltagsCameraLog(1):,,,,,,18.542651,,2.795701,,6.055110,,,
151718:ApriltagsCameraLog(1):,,,,,,18.306444,,2.828101,,6.024893,,,
151738:ApriltagsCameraLog(1):,,,,,,18.053759,,2.858161,,5.989047,,,
151758:ApriltagsCameraLog(1):,,,,,,17.932909,,2.890053,,5.951197,,,
151778:ApriltagsCameraLog(1):,,,,,,17.880724,,2.922107,,5.913089,,,
151818:ApriltagsCameraLog(1):,,,,,,17.595080,,2.992228,,5.821735,,,
151838:ApriltagsCameraLog(1):,,,,,,17.515429,,3.027450,,5.775612,,,
151858:ApriltagsCameraLog(1):,,,,,,17.518175,,3.063556,,5.728262,,,
151878:ApriltagsCameraLog(1):,,,,,,17.474230,,3.102077,,5.679765,,,
151898:ApriltagsCameraLog(1):,,,,,,17.411059,,3.141594,,5.629743,,,
151918:ApriltagsCameraLog(1):,,,,,,17.375353,,3.179938,,5.581104,,,
151938:ApriltagsCameraLog(1):,,,,,,17.336901,,3.223231,,5.530330,,,
151958:ApriltagsCameraLog(1):,,,,,,17.309435,,3.266304,,5.479764,,,
151978:ApriltagsCameraLog(1):,,,,,,17.265490,,3.310499,,5.427776,,,
151998:ApriltagsCameraLog(1):,,,,,,17.246264,,3.359345,,5.377933,,,
152018:ApriltagsCameraLog(1):,,,,,,17.254504,,3.410694,,5.325475,,,
152038:ApriltagsCameraLog(1):,,,,,,17.246264,,3.462048,,5.273019,,,
152058:ApriltagsCameraLog(1):,,,,,,17.207812,,3.513821,,5.220127,,,
152078:ApriltagsCameraLog(1):,,,,,,17.152880,,3.570026,,5.167986,,,
152098:ApriltagsCameraLog(1):,,,,,,17.106188,,3.625725,,5.116187,,,
152119:ApriltagsCameraLog(1):,,,,,,17.051256,,3.682884,,5.062854,,,
152138:ApriltagsCameraLog(1):,8,17.152880,4.165000,17.152880,4.165000,16.952380,3.196894,3.745791,5.387748,5.011922,58.183959,10562,3.538839
152158:ApriltagsCameraLog(1):,8,16.952380,19.266000,16.952380,19.266000,16.765096,3.252510,3.795097,5.329223,4.966743,31.668643,10563,3.589798
152179:ApriltagsCameraLog(1):,8,16.765096,19.741000,16.765096,19.741000,16.548303,3.293097,3.834944,5.266690,4.929683,33.754997,10564,3.626700
152202:ApriltagsCameraLog(1):,,,,,,16.295284,,3.918641,,4.878256,,,
152218:ApriltagsCameraLog(1):,,,,,,16.026119,,3.952310,,4.854762,,,
152238:ApriltagsCameraLog(1):,8,16.548303,17.865000,16.548303,17.865000,15.737728,3.491406,4.022673,5.143111,4.810267,31.202246,10568,3.821483
152259:ApriltagsCameraLog(1):,8,15.737728,19.146000,15.737728,19.146000,15.481307,3.571354,4.068087,5.059736,4.781320,37.810297,10569,3.899904
152278:ApriltagsCameraLog(1):,8,15.481307,20.310000,15.481307,20.310000,15.234453,3.611770,4.120278,5.041512,4.750514,42.291974,10570,3.940046
152298:ApriltagsCameraLog(1):,,,,,,14.964961,,4.175597,,4.718192,,,
152318:ApriltagsCameraLog(1):,,,,,,14.701289,,4.249231,,4.674107,,,
152338:ApriltagsCameraLog(1):,13,15.234453,29.160000,15.234453,15.234453,14.454097,4.161884,4.321492,5.402446,4.633058,125.188642,10568,6.915532
152358:ApriltagsCameraLog(1):,,,,,,14.306188,,4.395827,,4.601031,,,
152378:ApriltagsCameraLog(1):,,,,,,14.113927,,4.471224,,4.557550,,,
152418:ApriltagsCameraLog(1):,,,,,,13.723912,,4.623953,,4.476629,,,
152438:ApriltagsCameraLog(1):,,,,,,13.534398,,4.701167,,4.435195,,,
152458:ApriltagsCameraLog(1):,,,,,,13.339391,,4.778504,,4.393354,,,
152478:ApriltagsCameraLog(1):,,,,,,13.138890,,4.857389,,4.352445,,,
152498:ApriltagsCameraLog(1):,,,,,,12.938390,,4.936397,,4.311118,,,
152518:ApriltagsCameraLog(1):,,,,,,12.754369,,5.015273,,4.269542,,,
152538:ApriltagsCameraLog(1):,,,,,,12.570348,,5.095155,,4.228572,,,
152558:ApriltagsCameraLog(1):,13,12.938390,6.127000,12.938390,12.938390,12.413793,4.758656,5.175183,5.073101,4.187226,79.533408,10578,6.288655
152578:ApriltagsCameraLog(1):,,,,,,12.243551,,5.250074,,4.164484,,,
152599:ApriltagsCameraLog(1):,8,12.413793,10.353000,12.413793,10.353000,12.084249,4.569305,5.332131,4.456556,4.123071,44.008767,10585,4.936140
152600:ApriltagsCameraLog(1):,13,12.084249,25.875000,12.084249,12.084249,12.074430,5.056725,5.308733,4.988315,4.132031,106.800964,10581,5.986475
152638:ApriltagsCameraLog(1):,8,12.074430,12.827000,12.074430,12.074430,11.733242,4.659417,5.467892,4.418066,4.064025,40.043351,10586,5.030091
152640:ApriltagsCameraLog(1):,13,11.733242,9.404000,11.733242,11.733242,11.731691,5.096092,5.444900,4.963042,4.072938,54.950201,10582,5.946125
152658:ApriltagsCameraLog(1):,,,,,,11.551439,,5.522859,,4.056985,,,
152678:ApriltagsCameraLog(1):,13,11.731691,8.266000,11.731691,11.731691,11.353685,5.284813,5.604326,4.841554,4.015077,57.869791,10584,5.746966
152699:ApriltagsCameraLog(1):,13,11.353685,16.966000,11.353685,11.353685,11.138861,5.352147,5.683395,4.776634,3.995758,66.212705,10586,5.676320
152718:ApriltagsCameraLog(1):,13,11.138861,16.655000,11.138861,11.138861,10.946037,5.544742,5.760876,4.714376,3.972724,63.377946,10587,5.480809
152738:ApriltagsCameraLog(1):,,,,,,10.788809,,5.842493,,3.949382,,,
152758:ApriltagsCameraLog(1):,,,,,,10.673453,,5.925361,,3.906241,,,
152778:ApriltagsCameraLog(1):,,,,,,10.613028,,6.007895,,3.863115,,,
152800:ApriltagsCameraLog(1):,,,,,,10.580069,,6.092113,,3.820626,,,
152818:ApriltagsCameraLog(1):,,,,,,10.563590,,6.173342,,3.779590,,,
152838:ApriltagsCameraLog(1):,,,,,,10.563590,,6.256723,,3.737452,,,
152858:ApriltagsCameraLog(1):,,,,,,10.574576,,6.339855,,3.695447,,,
152878:ApriltagsCameraLog(1):,,,,,,10.615775,,6.421160,,3.655183,,,
152898:ApriltagsCameraLog(1):,,,,,,10.739371,,6.503062,,3.614764,,,
152918:ApriltagsCameraLog(1):,,,,,,11.033255,,6.584297,,3.575048,,,
152938:ApriltagsCameraLog(1):,,,,,,11.497428,,6.665304,,3.538548,,,
152958:ApriltagsCameraLog(1):,,,,,,12.159354,,6.746938,,3.502716,,,
152978:ApriltagsCameraLog(1):,,,,,,13.030020,,6.826503,,3.468953,,,
152998:ApriltagsCameraLog(1):,,,,,,14.167105,,6.904221,,3.434121,,,
153018:ApriltagsCameraLog(1):,,,,,,15.482718,,6.980102,,3.401875,,,
153038:ApriltagsCameraLog(1):,,,,,,16.941153,,7.054472,,3.372292,,,
153058:ApriltagsCameraLog(1):,,,,,,18.536917,,7.127645,,3.345488,,,
153078:ApriltagsCameraLog(1):,,,,,,20.426566,,7.201180,,3.318852,,,
153098:ApriltagsCameraLog(1):,,,,,,22.744681,,7.275406,,3.295143,,,
153118:ApriltagsCameraLog(1):,,,,,,25.417105,,7.349132,,3.275049,,,
153138:ApriltagsCameraLog(1):,,,,,,28.312003,,7.422270,,3.261611,,,
153158:ApriltagsCameraLog(1):,,,,,,31.407401,,7.495074,,3.251658,,,
153178:ApriltagsCameraLog(1):,,,,,,34.563223,,7.565310,,3.246255,,,
153198:ApriltagsCameraLog(1):,,,,,,37.957999,,7.630106,,3.232256,,,
153218:ApriltagsCameraLog(1):,,,,,,41.866385,,7.698695,,3.220753,,,
153238:ApriltagsCameraLog(1):,,,,,,46.032950,,7.766531,,3.214316,,,
153258:ApriltagsCameraLog(1):,,,,,,50.246207,,7.834276,,3.212103,,,
153278:ApriltagsCameraLog(1):,,,,,,54.069449,,7.903519,,3.206583,,,
153298:ApriltagsCameraLog(1):,,,,,,57.898184,,7.973063,,3.205688,,,
153318:ApriltagsCameraLog(1):,,,,,,62.336661,,8.042556,,3.209064,,,
153338:ApriltagsCameraLog(1):,,,,,,67.088248,,8.114188,,3.213199,,,
153358:ApriltagsCameraLog(1):,,,,,,71.894766,,8.186722,,3.223188,,,
153378:ApriltagsCameraLog(1):,,,,,,76.676566,,8.258834,,3.239019,,,
153398:ApriltagsCameraLog(1):,,,,,,81.230399,,8.326143,,3.237225,,,
153418:ApriltagsCameraLog(1):,,,,,,85.506827,,8.392007,,3.240696,,,
153438:ApriltagsCameraLog(1):,,,,,,89.516837,,8.458251,,3.248307,,,
153458:ApriltagsCameraLog(1):,,,,,,93.304373,,8.524965,,3.258970,,,
153478:ApriltagsCameraLog(1):,,,,,,96.814505,,8.595305,,3.261940,,,
153498:ApriltagsCameraLog(1):,,,,,,100.124137,,8.666649,,3.269803,,,
153518:ApriltagsCameraLog(1):,,,,,,103.252493,,8.739238,,3.281510,,,
153538:ApriltagsCameraLog(1):,,,,,,106.119925,,8.815331,,3.281847,,,
153558:ApriltagsCameraLog(1):,,,,,,108.729178,,8.893736,,3.285647,,,
153598:ApriltagsCameraLog(1):,,,,,,113.379141,,9.053393,,3.284280,,,
153618:ApriltagsCameraLog(1):,,,,,,115.356681,,9.133065,,3.278834,,,
153638:ApriltagsCameraLog(1):,,,,,,117.043082,,9.212902,,3.275909,,,
153658:ApriltagsCameraLog(1):,,,,,,118.487784,,9.294866,,3.275287,,,
153678:ApriltagsCameraLog(1):,,,,,,119.740225,,9.377424,,3.260064,,,
153698:ApriltagsCameraLog(1):,,,,,,120.841605,,9.460825,,3.246091,,,
153718:ApriltagsCameraLog(1):,,,,,,121.841361,,9.545060,,3.233753,,,
153738:ApriltagsCameraLog(1):,,,,,,122.742240,,9.629490,,3.212508,,,
153758:ApriltagsCameraLog(1):,,,,,,123.494803,,9.713076,,3.192878,,,
153779:ApriltagsCameraLog(1):,,,,,,124.148490,,9.796551,,3.174118,,,
153798:ApriltagsCameraLog(1):,,,,,,124.733512,,9.879021,,3.144763,,,
153818:ApriltagsCameraLog(1):,,,,,,125.238883,,9.962305,,3.115907,,,
153838:ApriltagsCameraLog(1):,,,,,,125.683829,,10.046140,,3.087732,,,
153858:ApriltagsCameraLog(1):,,,,,,126.095816,,10.130166,,3.060118,,,
153878:ApriltagsCameraLog(1):,,,,,,126.474845,,10.212015,,3.029614,,,
153898:ApriltagsCameraLog(1):,,,,,,126.897818,,10.292942,,3.000107,,,
153918:ApriltagsCameraLog(1):,,,,,,127.444388,,10.374408,,2.971202,,,
153938:ApriltagsCameraLog(1):,,,,,,128.163993,,10.454325,,2.939977,,,
153958:ApriltagsCameraLog(1):,,,,,,129.133536,,10.534111,,2.910106,,,
153998:ApriltagsCameraLog(1):,,,,,,131.753775,,10.695764,,2.848071,,,
154018:ApriltagsCameraLog(1):,,,,,,133.302848,,10.776739,,2.816788,,,
154038:ApriltagsCameraLog(1):,,,,,,134.854666,,10.861083,,2.786784,,,
154062:ApriltagsCameraLog(1):,,,,,,136.398245,,10.945067,,2.759475,,,
154078:ApriltagsCameraLog(1):,1,131.753775,125.744000,131.753775,131.753775,137.766043,10.117397,11.030649,2.754688,2.733015,67.316589,10658,5.630897
154098:ApriltagsCameraLog(1):,,,,,,138.950731,,11.100627,,2.705813,,,
154118:ApriltagsCameraLog(1):,,,,,,139.961473,,11.187529,,2.682858,,,
154138:ApriltagsCameraLog(1):,,,,,,140.741503,,11.274048,,2.659749,,,
154159:ApriltagsCameraLog(1):,1,139.961473,133.812000,139.961473,139.961473,141.392443,10.586647,11.361155,2.599183,2.637692,62.177834,10664,5.187683
154178:ApriltagsCameraLog(1):,,,,,,141.911297,,11.431871,,2.613661,,,
154198:ApriltagsCameraLog(1):,1,141.392443,135.346000,141.392443,141.392443,142.304058,10.721706,11.519205,2.584606,2.589684,60.299780,10666,5.072286
154218:ApriltagsCameraLog(1):,,,,,,142.624894,,11.586542,,2.564844,,,
154239:ApriltagsCameraLog(1):,1,142.304058,136.673000,142.304058,136.673000,142.899552,10.806265,11.675602,2.531612,2.541472,57.537496,10667,4.976216
154259:ApriltagsCameraLog(1):,1,142.899552,135.991000,142.899552,135.991000,143.128148,10.833967,11.743819,2.528739,2.515873,61.937438,10668,4.953854
154278:ApriltagsCameraLog(1):,,,,,,143.324663,,11.811646,,2.486888,,,
154299:ApriltagsCameraLog(1):,1,143.128148,140.612000,143.128148,140.612000,143.481218,11.017960,11.900126,2.503809,2.460871,44.186203,10670,4.787920
154318:ApriltagsCameraLog(1):,,,,,,143.605446,,11.961215,,2.433506,,,
154338:ApriltagsCameraLog(1):,1,143.481218,139.492000,143.481218,139.492000,143.734535,11.198037,12.051001,2.465217,2.406521,47.498379,10672,4.619195
154340:ApriltagsCameraLog(1):,14,143.734535,147.828000,143.734535,143.734535,143.718344,10.722684,12.026893,2.416550,2.405112,59.131492,10668,5.619584
154359:ApriltagsCameraLog(1):,1,143.718344,138.396000,143.718344,138.396000,143.884014,11.280548,12.078027,2.429439,2.377830,50.956498,10673,4.532042
154399:ApriltagsCameraLog(1):,1,143.884014,139.774000,143.884014,139.774000,144.251318,11.445865,12.237353,2.400364,2.324244,45.225467,10675,4.381504
154400:ApriltagsCameraLog(1):,14,143.884014,147.286000,143.884014,143.884014,144.233897,10.861439,12.214931,2.373484,2.323523,57.776403,10670,5.763791
154418:ApriltagsCameraLog(1):,,,,,,144.392053,,12.290203,,2.298562,,,
154458:ApriltagsCameraLog(1):,,,,,,144.573327,,12.468939,,2.249409,,,
154478:ApriltagsCameraLog(1):,1,144.233897,140.069000,144.233897,140.069000,144.710657,11.670483,12.559524,2.345138,2.226535,43.002894,10678,4.169847
154519:ApriltagsCameraLog(1):,1,144.710657,141.049000,144.710657,141.049000,144.957540,11.832123,12.713158,2.277832,2.182439,39.646060,10680,4.002494
154558:ApriltagsCameraLog(1):,1,144.957540,141.379000,144.957540,141.379000,145.179133,11.982466,12.865667,2.248797,2.141935,37.939969,10682,3.867641
154578:ApriltagsCameraLog(1):,1,145.179133,140.251000,145.179133,140.251000,145.293658,12.134920,12.927647,2.237102,2.122706,40.229448,10684,3.743594
154580:ApriltagsCameraLog(1):,14,145.179133,148.842000,145.179133,145.179133,145.270343,11.438949,12.901735,2.216524,2.124046,65.360444,10678,6.354752
154598:ApriltagsCameraLog(1):,1,145.270343,143.622000,145.270343,143.622000,145.429260,12.322711,12.982603,2.205255,2.105320,29.880027,10686,3.581467
154607:ApriltagsCameraLog(1):,14,145.270343,144.447000,145.270343,145.270343,145.418752,11.401122,12.951580,2.189664,2.109037,51.512751,10680,6.324265
154618:ApriltagsCameraLog(1):,,,,,,145.591725,,13.020398,,2.089583,,,
154638:ApriltagsCameraLog(1):,,,,,,145.764759,,13.109166,,2.072448,,,
154658:ApriltagsCameraLog(1):,1,145.418752,142.639000,145.418752,142.639000,145.904835,12.493915,13.197981,2.181705,2.055553,31.337203,10688,3.440122
154678:ApriltagsCameraLog(1):,1,145.904835,142.391000,145.904835,142.391000,146.029651,12.549758,13.258767,2.151446,2.042797,32.490205,10689,3.380273
154698:ApriltagsCameraLog(1):,,,,,,146.149852,,13.320915,,2.028894,,,
154719:ApriltagsCameraLog(1):,1,146.029651,140.187000,146.029651,140.187000,146.311900,12.605378,13.409223,2.176296,2.012585,37.808196,10690,3.358102
154739:ApriltagsCameraLog(1):,14,146.311900,149.360000,146.311900,146.311900,146.466615,12.116872,13.471869,2.013811,1.998636,69.732304,10687,7.055312
154758:ApriltagsCameraLog(1):,1,146.466615,141.872000,146.466615,141.872000,146.657077,12.789981,13.528361,2.120452,1.980374,32.867706,10692,3.190054
154760:ApriltagsCameraLog(1):,2,146.466615,143.115000,146.466615,143.115000,146.631968,13.026373,13.505031,2.138282,1.983694,35.057903,10692,3.657178
154778:ApriltagsCameraLog(1):,1,146.631968,146.288000,146.631968,146.288000,146.791394,12.912290,13.582977,2.142516,1.971093,22.745114,10694,3.123596
154780:ApriltagsCameraLog(1):,2,146.631968,145.701000,146.631968,145.701000,146.791393,13.175291,13.549373,2.125792,1.981026,27.506860,10694,3.520520
154798:ApriltagsCameraLog(1):,1,146.791393,142.984000,146.791393,142.984000,146.982162,13.110087,13.622632,2.076660,1.964392,28.385604,10696,2.944783
154818:ApriltagsCameraLog(1):,1,146.982162,144.464000,146.982162,144.464000,147.179011,13.204548,13.679472,2.053519,1.946409,24.961214,10697,2.867500
154820:ApriltagsCameraLog(1):,2,146.982162,144.792000,146.982162,144.792000,147.160305,13.439899,13.655668,2.084506,1.952024,28.240885,10697,3.270868
154821:ApriltagsCameraLog(1):,11,146.982162,149.085000,146.982162,149.085000,147.146195,12.967069,13.650625,1.917193,1.957925,14.094442,10692,1.830696
154839:ApriltagsCameraLog(1):,11,147.146195,150.551000,147.146195,150.551000,147.428499,13.042353,13.694307,1.893084,1.919145,16.299338,10693,1.894916
154859:ApriltagsCameraLog(1):,1,147.428499,144.441000,147.428499,144.441000,147.672514,13.263785,13.720836,2.028930,1.893492,25.324468,10698,2.812389
154860:ApriltagsCameraLog(1):,2,147.428499,144.514000,147.428499,144.514000,147.651933,13.501705,13.704157,2.053214,1.898366,29.222369,10698,3.203446
154862:ApriltagsCameraLog(1):,11,147.651933,149.444000,147.651933,149.444000,147.634714,13.120747,13.705272,1.887745,1.904212,14.822822,10694,1.946271
154879:ApriltagsCameraLog(1):,1,147.634714,142.341000,147.634714,142.341000,147.881495,13.323331,13.728555,2.047073,1.875121,29.558611,10699,2.790912
154880:ApriltagsCameraLog(1):,2,147.634714,146.086000,147.634714,146.086000,147.848245,13.560935,13.716330,2.054185,1.881304,25.671550,10699,3.153616
154881:ApriltagsCameraLog(1):,11,147.848245,149.958000,147.848245,149.958000,147.839207,13.191570,13.720148,1.875334,1.889112,15.750463,10695,2.000803
154899:ApriltagsCameraLog(1):,1,147.839207,145.850000,147.839207,145.850000,148.052542,13.401517,13.746718,2.023931,1.861935,22.551521,10700,2.726232
154901:ApriltagsCameraLog(1):,2,147.839207,145.951000,147.839207,145.951000,148.038092,13.652660,13.735126,2.026241,1.869590,25.548283,10700,3.061305
154909:ApriltagsCameraLog(1):,11,148.038092,149.809000,148.038092,149.809000,148.026219,13.264713,13.743169,1.852735,1.876321,15.918623,10696,2.065462
154919:ApriltagsCameraLog(1):,2,148.026219,146.272000,148.026219,146.272000,148.168763,13.730121,13.768276,1.999975,1.849965,24.515928,10701,2.982141
154920:ApriltagsCameraLog(1):,11,148.168763,150.163000,148.168763,150.163000,148.157200,13.330419,13.778970,1.829642,1.857282,16.805052,10697,2.126367
154939:ApriltagsCameraLog(1):,2,148.157200,146.824000,148.157200,146.824000,148.291397,13.793813,13.800653,1.985932,1.827589,23.083488,10702,2.921003
154941:ApriltagsCameraLog(1):,11,148.291397,150.355000,148.291397,150.355000,148.281793,13.458827,13.812441,1.782725,1.835346,18.081704,10699,2.248580
154958:ApriltagsCameraLog(1):,2,148.291397,146.278000,148.291397,146.278000,148.377177,13.878779,13.829359,1.967859,1.809843,23.689284,10703,2.839882
154979:ApriltagsCameraLog(1):,2,148.377177,146.045000,148.377177,146.045000,148.376467,14.015573,13.906615,1.932752,1.808440,22.998736,10705,2.706172
154980:ApriltagsCameraLog(1):,11,148.377177,151.635000,148.377177,151.635000,148.357185,13.536755,13.920426,1.756746,1.815921,20.647194,10700,2.321699
154999:ApriltagsCameraLog(1):,2,148.357185,146.840000,148.357185,146.840000,148.348357,14.080025,13.904126,1.897027,1.780424,20.801108,10706,2.632616
155001:ApriltagsCameraLog(1):,11,148.357185,151.339000,148.357185,151.339000,148.333714,13.574995,13.923183,1.732191,1.787603,20.680425,10701,2.366288
155019:ApriltagsCameraLog(1):,2,148.333714,146.624000,148.333714,146.624000,148.308200,14.143872,13.894962,1.879687,1.761308,20.559933,10707,2.569752
155020:ApriltagsCameraLog(1):,11,148.333714,150.435000,148.333714,150.435000,148.290847,13.634069,13.919815,1.712475,1.770558,19.822831,10702,2.422596
155039:ApriltagsCameraLog(1):,2,148.290847,145.972000,148.290847,145.972000,148.273259,14.176616,13.883074,1.855531,1.749892,21.227367,10708,2.528952
155041:ApriltagsCameraLog(1):,11,148.290847,150.446000,148.290847,150.446000,148.250658,13.683096,13.908718,1.676980,1.757691,20.496267,10703,2.482776
155058:ApriltagsCameraLog(1):,2,148.250658,146.529000,148.250658,146.529000,148.183140,14.242697,13.868610,1.822500,1.742098,19.509868,10709,2.455536
155079:ApriltagsCameraLog(1):,2,148.183140,146.134000,148.183140,146.134000,148.104313,14.285781,13.899915,1.795848,1.751276,19.564678,10710,2.404676
155080:ApriltagsCameraLog(1):,11,148.250658,150.421000,148.250658,150.421000,148.082828,13.734222,13.933841,1.664121,1.755987,20.972363,10704,2.529044
155098:ApriltagsCameraLog(1):,2,148.082828,146.216000,148.082828,146.216000,148.021383,14.318316,13.854239,1.786026,1.737470,18.957383,10711,2.371888
155100:ApriltagsCameraLog(1):,11,148.082828,150.266000,148.082828,150.266000,148.000853,13.818196,13.896284,1.620678,1.742812,21.891004,10706,2.621029
155118:ApriltagsCameraLog(1):,2,148.000853,145.969000,148.000853,145.969000,147.982385,14.365296,13.850569,1.751276,1.727904,18.656175,10712,2.313207
155120:ApriltagsCameraLog(1):,11,148.000853,150.747000,148.000853,150.747000,147.959406,13.852090,13.897921,1.585907,1.730926,23.400621,10707,2.669872
155139:ApriltagsCameraLog(1):,11,147.959406,150.695000,147.959406,150.695000,147.957560,13.887431,13.851938,1.576399,1.712429,23.715050,10708,2.702635
155158:ApriltagsCameraLog(1):,2,147.957560,145.749000,147.957560,145.749000,147.946568,14.400496,13.857218,1.731090,1.696208,18.533562,10713,2.272599
155167:ApriltagsCameraLog(1):,11,147.946568,150.144000,147.946568,150.144000,147.921764,13.926789,13.907995,1.562998,1.699472,23.086896,10709,2.740959
155178:ApriltagsCameraLog(1):,2,147.921764,145.959000,147.921764,145.959000,147.984111,14.435540,13.912551,1.710622,1.681713,17.771811,10714,2.231993
155180:ApriltagsCameraLog(1):,11,147.984111,150.121000,147.984111,150.121000,147.961251,13.956195,13.963608,1.546817,1.683880,23.288472,10710,2.773521
155199:ApriltagsCameraLog(1):,2,147.961251,145.877000,147.961251,145.877000,148.103331,14.459374,13.970038,1.691093,1.667412,17.656875,10715,2.201435
155201:ApriltagsCameraLog(1):,11,148.103331,149.966000,148.103331,149.966000,148.079980,13.984947,14.018547,1.541983,1.669023,22.992242,10711,2.797752
155219:ApriltagsCameraLog(1):,2,148.079980,146.089000,148.079980,146.089000,148.160831,14.485469,14.023702,1.670056,1.653266,17.204101,10716,2.168442
155220:ApriltagsCameraLog(1):,11,148.160831,150.091000,148.160831,150.091000,148.139573,14.003866,14.071014,1.527696,1.654154,23.346219,10712,2.821132
155239:ApriltagsCameraLog(1):,2,148.139573,145.744000,148.139573,145.744000,148.105549,14.515539,14.072526,1.646019,1.639493,17.406062,10718,2.130270
155241:ApriltagsCameraLog(1):,11,148.139573,150.429000,148.139573,150.429000,148.078772,14.011976,14.117130,1.512401,1.640161,24.209291,10713,2.837410
155258:ApriltagsCameraLog(1):,2,148.078772,146.124000,148.078772,146.124000,147.940800,14.528323,14.073831,1.652385,1.624904,16.718452,10719,2.123094
155260:ApriltagsCameraLog(1):,11,148.078772,150.402000,148.078772,150.402000,147.916619,14.021762,14.120895,1.505607,1.627731,24.395323,10714,2.849526
155278:ApriltagsCameraLog(1):,11,147.916619,150.571000,147.916619,150.571000,147.802365,14.020067,14.075851,1.487772,1.613168,25.164948,10715,2.860794
155298:ApriltagsCameraLog(1):,2,147.802365,145.811000,147.802365,145.811000,147.758280,14.535845,14.077328,1.646356,1.601300,16.668043,10720,2.112505
155301:ApriltagsCameraLog(1):,11,147.758280,150.218000,147.758280,150.218000,147.730978,14.037408,14.125266,1.500146,1.606020,24.833476,10716,2.866376
155319:ApriltagsCameraLog(1):,2,147.730978,146.088000,147.730978,146.088000,147.683234,14.547239,14.124306,1.659940,1.595610,16.166468,10721,2.110646
155321:ApriltagsCameraLog(1):,11,147.683234,150.458000,147.683234,150.458000,147.660705,14.033938,14.169639,1.491703,1.602218,25.495085,10717,2.869672
155339:ApriltagsCameraLog(1):,2,147.660705,145.442000,147.660705,145.442000,147.637528,14.538049,14.166656,1.650431,1.592655,16.984047,10722,2.112505
155340:ApriltagsCameraLog(1):,11,147.637528,150.033000,147.637528,150.033000,147.610116,14.047907,14.205185,1.510101,1.598594,24.724879,10718,2.868338
155359:ApriltagsCameraLog(1):,2,147.610116,146.022000,147.610116,146.022000,147.631473,14.549354,14.203334,1.654238,1.589514,16.039970,10724,2.105218
155360:ApriltagsCameraLog(1):,11,147.610116,150.363000,147.610116,150.363000,147.611198,14.059145,14.240991,1.495262,1.596294,25.624854,10719,2.886672
155380:ApriltagsCameraLog(1):,2,147.611198,145.326000,147.611198,145.326000,147.646790,14.548761,14.205198,1.648556,1.579379,16.977743,10725,2.102459
155401:ApriltagsCameraLog(1):,2,147.646790,145.657000,147.646790,145.657000,147.584024,14.569451,14.254659,1.643103,1.582209,16.378023,10726,2.082497
155403:ApriltagsCameraLog(1):,11,147.646790,149.670000,147.646790,149.670000,147.560285,14.070293,14.289474,1.502505,1.588322,24.192764,10721,2.890215
155426:ApriltagsCameraLog(1):,2,147.560285,145.086000,147.560285,145.086000,147.570580,14.562416,14.256980,1.641835,1.571753,17.087106,10727,2.087233
155439:ApriltagsCameraLog(1):,2,147.570580,145.377000,147.570580,145.377000,147.494468,14.579787,14.306321,1.645453,1.573567,16.584514,10728,2.075128
155441:ApriltagsCameraLog(1):,11,147.570580,149.953000,147.570580,149.953000,147.468374,14.077086,14.337038,1.505478,1.580582,24.951047,10723,2.893798
155458:ApriltagsCameraLog(1):,2,147.468374,145.396000,147.468374,145.396000,147.436487,14.593042,14.309565,1.628822,1.563003,16.219041,10729,2.054355
155479:ApriltagsCameraLog(1):,2,147.436487,145.187000,147.436487,145.187000,147.385550,14.603277,14.359837,1.635536,1.566158,16.411946,10730,2.049758
155480:ApriltagsCameraLog(1):,11,147.436487,149.511000,147.436487,149.511000,147.358042,14.098196,14.388059,1.489643,1.573066,24.591059,10725,2.920761
155499:ApriltagsCameraLog(1):,2,147.358042,145.515000,147.358042,145.515000,147.445803,14.616545,14.357309,1.632990,1.557636,15.748426,10731,2.037202
155519:ApriltagsCameraLog(1):,11,147.445803,149.390000,147.445803,149.390000,147.397174,14.133815,14.395784,1.488585,1.563900,24.591567,10727,2.948589
