516907:ApriltagsCameraLog(1):,tag,last yaw,cam yaw,calc yaw,update yaw, est yaw,x,est x,y,est y,adjust,frame,dist
516925:ApriltagsCameraLog(1):,7,1.677373,2.998000,1.677373,2.998000,1.589318,4.239341,4.554154,4.739911,4.609240,38.598669,62181,4.636984
516928:ApriltagsCameraLog(1):,8,1.677373,3.200000,1.677373,3.200000,1.595322,4.232768,4.547199,4.746314,4.610432,38.392065,62181,4.539856
516944:ApriltagsCameraLog(1):,7,1.595322,3.576000,1.595322,3.576000,1.503497,4.319993,4.605633,4.715737,4.568336,41.652168,62182,4.720765
516964:ApriltagsCameraLog(1):,7,1.503497,3.553000,1.503497,3.553000,1.429854,4.367964,4.665906,4.669394,4.524705,42.439752,62183,4.777646
516966:ApriltagsCameraLog(1):,13,1.429854,1.874000,1.429854,1.429854,1.438743,4.841815,4.660036,5.264606,4.526362,49.333708,62178,6.279469
516984:ApriltagsCameraLog(1):,13,1.438743,14.881000,1.438743,1.438743,1.360977,4.876176,4.737778,5.203505,4.505334,109.938020,62179,6.237171
517004:ApriltagsCameraLog(1):,7,1.360977,6.851000,1.360977,6.851000,1.259178,4.525071,4.809471,4.583460,4.469560,56.693976,62185,4.950040
517006:ApriltagsCameraLog(1):,13,1.259178,16.515000,1.259178,1.259178,1.278048,4.951701,4.805804,5.181775,4.469978,116.890152,62180,6.160307
517024:ApriltagsCameraLog(1):,7,1.278048,4.316000,1.278048,4.316000,1.178799,4.537217,4.876406,4.539049,4.432741,47.951596,62186,4.972309
517026:ApriltagsCameraLog(1):,8,1.278048,3.579000,1.278048,3.579000,1.190853,4.503985,4.869455,4.552422,4.432630,43.843873,62186,4.830333
517045:ApriltagsCameraLog(1):,7,1.190853,2.297000,1.190853,2.297000,1.123726,4.553611,4.925403,4.524838,4.386207,41.017014,62187,4.991477
517047:ApriltagsCameraLog(1):,8,1.190853,3.160000,1.190853,3.160000,1.128344,4.557023,4.915812,4.528842,4.387361,43.192198,62187,4.885785
517049:ApriltagsCameraLog(1):,13,1.128344,6.358000,1.128344,1.128344,1.136687,5.042619,4.907253,5.091127,4.388656,69.260334,62182,6.059660
517064:ApriltagsCameraLog(1):,7,1.136687,24.391000,1.136687,1.136687,1.040012,4.711400,4.981377,4.457595,4.356310,127.321711,62188,5.160910
517066:ApriltagsCameraLog(1):,8,1.136687,4.396000,1.136687,4.396000,1.039822,4.623425,4.979878,4.485176,4.356306,48.608056,62188,4.957445
517086:ApriltagsCameraLog(1):,7,1.039822,3.219000,1.039822,1.039822,0.887889,4.702485,5.037731,4.418954,4.308632,46.640602,62189,5.161920
517089:ApriltagsCameraLog(1):,8,1.039822,1.447000,1.039822,1.039822,0.887298,4.666580,5.030537,4.432367,4.308421,38.569855,62189,5.007603
517104:ApriltagsCameraLog(1):,7,0.887298,0.768000,0.887298,0.887298,0.831656,4.742874,5.086835,4.391769,4.259611,39.122272,62190,5.207632
517106:ApriltagsCameraLog(1):,8,0.887298,0.905000,0.887298,0.887298,0.830564,4.718746,5.078489,4.400354,4.260104,37.575405,62190,5.063626
517108:ApriltagsCameraLog(1):,13,0.830564,16.086000,0.830564,0.830564,0.829434,5.271251,5.068973,4.956261,4.260911,110.001555,62185,5.819449
517124:ApriltagsCameraLog(1):,7,0.829434,1.766000,0.829434,0.829434,0.691699,4.808472,5.141356,4.337102,4.221958,42.961005,62191,5.285248
517146:ApriltagsCameraLog(1):,7,0.691699,1.551000,0.691699,0.691699,0.430139,4.828743,5.205119,4.297793,4.178653,42.916922,62192,5.315111
517149:ApriltagsCameraLog(1):,8,0.691699,2.102000,0.691699,0.691699,0.429391,4.844764,5.195995,4.299297,4.178846,44.079759,62192,5.203943
517151:ApriltagsCameraLog(1):,13,0.429391,2.892000,0.429391,0.429391,0.428667,5.334129,5.188163,4.878936,4.179093,53.606949,62187,5.751779
517164:ApriltagsCameraLog(1):,7,0.428667,1.629000,0.428667,0.428667,0.328301,4.904554,5.269446,4.232893,4.157215,45.073547,62193,5.405380
517166:ApriltagsCameraLog(1):,13,0.328301,4.730000,0.328301,0.328301,0.326821,5.376405,5.261705,4.843833,4.155615,61.435141,62188,5.707283
517184:ApriltagsCameraLog(1):,7,0.326821,3.029000,0.326821,0.326821,0.193689,4.988842,5.342634,4.176343,4.129648,52.099797,62194,5.502053
517186:ApriltagsCameraLog(1):,8,0.326821,2.752000,0.326821,0.326821,0.192772,4.960125,5.335463,4.192698,4.125543,49.308509,62194,5.335543
517206:ApriltagsCameraLog(1):,,,,,,-0.041653,,5.438826,,4.074941,,,
517224:ApriltagsCameraLog(1):,13,0.192772,7.559000,0.192772,0.192772,-0.368496,5.566836,5.474620,4.647468,4.052106,71.280506,62191,5.505684
517246:ApriltagsCameraLog(1):,,,,,,-0.588276,,5.556884,,4.028335,,,
517265:ApriltagsCameraLog(1):,13,-0.368496,2.829000,-0.368496,-0.368496,-0.698139,5.680821,5.635858,4.575121,3.999450,52.966871,62193,5.391754
517284:ApriltagsCameraLog(1):,,,,,,-0.972920,,5.719414,,3.989254,,,
517304:ApriltagsCameraLog(1):,,,,,,-1.187153,,5.798371,,3.959449,,,
517324:ApriltagsCameraLog(1):,,,,,,-1.354695,,5.875634,,3.930254,,,
517343:ApriltagsCameraLog(1):,,,,,,-1.604634,,5.953519,,3.905806,,,
517364:ApriltagsCameraLog(1):,,,,,,-1.758442,,6.034592,,3.883685,,,
517385:ApriltagsCameraLog(1):,,,,,,-1.849080,,6.114445,,3.861687,,,
517403:ApriltagsCameraLog(1):,,,,,,-1.832600,,6.193414,,3.839903,,,
517426:ApriltagsCameraLog(1):,,,,,,-1.692524,,6.272226,,3.815154,,,
517444:ApriltagsCameraLog(1):,,,,,,-1.431599,,6.349690,,3.791134,,,
517464:ApriltagsCameraLog(1):,,,,,,-0.909749,,6.425520,,3.766732,,,
517484:ApriltagsCameraLog(1):,,,,,,-0.143452,,6.503371,,3.742717,,,
517503:ApriltagsCameraLog(1):,,,,,,0.892009,,6.579513,,3.720366,,,
517525:ApriltagsCameraLog(1):,14,-0.909749,2.002000,-0.909749,2.002000,2.287273,6.385749,6.652969,3.820866,3.700708,10.544158,62211,1.395791
517550:ApriltagsCameraLog(1):,14,2.287273,1.808000,2.287273,1.808000,3.986465,6.469789,6.716954,3.850444,3.694376,9.192943,62212,1.471563
517583:ApriltagsCameraLog(1):,,,,,,7.854037,,6.851057,,3.676988,,,
517623:ApriltagsCameraLog(1):,,,,,,12.863803,,6.991782,,3.645188,,,
517644:ApriltagsCameraLog(1):,,,,,,15.766940,,7.058226,,3.631042,,,
517664:ApriltagsCameraLog(1):,,,,,,18.941989,,7.124992,,3.616542,,,
517684:ApriltagsCameraLog(1):,,,,,,22.397189,,7.190969,,3.605746,,,
517704:ApriltagsCameraLog(1):,,,,,,25.896334,,7.258604,,3.598521,,,
517743:ApriltagsCameraLog(1):,,,,,,32.787509,,7.396933,,3.589166,,,
517764:ApriltagsCameraLog(1):,,,,,,36.017489,,7.463987,,3.575729,,,
517784:ApriltagsCameraLog(1):,,,,,,39.744601,,7.532319,,3.566191,,,
517804:ApriltagsCameraLog(1):,,,,,,43.688693,,7.603540,,3.561031,,,
517823:ApriltagsCameraLog(1):,,,,,,47.586093,,7.668473,,3.547288,,,
517843:ApriltagsCameraLog(1):,,,,,,51.403842,,7.733432,,3.538491,,,
517864:ApriltagsCameraLog(1):,,,,,,55.010104,,7.795918,,3.518047,,,
517883:ApriltagsCameraLog(1):,,,,,,58.448825,,7.858257,,3.501548,,,
517903:ApriltagsCameraLog(1):,,,,,,61.676059,,7.921968,,3.488507,,,
517923:ApriltagsCameraLog(1):,,,,,,64.686312,,7.986725,,3.477881,,,
517943:ApriltagsCameraLog(1):,,,,,,67.556491,,8.053379,,3.457009,,,
517964:ApriltagsCameraLog(1):,,,,,,70.283847,,8.123544,,3.428571,,,
517983:ApriltagsCameraLog(1):,,,,,,72.802462,,8.196174,,3.402445,,,
518004:ApriltagsCameraLog(1):,,,,,,75.082125,,8.271289,,3.379124,,,
518024:ApriltagsCameraLog(1):,,,,,,77.188754,,8.346712,,3.358932,,,
518044:ApriltagsCameraLog(1):,,,,,,78.976779,,8.422403,,3.341063,,,
518065:ApriltagsCameraLog(1):,,,,,,80.481906,,8.500055,,3.330146,,,
518083:ApriltagsCameraLog(1):,,,,,,81.882663,,8.581261,,3.320871,,,
518105:ApriltagsCameraLog(1):,,,,,,83.146090,,8.659053,,3.313774,,,
518124:ApriltagsCameraLog(1):,,,,,,84.252963,,8.736981,,3.308374,,,
518145:ApriltagsCameraLog(1):,,,,,,85.195040,,8.818594,,3.305072,,,
518165:ApriltagsCameraLog(1):,,,,,,85.999789,,8.898441,,3.303051,,,
518183:ApriltagsCameraLog(1):,,,,,,86.656222,,8.975293,,3.302067,,,
518203:ApriltagsCameraLog(1):,,,,,,87.304415,,9.056672,,3.301856,,,
518224:ApriltagsCameraLog(1):,,,,,,87.955355,,9.137817,,3.305560,,,
518243:ApriltagsCameraLog(1):,,,,,,88.581576,,9.215601,,3.309911,,,
518264:ApriltagsCameraLog(1):,,,,,,89.097934,,9.296329,,3.316387,,,
518284:ApriltagsCameraLog(1):,,,,,,89.515414,,9.377605,,3.323558,,,
518304:ApriltagsCameraLog(1):,,,,,,89.891696,,9.456420,,3.331086,,,
518324:ApriltagsCameraLog(1):,,,,,,90.202059,,9.536994,,3.339272,,,
518344:ApriltagsCameraLog(1):,,,,,,90.482211,,9.618228,,3.343523,,,
518364:ApriltagsCameraLog(1):,,,,,,90.756869,,9.698312,,3.343118,,,
518384:ApriltagsCameraLog(1):,,,,,,90.990329,,9.780198,,3.343163,,,
518404:ApriltagsCameraLog(1):,,,,,,91.232028,,9.862992,,3.343530,,,
518424:ApriltagsCameraLog(1):,,,,,,91.536898,,9.944423,,3.337193,,,
518443:ApriltagsCameraLog(1):,,,,,,91.767611,,10.026485,,3.331230,,,
518467:ApriltagsCameraLog(1):,,,,,,92.058749,,10.108966,,3.317506,,,
518484:ApriltagsCameraLog(1):,,,,,,92.281222,,10.190314,,3.304332,,,
518504:ApriltagsCameraLog(1):,,,,,,92.690463,,10.271128,,3.291598,,,
518523:ApriltagsCameraLog(1):,,,,,,93.179354,,10.351761,,3.279639,,,
518544:ApriltagsCameraLog(1):,,,,,,93.791842,,10.431244,,3.262907,,,
518564:ApriltagsCameraLog(1):,,,,,,94.571872,,10.509759,,3.243192,,,
518583:ApriltagsCameraLog(1):,,,,,,95.607333,,10.586533,,3.225265,,,
518603:ApriltagsCameraLog(1):,,,,,,96.824069,,10.663954,,3.208865,,,
518623:ApriltagsCameraLog(1):,,,,,,98.266024,,10.739999,,3.188828,,,
518643:ApriltagsCameraLog(1):,,,,,,100.073275,,10.814788,,3.171263,,,
518664:ApriltagsCameraLog(1):,,,,,,102.127719,,10.885348,,3.147850,,,
518683:ApriltagsCameraLog(1):,,,,,,104.432101,,10.956101,,3.127115,,,
518704:ApriltagsCameraLog(1):,,,,,,107.057833,,11.027364,,3.109388,,,
518724:ApriltagsCameraLog(1):,,,,,,109.977450,,11.099619,,3.094808,,,
518744:ApriltagsCameraLog(1):,,,,,,113.086581,,11.171563,,3.079901,,,
518765:ApriltagsCameraLog(1):,,,,,,116.201205,,11.246069,,3.065558,,,
518784:ApriltagsCameraLog(1):,,,,,,119.238925,,11.320012,,3.055132,,,
518804:ApriltagsCameraLog(1):,,,,,,121.985507,,11.395861,,3.048166,,,
518823:ApriltagsCameraLog(1):,,,,,,124.303622,,11.470075,,3.035151,,,
518844:ApriltagsCameraLog(1):,,,,,,126.618991,,11.545697,,3.025528,,,
518863:ApriltagsCameraLog(1):,,,,,,129.035983,,11.620137,,3.011768,,,
518883:ApriltagsCameraLog(1):,,,,,,131.299166,,11.695082,,3.001121,,,
518904:ApriltagsCameraLog(1):,,,,,,133.433261,,11.770665,,2.993765,,,
518924:ApriltagsCameraLog(1):,,,,,,135.383334,,11.849384,,2.989169,,,
518945:ApriltagsCameraLog(1):,,,,,,137.220797,,11.927651,,2.977711,,,
518964:ApriltagsCameraLog(1):,,,,,,138.973117,,12.006765,,2.951978,,,
519005:ApriltagsCameraLog(1):,1,133.433261,116.776000,133.433261,116.776000,141.942172,11.459651,12.167631,3.059408,2.907267,93.359871,62283,4.752788
519043:ApriltagsCameraLog(1):,,,,,,143.958089,,12.313354,,2.851911,,,
519064:ApriltagsCameraLog(1):,,,,,,144.727132,,12.390118,,2.820861,,,
519084:ApriltagsCameraLog(1):,1,141.942172,127.088000,141.942172,127.088000,145.317648,11.654002,12.467289,3.031571,2.790816,84.478926,62288,4.623730
519104:ApriltagsCameraLog(1):,,,,,,145.797436,,12.532236,,2.765061,,,
519124:ApriltagsCameraLog(1):,1,145.317648,124.170000,145.317648,124.170000,146.212170,11.746067,12.608193,2.854237,2.736913,101.424366,62290,4.445306
519144:ApriltagsCameraLog(1):,,,,,,146.542876,,12.671360,,2.701423,,,
519165:ApriltagsCameraLog(1):,1,146.212170,124.281000,146.212170,124.281000,146.812041,11.929952,12.741680,2.781561,2.661905,99.362274,62292,4.264705
519184:ApriltagsCameraLog(1):,,,,,,147.008319,,12.800541,,2.621026,,,
519204:ApriltagsCameraLog(1):,,,,,,147.228046,,12.868805,,2.583384,,,
519223:ApriltagsCameraLog(1):,,,,,,147.390094,,12.933279,,2.540597,,,
519246:ApriltagsCameraLog(1):,1,146.812041,127.920000,146.812041,127.920000,147.640033,12.244810,12.994636,2.656688,2.500195,82.756018,62296,3.955399
519248:ApriltagsCameraLog(1):,2,146.812041,54.282000,146.812041,54.282000,147.594225,12.348382,12.982197,2.733300,2.498470,341.623171,62296,4.539916
519264:ApriltagsCameraLog(1):,,,,,,147.600474,,13.033630,,2.453865,,,
519284:ApriltagsCameraLog(1):,1,147.594225,125.962000,147.594225,125.962000,147.677378,12.323715,13.084435,2.599335,2.413838,88.226247,62298,3.861407
519305:ApriltagsCameraLog(1):,1,147.677378,142.445000,147.677378,142.445000,147.708826,12.468364,13.118450,2.525830,2.376075,40.624629,62300,3.708740
519325:ApriltagsCameraLog(1):,1,147.708826,127.010000,147.708826,127.010000,147.741562,12.529316,13.136774,2.485138,2.345291,80.124061,62301,3.637505
519327:ApriltagsCameraLog(1):,14,147.741562,153.329000,147.741562,147.741562,147.690395,11.923264,13.124850,2.121558,2.344186,80.531139,62296,6.833016
519344:ApriltagsCameraLog(1):,1,147.690395,128.346000,147.690395,128.346000,147.693649,12.585321,13.132194,2.444955,2.303786,75.002989,62302,3.569945
519346:ApriltagsCameraLog(1):,2,147.690395,175.872000,147.690395,175.872000,147.642461,12.803864,13.120511,2.448473,2.303202,110.923398,62302,4.006441
519364:ApriltagsCameraLog(1):,1,147.642461,128.890000,147.642461,128.890000,147.718168,12.639969,13.140339,2.392458,2.274980,71.747676,62303,3.494197
519384:ApriltagsCameraLog(1):,,,,,,147.668744,,13.150496,,2.246143,,,
519404:ApriltagsCameraLog(1):,1,147.718168,145.044000,147.718168,145.044000,147.660504,12.667039,13.165776,2.370463,2.226689,31.278649,62304,3.459882
519424:ApriltagsCameraLog(1):,14,147.660504,152.671000,147.660504,147.660504,147.641265,12.091359,13.147406,1.916828,2.218298,80.131135,62300,7.047925
519444:ApriltagsCameraLog(1):,1,147.641265,128.716000,147.641265,128.716000,147.759405,12.776612,13.126307,2.275888,2.202063,68.055410,62306,3.316002
519446:ApriltagsCameraLog(1):,2,147.641265,175.869000,147.641265,175.869000,147.703922,12.985821,13.117313,2.294905,2.201191,103.892549,62306,3.772159
519464:ApriltagsCameraLog(1):,14,147.703922,151.702000,147.703922,147.703922,147.832403,12.119104,13.116505,1.863401,2.200365,75.182886,62302,7.088679
519484:ApriltagsCameraLog(1):,1,147.832403,128.551000,147.832403,128.551000,147.873764,12.841620,13.090377,2.178355,2.191927,66.189574,62308,3.200581
519504:ApriltagsCameraLog(1):,14,147.873764,148.572000,147.873764,147.873764,147.854706,12.041075,13.083760,1.834740,2.188929,56.876051,62304,7.020494
519525:ApriltagsCameraLog(1):,1,147.854706,129.035000,147.854706,129.035000,147.902004,12.922181,13.047975,2.087424,2.177752,62.346656,62311,3.079168
519565:ApriltagsCameraLog(1):,14,147.902004,150.003000,147.902004,147.902004,147.918910,12.146240,13.043175,1.745805,2.176529,65.550808,62306,7.146220
519584:ApriltagsCameraLog(1):,1,147.918910,128.916000,147.918910,128.916000,148.020969,12.960040,13.017246,2.039101,2.164321,61.326666,62313,3.018126
519604:ApriltagsCameraLog(1):,1,148.020969,128.824000,148.020969,128.824000,148.223184,12.969300,13.016143,2.012743,2.160979,61.143792,62314,2.992729
519606:ApriltagsCameraLog(1):,2,148.020969,176.144000,148.020969,176.144000,148.161187,13.106373,13.015428,2.075300,2.156215,97.245591,62314,3.563545
519608:ApriltagsCameraLog(1):,14,148.161187,-177.648000,148.161187,148.161187,148.219407,12.289427,13.016819,1.643547,2.154211,245.217804,62310,7.311334
519627:ApriltagsCameraLog(1):,1,148.219407,129.322000,148.219407,129.322000,148.557462,12.988170,13.011524,1.984297,2.151110,59.749074,62316,2.959534
519628:ApriltagsCameraLog(1):,2,148.219407,176.211000,148.219407,176.211000,148.495414,13.158786,13.011663,2.026351,2.145780,94.840125,62316,3.495431
519630:ApriltagsCameraLog(1):,14,148.495414,-175.575000,148.495414,148.495414,148.555079,12.235765,13.014029,1.690107,2.142679,252.414509,62311,7.244606
519644:ApriltagsCameraLog(1):,1,148.555079,128.882000,148.555079,128.882000,148.871344,12.985982,13.008904,1.967698,2.139726,61.120243,62317,2.949735
519664:ApriltagsCameraLog(1):,1,148.871344,129.369000,148.871344,129.369000,148.962432,12.991107,13.010752,1.962661,2.134395,60.617435,62318,2.943331
519666:ApriltagsCameraLog(1):,2,148.871344,176.512000,148.871344,176.512000,148.899932,13.181137,13.010992,1.993471,2.129112,92.998109,62318,3.463353
519683:ApriltagsCameraLog(1):,,,,,,149.007140,,13.016429,,2.125778,,,
519704:ApriltagsCameraLog(1):,1,148.899932,129.934000,148.899932,129.934000,149.048339,12.998925,13.024271,1.971265,2.127645,59.538496,62319,2.944333
519706:ApriltagsCameraLog(1):,2,148.899932,50.529000,148.899932,50.529000,148.985736,13.144894,13.024670,2.031262,2.122688,272.036786,62319,3.512797
519725:ApriltagsCameraLog(1):,,,,,,148.965895,,13.035266,,2.125476,,,
519744:ApriltagsCameraLog(1):,1,148.985736,130.050000,148.985736,130.050000,148.919203,13.010119,13.046723,1.986683,2.130319,59.566606,62321,2.948228
519764:ApriltagsCameraLog(1):,,,,,,148.677758,,13.062275,,2.129975,,,
519805:ApriltagsCameraLog(1):,1,148.919203,130.109000,148.919203,130.109000,148.268518,13.018390,13.103775,1.994104,2.140623,59.301578,62323,2.947942
519806:ApriltagsCameraLog(1):,2,148.919203,50.977000,148.919203,50.977000,148.205430,13.164135,13.104046,2.062870,2.136469,270.728537,62323,3.510110
519825:ApriltagsCameraLog(1):,1,148.205430,130.109000,148.205430,130.109000,147.982144,13.043668,13.128016,2.025355,2.138846,57.935848,62325,2.952545
519827:ApriltagsCameraLog(1):,2,148.205430,51.216000,148.205430,51.216000,147.918452,13.187629,13.128064,2.102043,2.136016,267.876975,62325,3.504713
519844:ApriltagsCameraLog(1):,14,147.918452,146.570000,147.918452,147.918452,147.881534,12.021229,13.152358,1.580734,2.138872,60.835316,62321,7.075839
519884:ApriltagsCameraLog(1):,1,147.881534,129.387000,147.881534,129.387000,148.042674,13.062492,13.172536,2.024827,2.121658,58.446241,62327,2.938923
519886:ApriltagsCameraLog(1):,2,147.881534,176.522000,147.881534,176.522000,147.978927,13.255766,13.172963,2.071999,2.118610,94.411853,62327,3.429177
519924:ApriltagsCameraLog(1):,1,147.978927,129.545000,147.978927,129.545000,148.014467,13.081075,13.234319,2.023022,2.117110,58.017830,62329,2.925555
519926:ApriltagsCameraLog(1):,2,147.978927,51.967000,147.978927,51.967000,147.951515,13.223119,13.233603,2.095027,2.113753,262.419909,62329,3.469226
519964:ApriltagsCameraLog(1):,1,147.951515,130.272000,147.951515,130.272000,147.428088,13.117796,13.294577,2.028448,2.112113,56.037207,62331,2.905626
519987:ApriltagsCameraLog(1):,,,,,,146.464519,,13.337695,,2.104472,,,
520005:ApriltagsCameraLog(1):,1,147.428088,129.589000,147.428088,129.589000,146.110210,13.207136,13.353701,2.044042,2.104093,55.332252,62334,2.859468
520007:ApriltagsCameraLog(1):,2,147.428088,176.557000,147.428088,176.557000,146.044961,13.356696,13.352289,2.118749,2.101458,93.496524,62334,3.361811
520044:ApriltagsCameraLog(1):,1,146.044961,129.114000,146.044961,129.114000,144.752619,13.275735,13.406024,2.076064,2.094832,53.095939,62335,2.839447
520047:ApriltagsCameraLog(1):,2,146.044961,175.970000,146.044961,175.970000,144.683719,13.390386,13.405978,2.186624,2.093901,95.398830,62335,3.361811
520064:ApriltagsCameraLog(1):,,,,,,144.298532,,13.431461,,2.091684,,,
520084:ApriltagsCameraLog(1):,1,144.683719,127.291000,144.683719,127.291000,144.026620,13.339278,13.451971,2.058922,2.088370,52.807843,62338,2.784757
520085:ApriltagsCameraLog(1):,2,144.683719,174.608000,144.683719,174.608000,143.957404,13.429875,13.450981,2.171431,2.086776,93.895378,62338,3.314796
520104:ApriltagsCameraLog(1):,11,143.957404,149.784000,143.957404,149.784000,143.925747,12.977028,13.470961,1.685828,2.085080,21.050476,62333,2.037587
520124:ApriltagsCameraLog(1):,1,143.925747,126.085000,143.925747,126.085000,143.993575,13.385315,13.453098,2.042743,2.049503,52.741349,62340,2.742993
520126:ApriltagsCameraLog(1):,2,143.925747,173.594000,143.925747,173.594000,143.924298,13.485193,13.452956,2.149835,2.048829,91.342053,62340,3.253311
520144:ApriltagsCameraLog(1):,11,143.924298,146.623000,143.924298,146.623000,144.062339,13.089060,13.470221,1.728438,2.047476,17.189838,62336,2.067086
520164:ApriltagsCameraLog(1):,1,144.062339,125.118000,144.062339,125.118000,144.210116,13.410824,13.450562,2.032985,2.013591,54.312361,62342,2.720552
520166:ApriltagsCameraLog(1):,2,144.062339,174.038000,144.062339,174.038000,144.140763,13.514219,13.450922,2.123090,2.013968,90.828815,62342,3.215129
520184:ApriltagsCameraLog(1):,11,144.140763,146.725000,144.140763,146.725000,144.341448,13.138190,13.466133,1.734170,2.013536,17.279032,62338,2.091337
520204:ApriltagsCameraLog(1):,1,144.341448,125.263000,144.341448,125.263000,144.526227,13.445834,13.449361,2.022016,1.984129,53.901194,62344,2.692059
520206:ApriltagsCameraLog(1):,2,144.341448,55.876000,144.341448,55.876000,144.456641,13.548650,13.450640,2.114996,1.985464,221.167504,62344,3.182679
520224:ApriltagsCameraLog(1):,11,144.456641,146.839000,144.456641,146.839000,144.528070,13.171522,13.463306,1.737455,1.984255,17.167174,62340,2.108027
520265:ApriltagsCameraLog(1):,1,144.528070,125.608000,144.528070,125.608000,144.845388,13.472143,13.462607,2.019041,1.951441,53.214037,62346,2.675048
520267:ApriltagsCameraLog(1):,2,144.528070,56.634000,144.528070,56.634000,144.775770,13.576124,13.464550,2.111753,1.953636,217.979421,62346,3.158358
520268:ApriltagsCameraLog(1):,11,144.775770,146.823000,144.775770,146.823000,144.695563,13.193127,13.464737,1.746371,1.955749,16.753186,62341,2.113282
520285:ApriltagsCameraLog(1):,1,144.695563,126.345000,144.695563,126.345000,144.876965,13.492263,13.453971,2.024674,1.928040,52.022775,62348,2.668728
520287:ApriltagsCameraLog(1):,2,144.695563,174.170000,144.695563,174.170000,144.807612,13.593678,13.456206,2.116904,1.931408,87.534170,62348,3.146863
520326:ApriltagsCameraLog(1):,11,144.807612,147.306000,144.807612,147.306000,145.117210,13.209362,13.489440,1.733300,1.922633,17.583071,62344,2.133534
520344:ApriltagsCameraLog(1):,1,145.117210,126.353000,145.117210,126.353000,145.210439,13.517035,13.478566,2.011965,1.895743,52.240121,62351,2.645188
520348:ApriltagsCameraLog(1):,2,145.117210,173.486000,145.117210,173.486000,145.139894,13.608686,13.480984,2.111370,1.899588,84.652743,62351,3.132865
520370:ApriltagsCameraLog(1):,11,145.139894,147.459000,145.139894,147.459000,145.056494,13.228153,13.495762,1.720316,1.889363,17.533419,62346,2.154088
520386:ApriltagsCameraLog(1):,1,145.056494,126.980000,145.056494,126.980000,144.989195,13.549839,13.474919,2.004312,1.868510,50.438317,62353,2.620576
520405:ApriltagsCameraLog(1):,11,144.989195,147.963000,144.989195,147.963000,144.587995,13.233720,13.480990,1.696863,1.866334,18.696928,62348,2.176411
520424:ApriltagsCameraLog(1):,1,144.587995,126.892000,144.587995,126.892000,144.063436,13.587741,13.462539,1.990038,1.842269,49.012866,62355,2.587092
520444:ApriltagsCameraLog(1):,11,144.063436,147.828000,144.063436,147.828000,143.423608,13.223232,13.470354,1.650105,1.844213,20.209195,62350,2.210256
520466:ApriltagsCameraLog(1):,1,143.423608,125.947000,143.423608,125.947000,142.891362,13.623989,13.452015,1.992663,1.821584,48.199828,62357,2.567767
520468:ApriltagsCameraLog(1):,11,142.891362,147.433000,142.891362,147.433000,142.813717,13.207581,13.458357,1.600086,1.828855,21.756224,62352,2.245166
520484:ApriltagsCameraLog(1):,1,142.813717,125.630000,142.813717,125.630000,142.133830,13.633466,13.440441,1.950437,1.805932,46.772079,62359,2.525740
520486:ApriltagsCameraLog(1):,2,142.813717,173.602000,142.813717,173.602000,142.057434,13.723319,13.447503,2.067711,1.812526,85.771732,62359,3.003565
520507:ApriltagsCameraLog(1):,1,142.057434,124.810000,142.057434,124.810000,141.333708,13.641603,13.457053,1.950678,1.814396,46.759246,62360,2.520122
520510:ApriltagsCameraLog(1):,11,142.057434,145.980000,142.057434,145.980000,141.256219,13.233726,13.463746,1.588409,1.820732,21.149563,62354,2.273856
520524:ApriltagsCameraLog(1):,1,141.256219,123.923000,141.256219,123.923000,140.527009,13.652940,13.441594,1.950425,1.788188,46.735657,62361,2.512310
520527:ApriltagsCameraLog(1):,2,141.256219,55.203000,141.256219,55.203000,140.447818,13.690392,13.449264,2.108456,1.795622,205.326222,62361,3.047037
520529:ApriltagsCameraLog(1):,11,140.447818,144.987000,140.447818,144.987000,140.362939,13.215745,13.448941,1.563161,1.799735,22.273567,62356,2.289961
520545:ApriltagsCameraLog(1):,11,140.362939,145.068000,140.362939,145.068000,139.602521,13.245972,13.434466,1.589613,1.777553,22.502058,62357,2.287782
520564:ApriltagsCameraLog(1):,1,140.362939,124.323000,140.362939,124.323000,139.014102,13.666957,13.425624,1.952217,1.759024,44.365459,62362,2.504683
520572:ApriltagsCameraLog(1):,2,140.362939,54.871000,140.362939,54.871000,138.904181,13.744460,13.449324,2.087117,1.782496,199.498416,62362,2.986456
520574:ApriltagsCameraLog(1):,11,138.904181,144.436000,138.904181,144.436000,138.817381,13.221571,13.449585,1.563611,1.787078,23.917964,62358,2.299917
520584:ApriltagsCameraLog(1):,1,138.817381,121.964000,138.817381,121.964000,138.384244,13.673904,13.441164,1.951661,1.763675,45.592173,62364,2.497273
520586:ApriltagsCameraLog(1):,2,138.817381,170.725000,138.817381,170.725000,138.306233,13.734628,13.450008,2.095352,1.771721,87.762179,62364,2.992727
520587:ApriltagsCameraLog(1):,11,138.306233,143.584000,138.306233,143.584000,138.376667,13.225891,13.458339,1.583918,1.776661,23.394914,62359,2.289131
520624:ApriltagsCameraLog(1):,1,138.376667,121.604000,138.376667,121.604000,137.965975,13.676387,13.463558,1.944248,1.746770,45.270308,62365,2.488644
520626:ApriltagsCameraLog(1):,2,138.376667,170.228000,138.376667,170.228000,137.888495,13.762088,13.472273,2.068391,1.755102,86.316400,62365,2.953066
520644:ApriltagsCameraLog(1):,11,137.888495,142.159000,137.888495,142.159000,138.070220,13.238307,13.495133,1.590140,1.751698,21.905333,62360,2.293759
520664:ApriltagsCameraLog(1):,1,138.070220,120.697000,138.070220,120.697000,138.420184,13.667653,13.497288,1.926453,1.730410,46.034659,62367,2.477176
520666:ApriltagsCameraLog(1):,2,138.070220,52.920000,138.070220,52.920000,138.344492,13.745758,13.505026,2.047703,1.738726,196.317995,62367,2.954053
520684:ApriltagsCameraLog(1):,11,138.344492,141.158000,138.344492,141.158000,138.738435,13.306006,13.527366,1.623582,1.736275,19.818011,62363,2.308312
520705:ApriltagsCameraLog(1):,1,138.738435,120.360000,138.738435,120.360000,139.323453,13.650556,13.537036,1.908477,1.718191,47.614849,62369,2.472317
520724:ApriltagsCameraLog(1):,11,139.323453,141.408000,139.323453,141.408000,139.757961,13.344815,13.569758,1.651681,1.718677,18.683428,62364,2.307574
520744:ApriltagsCameraLog(1):,1,139.757961,120.978000,139.757961,120.978000,140.189476,13.644093,13.585136,1.887847,1.701044,48.018743,62370,2.460598
520784:ApriltagsCameraLog(1):,1,140.189476,121.571000,140.189476,121.571000,140.669487,13.715415,13.655293,1.900361,1.693858,47.161559,62373,2.434926
520787:ApriltagsCameraLog(1):,2,140.189476,170.357000,140.189476,170.357000,140.592672,13.809629,13.660098,1.997255,1.702092,80.561922,62373,2.882060
520788:ApriltagsCameraLog(1):,11,140.592672,143.420000,140.592672,143.420000,140.668629,13.394252,13.667497,1.605085,1.707050,20.465345,62369,2.369311
520804:ApriltagsCameraLog(1):,1,140.668629,122.116000,140.668629,122.116000,140.883159,13.768178,13.683014,1.900614,1.690121,46.473245,62375,2.409543
520825:ApriltagsCameraLog(1):,1,140.883159,122.722000,140.883159,122.722000,141.010852,13.790126,13.723297,1.899267,1.688765,45.575342,62376,2.397970
520827:ApriltagsCameraLog(1):,2,140.883159,171.767000,140.883159,171.767000,140.933249,13.889425,13.728398,1.996212,1.697364,79.888476,62376,2.817544
520828:ApriltagsCameraLog(1):,11,140.933249,144.346000,140.933249,144.346000,141.011566,13.441883,13.736119,1.588736,1.702373,21.852035,62371,2.411498
520844:ApriltagsCameraLog(1):,2,141.011566,171.618000,141.011566,171.618000,141.226846,13.918052,13.756413,2.001594,1.681575,78.687151,62377,2.797250
520864:ApriltagsCameraLog(1):,11,141.226846,144.107000,141.226846,144.107000,141.453426,13.469792,13.803889,1.589466,1.676542,21.156838,62372,2.428240
520884:ApriltagsCameraLog(1):,11,141.453426,144.886000,141.453426,144.886000,141.661905,13.527406,13.825568,1.575935,1.656744,22.578573,62374,2.476103
520905:ApriltagsCameraLog(1):,2,141.453426,173.831000,141.453426,173.831000,141.877272,14.008529,13.850119,1.962851,1.638428,78.903605,62379,2.702399
520924:ApriltagsCameraLog(1):,11,141.877272,144.772000,141.877272,144.772000,142.101339,13.570286,13.916798,1.573177,1.640267,21.977839,62375,2.505506
520944:ApriltagsCameraLog(1):,,,,,,142.234690,,13.939848,,1.618314,,,
520965:ApriltagsCameraLog(1):,11,142.101339,145.142000,142.101339,145.142000,142.374765,13.603810,13.981746,1.566553,1.599795,22.507460,62376,2.532431
520984:ApriltagsCameraLog(1):,,,,,,142.527646,,14.006375,,1.575172,,,
521005:ApriltagsCameraLog(1):,2,142.374765,173.026000,142.374765,173.026000,142.708921,14.172153,14.049735,1.915126,1.556227,70.553230,62385,2.544468
521007:ApriltagsCameraLog(1):,11,142.374765,145.469000,142.374765,145.469000,142.795499,13.662945,14.057764,1.546607,1.563488,23.168600,62378,2.586718
521025:ApriltagsCameraLog(1):,2,142.795499,172.829000,142.795499,172.829000,142.805239,14.195661,14.073352,1.891999,1.530494,68.490679,62386,2.513543
521027:ApriltagsCameraLog(1):,11,142.795499,145.231000,142.795499,145.231000,142.893554,13.740548,14.081963,1.519083,1.537497,22.722666,62380,2.659052
521045:ApriltagsCameraLog(1):,2,142.893554,172.994000,142.893554,172.994000,142.953032,14.237352,14.099886,1.874696,1.503616,67.205229,62387,2.469903
521047:ApriltagsCameraLog(1):,11,142.953032,145.669000,142.953032,145.669000,143.043045,13.804371,14.109249,1.486876,1.510727,23.920534,62382,2.726427
521070:ApriltagsCameraLog(1):,2,143.043045,173.440000,143.043045,173.440000,143.237130,14.312634,14.136675,1.842567,1.481027,65.138505,62389,2.390576
521077:ApriltagsCameraLog(1):,11,143.043045,145.836000,143.043045,145.836000,143.330310,13.836282,14.146215,1.468484,1.488557,24.426481,62383,2.761712
521084:ApriltagsCameraLog(1):,11,143.330310,145.627000,143.330310,145.627000,143.406251,13.880109,14.165210,1.453926,1.452211,23.875713,62384,2.802047
521104:ApriltagsCameraLog(1):,2,143.406251,173.166000,143.406251,173.166000,143.551176,14.316977,14.196584,1.828698,1.422791,63.784996,62390,2.380326
521124:ApriltagsCameraLog(1):,11,143.551176,146.093000,143.551176,146.093000,143.782154,13.916433,14.250044,1.434836,1.407194,24.737311,62385,2.840482
521144:ApriltagsCameraLog(1):,2,143.782154,173.735000,143.782154,173.735000,143.944159,14.355329,14.278761,1.805249,1.377069,62.707129,62391,2.336911
521164:ApriltagsCameraLog(1):,11,143.944159,146.196000,143.944159,146.196000,144.103551,13.993616,14.331111,1.403838,1.355905,24.906824,62387,2.916131
521204:ApriltagsCameraLog(1):,2,144.103551,174.014000,144.103551,174.014000,144.196980,14.553102,14.397484,1.682080,1.297487,55.257294,62396,2.105665
521206:ApriltagsCameraLog(1):,11,144.103551,146.174000,144.103551,146.174000,144.304708,14.068717,14.407942,1.344268,1.307097,25.453718,62389,3.010954
521225:ApriltagsCameraLog(1):,,,,,,144.243627,,14.419651,,1.266949,,,
521244:ApriltagsCameraLog(1):,2,144.304708,173.774000,144.304708,173.774000,144.287573,14.576942,14.452388,1.644381,1.241690,53.363276,62397,2.065025
521264:ApriltagsCameraLog(1):,2,144.287573,174.314000,144.287573,174.314000,144.406251,14.611688,14.493941,1.623202,1.225783,52.815047,62398,2.024381
521266:ApriltagsCameraLog(1):,11,144.406251,146.627000,144.406251,146.627000,144.519340,14.208651,14.504618,1.245769,1.236095,27.415736,62393,3.179220
521285:ApriltagsCameraLog(1):,2,144.519340,174.231000,144.519340,174.231000,144.543264,14.664043,14.518488,1.577024,1.209766,50.220972,62399,1.955801
521324:ApriltagsCameraLog(1):,2,144.543264,174.494000,144.543264,174.494000,144.570552,14.664610,14.569133,1.560151,1.186355,50.200454,62400,1.945699
521343:ApriltagsCameraLog(1):,,,,,,144.658769,,14.591027,,1.185887,,,
521364:ApriltagsCameraLog(1):,2,144.570552,174.218000,144.570552,174.218000,144.620317,14.756487,14.598828,1.487555,1.177153,46.115117,62402,1.828912
521384:ApriltagsCameraLog(1):,,,,,,144.538773,,14.615962,,1.178776,,,
521404:ApriltagsCameraLog(1):,2,144.620317,174.479000,144.620317,174.479000,144.387711,14.802615,14.617553,1.446877,1.176191,44.419203,62404,1.768022
521424:ApriltagsCameraLog(1):,,,,,,144.545492,,14.626500,,1.186569,,,
521444:ApriltagsCameraLog(1):,2,144.387711,174.124000,144.387711,174.124000,144.578451,14.855264,14.621552,1.404290,1.192995,42.108740,62406,1.699631
521463:ApriltagsCameraLog(1):,,,,,,144.692562,,14.631571,,1.206982,,,
521485:ApriltagsCameraLog(1):,2,144.578451,173.829000,144.578451,173.829000,144.538753,14.888947,14.628634,1.349441,1.214152,39.777773,62408,1.641790
521503:ApriltagsCameraLog(1):,,,,,,144.473121,,14.636445,,1.230942,,,
521525:ApriltagsCameraLog(1):,2,144.538753,173.649000,144.538753,173.649000,144.253394,14.940796,14.629246,1.304345,1.247722,37.500185,62411,1.573541
521526:ApriltagsCameraLog(1):,11,144.253394,146.168000,144.253394,146.168000,144.406683,14.528023,14.644660,0.992482,1.248311,30.613137,62406,3.586724
521544:ApriltagsCameraLog(1):,2,144.406683,173.747000,144.406683,173.747000,144.154292,14.951496,14.627084,1.294211,1.251946,37.248317,62412,1.558529
521564:ApriltagsCameraLog(1):,2,144.154292,173.435000,144.154292,173.435000,144.048280,14.963253,14.633965,1.286597,1.264594,36.720793,62413,1.543538
521584:ApriltagsCameraLog(1):,2,144.048280,173.235000,144.048280,173.235000,143.899116,14.967420,14.638705,1.280271,1.276840,36.402221,62414,1.536178
521604:ApriltagsCameraLog(1):,2,143.899116,173.243000,143.899116,173.243000,143.808415,14.976995,14.641728,1.277453,1.291776,36.228854,62415,1.526032
521606:ApriltagsCameraLog(1):,11,143.899116,146.033000,143.899116,146.033000,143.966340,14.559723,14.657207,0.991190,1.288792,31.431098,62409,3.612947
521623:ApriltagsCameraLog(1):,,,,,,143.613763,,14.617259,,1.295066,,,
521664:ApriltagsCameraLog(1):,2,143.966340,172.590000,143.966340,172.590000,143.210015,14.966301,14.564660,1.270808,1.340639,35.739595,62417,1.531661
521684:ApriltagsCameraLog(1):,2,143.210015,172.292000,143.210015,172.292000,143.067391,14.950316,14.549751,1.294440,1.359675,36.891446,62419,1.554938
521688:ApriltagsCameraLog(1):,11,143.210015,144.833000,143.210015,144.833000,143.221640,14.562293,14.565589,1.002685,1.355022,30.085903,62412,3.610604
521704:ApriltagsCameraLog(1):,2,143.221640,172.066000,143.221640,172.066000,142.707752,14.940035,14.512697,1.301793,1.367280,37.061043,62420,1.567613
521724:ApriltagsCameraLog(1):,11,142.707752,143.791000,142.707752,143.791000,142.548090,14.541013,14.493159,1.054152,1.391990,28.268280,62416,3.563176
521745:ApriltagsCameraLog(1):,2,142.707752,171.768000,142.707752,171.768000,142.164363,14.924669,14.451188,1.315628,1.401517,37.841913,62421,1.586011
521747:ApriltagsCameraLog(1):,11,142.164363,143.660000,142.164363,143.660000,142.310160,14.504068,14.469346,1.064014,1.414302,29.028932,62417,3.531516
521765:ApriltagsCameraLog(1):,2,142.310160,171.206000,142.310160,171.206000,141.880644,14.887736,14.425330,1.346284,1.424477,39.118209,62423,1.632146
521785:ApriltagsCameraLog(1):,2,141.880644,171.368000,141.880644,171.368000,141.631999,14.862368,14.400559,1.363249,1.448708,40.622747,62424,1.660942
521804:ApriltagsCameraLog(1):,11,141.631999,143.167000,141.631999,143.167000,141.412836,14.465152,14.375931,1.099804,1.473020,28.664910,62419,3.481297
521824:ApriltagsCameraLog(1):,2,141.412836,170.317000,141.412836,170.317000,141.050835,14.827272,14.325944,1.393018,1.486322,41.387361,62425,1.704786
521844:ApriltagsCameraLog(1):,,,,,,140.902158,,14.293535,,1.513886,,,
521864:ApriltagsCameraLog(1):,2,141.050835,169.895000,141.050835,169.895000,140.558836,14.782986,14.245630,1.414523,1.541874,42.792931,62427,1.752071
521884:ApriltagsCameraLog(1):,2,140.558836,169.597000,140.558836,169.597000,140.396641,14.718887,14.209459,1.457641,1.566509,45.356403,62429,1.827310
521904:ApriltagsCameraLog(1):,,,,,,140.216671,,14.171271,,1.592359,,,
521924:ApriltagsCameraLog(1):,2,140.396641,168.749000,140.396641,168.749000,139.906307,14.635583,14.117470,1.486204,1.624601,47.153812,62431,1.911862
521944:ApriltagsCameraLog(1):,2,139.906307,168.861000,139.906307,168.861000,139.684267,14.605882,14.077135,1.519783,1.646636,49.179533,62432,1.953100
521964:ApriltagsCameraLog(1):,2,139.684267,167.840000,139.684267,167.840000,139.491570,14.544878,14.031238,1.536874,1.667487,49.984981,62433,2.012532
521966:ApriltagsCameraLog(1):,11,139.491570,141.532000,139.491570,141.532000,139.601406,14.217840,14.044426,1.329474,1.661564,26.775301,62428,3.154728
521984:ApriltagsCameraLog(1):,2,139.601406,168.424000,139.601406,168.424000,139.278347,14.514276,13.985988,1.552908,1.671067,51.916014,62434,2.046579
522004:ApriltagsCameraLog(1):,11,139.278347,138.567000,139.278347,138.567000,139.030031,14.150130,13.937596,1.384922,1.694644,23.079335,62430,3.068328
522044:ApriltagsCameraLog(1):,2,139.278347,167.485000,139.278347,167.485000,138.283518,14.467568,13.816874,1.572893,1.727615,52.581015,62435,2.095283
522084:ApriltagsCameraLog(1):,2,138.283518,167.018000,138.283518,167.018000,137.670672,14.321727,13.691109,1.636572,1.790327,58.046394,62438,2.248214
522105:ApriltagsCameraLog(1):,2,137.670672,165.910000,137.670672,165.910000,137.437492,14.208070,13.636112,1.675879,1.810859,60.809067,62440,2.362779
522107:ApriltagsCameraLog(1):,11,137.437492,139.844000,137.437492,139.844000,137.528048,13.851705,13.648264,1.514851,1.805900,23.757144,62435,2.768617
522124:ApriltagsCameraLog(1):,1,137.528048,115.967000,137.528048,115.967000,137.212420,14.039609,13.583457,1.637396,1.814290,42.124327,62441,2.043367
522126:ApriltagsCameraLog(1):,2,137.528048,165.742000,137.528048,165.742000,137.108087,14.158407,13.597043,1.676706,1.812089,62.059514,62441,2.405002
522144:ApriltagsCameraLog(1):,1,137.108087,114.839000,137.108087,114.839000,136.862309,13.990492,13.539307,1.668487,1.831259,44.334609,62442,2.092379
522146:ApriltagsCameraLog(1):,11,137.108087,137.876000,137.108087,137.876000,136.759680,13.826404,13.551851,1.505026,1.829783,20.532220,62436,2.758496
522164:ApriltagsCameraLog(1):,1,136.759680,114.329000,136.759680,114.329000,136.518501,13.860832,13.475682,1.696739,1.833634,46.782920,62444,2.178189
522166:ApriltagsCameraLog(1):,11,136.759680,137.173000,136.759680,137.173000,136.421797,13.774524,13.487724,1.515561,1.832519,19.497087,62437,2.715402
522184:ApriltagsCameraLog(1):,1,136.421797,115.376000,136.421797,115.376000,136.184819,13.814053,13.410690,1.717685,1.837513,45.798171,62445,2.218976
522186:ApriltagsCameraLog(1):,11,136.421797,136.796000,136.421797,136.796000,136.092163,13.663149,13.423525,1.559622,1.836958,18.521170,62439,2.606638
522224:ApriltagsCameraLog(1):,11,136.092163,136.111000,136.092163,136.111000,135.494052,13.615892,13.279862,1.586601,1.864258,17.479225,62440,2.555795
522244:ApriltagsCameraLog(1):,1,135.494052,114.847000,135.494052,114.847000,135.159137,13.759107,13.220425,1.739933,1.868046,46.312835,62446,2.263960
522246:ApriltagsCameraLog(1):,2,135.494052,164.043000,135.494052,164.043000,135.066707,13.875918,13.232616,1.781254,1.868840,71.460413,62446,2.692197
522264:ApriltagsCameraLog(1):,11,135.066707,136.148000,135.066707,136.148000,134.817431,13.521850,13.171628,1.583194,1.887864,18.819625,62441,2.497905
522285:ApriltagsCameraLog(1):,1,134.817431,114.835000,134.817431,114.835000,134.462962,13.632868,13.106468,1.784423,1.891009,47.783877,62448,2.367162
522287:ApriltagsCameraLog(1):,2,134.817431,163.416000,134.817431,163.416000,134.376411,13.760682,13.118139,1.817839,1.892645,75.104814,62448,2.807241
522305:ApriltagsCameraLog(1):,1,134.376411,114.108000,134.376411,114.108000,134.068741,13.509338,13.056890,1.810068,1.912906,50.406148,62450,2.456632
522307:ApriltagsCameraLog(1):,11,134.376411,135.973000,134.376411,135.973000,133.986429,13.349585,13.067842,1.637306,1.913707,18.279191,62444,2.345320
522324:ApriltagsCameraLog(1):,1,133.986429,143.007000,133.986429,143.007000,133.734878,13.429473,12.992349,1.833762,1.917539,32.660759,62451,2.521410
522326:ApriltagsCameraLog(1):,11,133.986429,134.730000,133.986429,134.730000,133.786179,13.291004,13.007263,1.655251,1.914647,16.504996,62445,2.295334
522344:ApriltagsCameraLog(1):,11,133.786179,135.318000,133.786179,135.318000,133.350559,13.182326,12.929961,1.693887,1.919730,16.809735,62447,2.197103
522365:ApriltagsCameraLog(1):,1,133.350559,112.130000,133.350559,112.130000,132.982686,13.305308,12.866362,1.868600,1.923204,56.128183,62453,2.622244
522367:ApriltagsCameraLog(1):,11,132.982686,134.101000,132.982686,134.101000,132.905220,13.093867,12.874802,1.707038,1.925176,15.662687,62448,2.135911
522385:ApriltagsCameraLog(1):,1,132.905220,113.036000,132.905220,113.036000,132.547175,13.175447,12.807420,1.889872,1.929153,56.010322,62455,2.718982
522387:ApriltagsCameraLog(1):,11,132.905220,133.542000,132.905220,133.542000,132.475686,13.046479,12.816090,1.712458,1.931022,14.708024,62449,2.103439
522404:ApriltagsCameraLog(1):,11,132.475686,133.017000,132.475686,133.017000,132.181977,12.982789,12.742348,1.742056,1.933406,14.075227,62450,2.044055
522444:ApriltagsCameraLog(1):,1,132.181977,106.881000,132.181977,106.881000,131.468310,13.099631,12.600953,1.925469,1.961884,68.274033,62456,2.792569
522464:ApriltagsCameraLog(1):,11,131.468310,132.659000,131.468310,132.659000,131.035696,12.884318,12.529173,1.741731,1.987742,14.487540,62451,1.993258
522486:ApriltagsCameraLog(1):,1,131.035696,111.832000,131.035696,111.832000,130.660687,12.996915,12.455969,1.954787,1.993745,58.477011,62458,2.877980
522504:ApriltagsCameraLog(1):,11,130.660687,131.553000,130.660687,131.553000,130.226940,12.750584,12.388283,1.781181,2.020786,13.223224,62453,1.892495
522524:ApriltagsCameraLog(1):,1,130.226940,111.098000,130.226940,111.098000,129.893401,12.875560,12.318667,1.986722,2.026751,60.708312,62460,2.980155
522544:ApriltagsCameraLog(1):,11,129.893401,131.002000,129.893401,131.002000,129.500845,12.619538,12.250727,1.804664,2.054251,12.765542,62455,1.811448
522565:ApriltagsCameraLog(1):,1,129.500845,108.168000,129.500845,108.168000,129.173675,12.706093,12.181583,2.067059,2.058483,69.614772,62462,3.152228
522584:ApriltagsCameraLog(1):,11,129.173675,130.251000,129.173675,130.251000,128.780710,12.489250,12.108873,1.833759,2.087840,12.018658,62457,1.731223
522605:ApriltagsCameraLog(1):,1,128.780710,108.247000,128.780710,108.247000,128.449474,12.574814,12.041641,2.073665,2.091727,70.144511,62464,3.246601
522626:ApriltagsCameraLog(1):,1,128.449474,109.213000,128.449474,109.213000,128.065112,12.436522,11.948883,2.075392,2.127917,69.504283,62466,3.346643
522646:ApriltagsCameraLog(1):,1,128.065112,107.211000,128.065112,107.211000,127.712498,12.369040,11.898312,2.083663,2.149502,74.676236,62467,3.400376
522664:ApriltagsCameraLog(1):,,,,,,127.339909,,11.827037,,2.178068,,,
522685:ApriltagsCameraLog(1):,,,,,,127.007572,,11.747474,,2.206046,,,
522705:ApriltagsCameraLog(1):,1,127.712498,108.100000,127.712498,108.100000,126.653263,12.212306,11.669506,2.109998,2.233992,74.832053,62469,3.533804
522724:ApriltagsCameraLog(1):,1,126.653263,107.715000,126.653263,107.715000,126.194268,12.095533,11.599918,2.162167,2.262887,75.857834,62471,3.651710
522744:ApriltagsCameraLog(1):,,,,,,125.695566,,11.530150,,2.293436,,,
522764:ApriltagsCameraLog(1):,1,126.194268,107.177000,126.194268,107.177000,125.135263,12.023443,11.453636,2.176557,2.322608,77.513508,62472,3.714111
522783:ApriltagsCameraLog(1):,,,,,,124.381897,,11.385838,,2.352796,,,
522805:ApriltagsCameraLog(1):,1,125.135263,107.025000,125.135263,107.025000,123.513978,11.872658,11.310958,2.242425,2.383578,78.540481,62474,3.867518
522824:ApriltagsCameraLog(1):,,,,,,122.403243,,11.245706,,2.415906,,,
522845:ApriltagsCameraLog(1):,1,123.513978,106.874000,123.513978,106.874000,121.142562,11.602558,11.173381,2.294050,2.449487,79.472255,62477,4.103994
522864:ApriltagsCameraLog(1):,1,121.142562,104.991000,121.142562,104.991000,119.638692,11.608199,11.112884,2.361745,2.488188,78.544410,62478,4.129289
522884:ApriltagsCameraLog(1):,1,119.638692,107.330000,119.638692,107.330000,117.887669,11.488132,11.056196,2.450517,2.529202,69.532296,62479,4.271032
522904:ApriltagsCameraLog(1):,,,,,,115.863827,,11.000714,,2.573418,,,
522924:ApriltagsCameraLog(1):,,,,,,113.721493,,10.942576,,2.616219,,,
522944:ApriltagsCameraLog(1):,,,,,,111.381406,,10.887421,,2.664361,,,
522964:ApriltagsCameraLog(1):,,,,,,108.777646,,10.833798,,2.711682,,,
522983:ApriltagsCameraLog(1):,,,,,,106.033810,,10.784290,,2.759927,,,
523004:ApriltagsCameraLog(1):,,,,,,103.166379,,10.736543,,2.810756,,,
523024:ApriltagsCameraLog(1):,,,,,,100.109433,,10.691257,,2.863339,,,
523044:ApriltagsCameraLog(1):,,,,,,96.972836,,10.649919,,2.916875,,,
523064:ApriltagsCameraLog(1):,,,,,,93.723630,,10.612273,,2.973421,,,
523083:ApriltagsCameraLog(1):,,,,,,90.348080,,10.577872,,3.031644,,,
523104:ApriltagsCameraLog(1):,,,,,,86.901120,,10.547516,,3.091099,,,
523124:ApriltagsCameraLog(1):,,,,,,83.347043,,10.520507,,3.152470,,,
523143:ApriltagsCameraLog(1):,,,,,,79.672116,,10.492697,,3.214452,,,
523164:ApriltagsCameraLog(1):,,,,,,75.914792,,10.463422,,3.269886,,,
523184:ApriltagsCameraLog(1):,13,83.347043,69.776000,83.347043,69.776000,72.138241,10.373333,10.437003,2.764210,3.327624,18.138452,62488,1.336903
523204:ApriltagsCameraLog(1):,,,,,,68.125052,,10.405467,,3.349066,,,
523224:ApriltagsCameraLog(1):,13,72.138241,67.223000,72.138241,67.223000,64.238638,10.201356,10.378919,2.931032,3.407371,11.233911,62490,1.316479
523243:ApriltagsCameraLog(1):,,,,,,60.120902,,10.324485,,3.422750,,,
523263:ApriltagsCameraLog(1):,,,,,,56.171317,,10.297080,,3.486201,,,
523283:ApriltagsCameraLog(1):,,,,,,52.235465,,10.274687,,3.549687,,,
523304:ApriltagsCameraLog(1):,,,,,,48.401236,,10.256202,,3.617504,,,
523324:ApriltagsCameraLog(1):,,,,,,44.671378,,10.241904,,3.686622,,,
523344:ApriltagsCameraLog(1):,,,,,,41.150260,,10.220856,,3.751639,,,
523364:ApriltagsCameraLog(1):,,,,,,38.008170,,10.195714,,3.813753,,,
523384:ApriltagsCameraLog(1):,,,,,,35.316519,,10.173253,,3.878938,,,
523403:ApriltagsCameraLog(1):,,,,,,32.858329,,10.153205,,3.943418,,,
523424:ApriltagsCameraLog(1):,,,,,,30.320487,,10.123743,,4.008814,,,
523443:ApriltagsCameraLog(1):,,,,,,27.906241,,10.097784,,4.073822,,,
523463:ApriltagsCameraLog(1):,,,,,,25.629325,,10.060915,,4.141284,,,
523484:ApriltagsCameraLog(1):,,,,,,23.500724,,10.024304,,4.214669,,,
523504:ApriltagsCameraLog(1):,,,,,,21.517691,,9.990764,,4.288516,,,
523524:ApriltagsCameraLog(1):,13,25.629325,23.630000,25.629325,23.630000,19.792838,9.808281,9.960678,3.771479,4.360905,8.543944,62505,1.265044
523544:ApriltagsCameraLog(1):,13,19.792838,20.264000,19.792838,20.264000,18.387237,9.732539,9.886817,3.955793,4.370951,7.747708,62507,1.299886
523564:ApriltagsCameraLog(1):,13,18.387237,18.474000,18.387237,18.474000,17.147706,9.705240,9.813066,4.008415,4.399306,7.618100,62508,1.319071
523584:ApriltagsCameraLog(1):,13,17.147706,17.592000,17.147706,17.592000,15.961109,9.677137,9.748196,4.083579,4.434340,8.029680,62509,1.336013
523605:ApriltagsCameraLog(1):,13,15.961109,15.656000,15.961109,15.656000,15.000765,9.622939,9.693760,4.129130,4.475223,8.344318,62510,1.387158
523624:ApriltagsCameraLog(1):,13,15.000765,15.573000,15.000765,15.573000,14.272268,9.599769,9.636034,4.215261,4.513070,8.702084,62511,1.403884
523643:ApriltagsCameraLog(1):,,,,,,13.755430,,9.583862,,4.560875,,,
523664:ApriltagsCameraLog(1):,13,14.272268,15.800000,14.272268,15.800000,13.381895,9.571005,9.542325,4.262220,4.632681,9.749789,62512,1.432210
523687:ApriltagsCameraLog(1):,,,,,,13.090305,,9.479750,,4.697700,,,
523706:ApriltagsCameraLog(1):,7,13.381895,10.353000,13.381895,13.381895,12.837619,9.207831,9.448760,3.898370,4.750497,97.180179,62520,9.698525
523708:ApriltagsCameraLog(1):,13,12.837619,13.013000,12.837619,13.013000,12.837241,9.448329,9.443525,4.529792,4.737846,9.711553,62516,1.568021
523724:ApriltagsCameraLog(1):,,,,,,12.819981,,9.395061,,4.792565,,,
523744:ApriltagsCameraLog(1):,13,12.837241,11.464000,12.837241,11.464000,12.699131,9.397640,9.347949,4.580775,4.868368,11.370258,62517,1.624672
523764:ApriltagsCameraLog(1):,,,,,,12.564500,,9.291586,,4.924019,,,
523784:ApriltagsCameraLog(1):,,,,,,12.545273,,9.241960,,4.996536,,,
523804:ApriltagsCameraLog(1):,7,12.699131,35.123000,12.699131,12.699131,12.515061,9.009745,9.195588,4.276799,5.064325,235.093347,62525,9.438283
523824:ApriltagsCameraLog(1):,,,,,,12.592033,,9.144441,,5.127694,,,
523844:ApriltagsCameraLog(1):,,,,,,12.666191,,9.092914,,5.198192,,,
523864:ApriltagsCameraLog(1):,,,,,,12.685417,,9.040655,,5.267793,,,
523883:ApriltagsCameraLog(1):,,,,,,12.718376,,8.991099,,5.333758,,,
523903:ApriltagsCameraLog(1):,,,,,,12.789787,,8.940209,,5.401362,,,
523924:ApriltagsCameraLog(1):,14,12.685417,15.852000,12.685417,15.852000,12.806267,9.032056,8.887985,4.770642,5.470615,38.456386,62531,4.025946
523944:ApriltagsCameraLog(1):,,,,,,12.811544,,8.837302,,5.511728,,,
523964:ApriltagsCameraLog(1):,,,,,,12.778585,,8.786670,,5.578014,,,
523984:ApriltagsCameraLog(1):,,,,,,12.753866,,8.734236,,5.646723,,,
524004:ApriltagsCameraLog(1):,,,,,,12.712667,,8.682039,,5.715214,,,
524024:ApriltagsCameraLog(1):,,,,,,12.682455,,8.630694,,5.782470,,,
524043:ApriltagsCameraLog(1):,,,,,,12.726400,,8.577498,,5.852120,,,
524085:ApriltagsCameraLog(1):,14,12.753866,8.461000,12.753866,8.461000,12.778585,8.755883,8.471763,5.163280,5.987329,39.456584,62537,3.825724
524104:ApriltagsCameraLog(1):,14,12.778585,13.241000,12.778585,13.241000,12.817453,8.613875,8.420880,5.341018,6.032284,28.127406,62540,3.735530
524124:ApriltagsCameraLog(1):,14,12.817453,12.861000,12.817453,12.861000,12.859598,8.585438,8.371301,5.407306,6.067010,26.943666,62541,3.728355
524144:ApriltagsCameraLog(1):,14,12.859598,12.906000,12.859598,12.906000,12.865940,8.541411,8.320896,5.472825,6.101024,26.784505,62542,3.707599
524164:ApriltagsCameraLog(1):,14,12.865940,12.732000,12.865940,12.732000,12.883278,8.483893,8.267348,5.530424,6.136883,26.736330,62543,3.672870
524184:ApriltagsCameraLog(1):,,,,,,12.876967,,8.216057,,6.170685,,,
524204:ApriltagsCameraLog(1):,,,,,,12.890700,,8.159483,,6.234293,,,
524224:ApriltagsCameraLog(1):,14,12.883278,13.752000,12.883278,13.752000,12.920912,8.339113,8.099358,5.706813,6.295767,28.081681,62546,3.604644
524244:ApriltagsCameraLog(1):,,,,,,12.927079,,8.046648,,6.327883,,,
524264:ApriltagsCameraLog(1):,14,12.920912,10.773000,12.920912,10.773000,12.987504,8.330924,7.984067,5.785337,6.385058,31.629659,62547,3.629639
524283:ApriltagsCameraLog(1):,,,,,,13.020898,,7.928567,,6.421099,,,
524305:ApriltagsCameraLog(1):,7,12.987504,3.384000,12.987504,12.987504,13.031884,7.948170,7.866822,5.765193,6.477399,123.807171,62549,8.269454
524306:ApriltagsCameraLog(1):,14,12.987504,11.163000,12.987504,11.163000,13.032003,8.187339,7.864766,5.894323,6.469251,30.025785,62549,3.549106
524326:ApriltagsCameraLog(1):,7,13.032003,15.276000,13.032003,13.032003,13.023164,7.815634,7.809041,5.847652,6.503762,76.041238,62551,8.138114
524328:ApriltagsCameraLog(1):,14,13.032003,13.013000,13.032003,13.013000,13.023279,8.078514,7.805325,5.989004,6.490699,25.039234,62551,3.498968
524366:ApriltagsCameraLog(1):,7,13.023279,10.773000,13.023279,13.023279,12.869664,7.763290,7.680446,5.915157,6.563784,75.581901,62552,8.087263
524368:ApriltagsCameraLog(1):,14,13.023279,13.455000,13.023279,13.455000,12.869680,8.005856,7.677035,6.044710,6.551730,25.781950,62552,3.464369
524385:ApriltagsCameraLog(1):,7,12.869680,19.685000,12.869680,12.869680,12.752202,7.709074,7.616488,5.998882,6.576147,103.048293,62554,8.035298
524404:ApriltagsCameraLog(1):,7,12.752202,17.282000,12.752202,12.752202,12.622849,7.588788,7.545877,6.046716,6.617847,87.663469,62555,7.916697
524425:ApriltagsCameraLog(1):,7,12.622849,15.880000,12.622849,12.622849,12.501578,7.496406,7.473216,6.086647,6.654050,79.022000,62556,7.825884
524432:ApriltagsCameraLog(1):,14,12.622849,13.029000,12.622849,13.029000,12.501085,7.823075,7.469473,6.263058,6.643137,25.431843,62556,3.429905
524465:ApriltagsCameraLog(1):,7,12.501085,12.647000,12.501085,12.501085,12.412099,7.442744,7.338569,6.141739,6.712267,60.062515,62557,7.774840
524484:ApriltagsCameraLog(1):,,,,,,12.416928,,7.262977,,6.740346,,,
524504:ApriltagsCameraLog(1):,7,12.412099,10.755000,12.412099,12.412099,12.433408,7.430151,7.191107,6.262389,6.782002,68.961002,62559,7.769743
524524:ApriltagsCameraLog(1):,,,,,,12.479973,,7.119291,,6.813015,,,
524548:ApriltagsCameraLog(1):,7,12.433408,19.718000,12.433408,12.433408,12.521172,7.231939,7.047674,6.348973,6.850340,99.614611,62561,7.579003
524564:ApriltagsCameraLog(1):,,,,,,12.529446,,6.970719,,6.877920,,,
524605:ApriltagsCameraLog(1):,7,12.521172,-0.867000,12.521172,12.521172,12.620083,7.019957,6.819792,6.453807,6.947012,131.030187,62564,7.378016
524624:ApriltagsCameraLog(1):,,,,,,12.727225,,6.741792,,6.972760,,,
524644:ApriltagsCameraLog(1):,7,12.620083,11.460000,12.620083,12.620083,12.842582,6.883832,6.663417,6.532171,7.003539,61.393604,62566,7.251472
524664:ApriltagsCameraLog(1):,,,,,,12.960925,,6.586579,,7.018797,,,
524684:ApriltagsCameraLog(1):,7,12.842582,13.693000,12.842582,12.842582,13.081775,6.762486,6.507536,6.628655,7.046348,58.753178,62568,7.143538
524703:ApriltagsCameraLog(1):,,,,,,13.214183,,6.427112,,7.064772,,,
524724:ApriltagsCameraLog(1):,7,13.081775,12.132000,13.081775,13.081775,13.343273,6.646530,6.351085,6.665053,7.090880,58.333980,62570,7.034267
524744:ApriltagsCameraLog(1):,,,,,,13.519566,,6.273907,,7.106154,,,
524764:ApriltagsCameraLog(1):,7,13.343273,13.698000,13.343273,13.343273,13.722813,6.545023,6.195526,6.727519,7.130930,54.412650,62572,6.943576
524783:ApriltagsCameraLog(1):,,,,,,13.959442,,6.124243,,7.143022,,,
524804:ApriltagsCameraLog(1):,7,13.722813,11.465000,13.722813,13.722813,14.220368,6.399228,6.047106,6.800193,7.166711,63.123629,62574,6.812081
524824:ApriltagsCameraLog(1):,,,,,,14.495719,,5.972257,,7.180938,,,
524866:ApriltagsCameraLog(1):,7,14.220368,12.436000,14.220368,14.220368,14.979118,6.216282,5.823707,6.841326,7.223149,59.065838,62576,6.640274
524904:ApriltagsCameraLog(1):,7,14.979118,13.049000,14.979118,14.979118,15.502086,6.083593,5.679414,6.911668,7.253765,58.695924,62578,6.524973
524923:ApriltagsCameraLog(1):,,,,,,15.770320,,5.609129,,7.264966,,,
524945:ApriltagsCameraLog(1):,7,15.502086,-6.692000,15.502086,15.502086,16.055964,5.870474,5.535055,6.948800,7.282487,153.239132,62581,6.324817
524964:ApriltagsCameraLog(1):,,,,,,16.328363,,5.462644,,7.293409,,,
525004:ApriltagsCameraLog(1):,7,16.055964,-6.141000,16.055964,16.055964,16.960076,5.760018,5.312579,7.001827,7.321620,150.797455,62583,6.229490
525044:ApriltagsCameraLog(1):,7,16.960076,13.612000,16.960076,16.960076,17.553839,5.562255,5.164375,7.071907,7.335469,60.655159,62586,6.055140
525067:ApriltagsCameraLog(1):,7,17.553839,14.531000,17.553839,17.553839,17.871224,5.409655,5.092361,7.081351,7.332161,57.675577,62588,5.911002
525084:ApriltagsCameraLog(1):,7,17.871224,16.240000,17.871224,17.871224,18.114388,5.339940,5.021128,7.102468,7.328953,50.940148,62589,5.849504
525104:ApriltagsCameraLog(1):,7,18.114388,15.515000,18.114388,18.114388,18.360740,5.279349,4.949689,7.102286,7.324109,54.596174,62590,5.791550
525106:ApriltagsCameraLog(1):,8,18.114388,-23.038000,18.114388,18.114388,18.362250,5.161834,4.954448,7.067926,7.317686,223.385663,62590,5.833828
525124:ApriltagsCameraLog(1):,7,18.362250,16.386000,18.362250,18.362250,18.653756,5.217919,4.877733,7.096428,7.318315,51.319924,62591,5.731427
525126:ApriltagsCameraLog(1):,8,18.362250,-21.133000,18.362250,18.362250,18.655266,5.170430,4.882938,7.085560,7.310414,216.741943,62591,5.848807
525144:ApriltagsCameraLog(1):,,,,,,18.933028,,4.807769,,7.306240,,,
525164:ApriltagsCameraLog(1):,7,18.655266,16.400000,18.655266,18.655266,19.160995,5.153737,4.730276,7.115039,7.298960,51.962122,62592,5.674979
525183:ApriltagsCameraLog(1):,,,,,,19.387845,,4.659799,,7.284642,,,
525204:ApriltagsCameraLog(1):,7,19.160995,16.177000,19.160995,19.160995,19.618558,5.033402,4.582075,7.118490,7.276650,53.871218,62594,5.561310
525224:ApriltagsCameraLog(1):,,,,,,19.778851,,4.512551,,7.257928,,,
525244:ApriltagsCameraLog(1):,7,19.618558,17.937000,19.618558,19.618558,19.957378,4.887568,4.435240,7.108789,7.244525,47.143229,62596,5.419621
525265:ApriltagsCameraLog(1):,7,19.957378,16.922000,19.957378,19.957378,20.139861,4.749981,4.369352,7.096716,7.218334,51.202889,62598,5.284993
525284:ApriltagsCameraLog(1):,7,20.139861,18.868000,20.139861,20.139861,20.236929,4.685646,4.300463,7.082066,7.193537,43.687143,62599,5.219713
525304:ApriltagsCameraLog(1):,7,20.236929,16.923000,20.236929,20.236929,20.268411,4.620319,4.233156,7.091308,7.166564,50.963053,62600,5.159749
525327:ApriltagsCameraLog(1):,7,20.268411,19.004000,20.268411,20.268411,20.315845,4.552902,4.146365,7.039500,7.139606,42.406754,62601,5.080833
525344:ApriltagsCameraLog(1):,,,,,,20.305258,,4.102773,,7.109241,,,
525364:ApriltagsCameraLog(1):,7,20.315845,17.248000,20.315845,17.248000,20.255820,4.431775,4.031976,7.023290,7.074085,47.933190,62603,4.960032
525404:ApriltagsCameraLog(1):,,,,,,20.061914,,3.901258,,7.000273,,,
525424:ApriltagsCameraLog(1):,7,20.255820,18.972000,20.255820,18.972000,19.974024,4.302768,3.833762,6.954184,6.959731,40.097481,62605,4.816922
525443:ApriltagsCameraLog(1):,,,,,,19.871499,,3.776733,,6.915083,,,
525464:ApriltagsCameraLog(1):,7,19.974024,18.466000,19.974024,18.466000,19.714943,4.158370,3.713892,6.880543,6.868981,39.424170,62607,4.657248
525483:ApriltagsCameraLog(1):,,,,,,19.421060,,3.659850,,6.815951,,,
525524:ApriltagsCameraLog(1):,7,19.714943,19.499000,19.714943,19.499000,18.877237,4.038123,3.535740,6.829811,6.726707,33.934082,62609,4.527098
525546:ApriltagsCameraLog(1):,7,18.877237,18.157000,18.877237,18.157000,18.490356,3.871493,3.489149,6.690736,6.672028,33.906410,62612,4.328552
525547:ApriltagsCameraLog(1):,8,18.877237,19.772000,18.877237,19.772000,18.483827,3.847104,3.501679,6.683651,6.666880,35.691603,62612,4.470041
525564:ApriltagsCameraLog(1):,7,18.483827,18.504000,18.483827,18.504000,18.091150,3.823835,3.458880,6.653376,6.611346,31.240574,62613,4.272210
525584:ApriltagsCameraLog(1):,7,18.091150,16.734000,18.091150,16.734000,17.772407,3.800770,3.420210,6.622246,6.557924,35.128980,62614,4.241395
525604:ApriltagsCameraLog(1):,7,17.772407,16.122000,17.772407,16.122000,17.302734,3.717100,3.382426,6.564156,6.509925,35.146868,62615,4.145991
525624:ApriltagsCameraLog(1):,,,,,,16.719710,,3.347491,,6.462179,,,
525644:ApriltagsCameraLog(1):,7,17.302734,16.517000,17.302734,16.517000,16.030318,3.602382,3.302818,6.492387,6.418449,31.427869,62617,4.017296
525646:ApriltagsCameraLog(1):,8,17.302734,17.665000,17.302734,17.665000,16.023684,3.572425,3.313248,6.484568,6.416048,31.192419,62617,4.137741
525664:ApriltagsCameraLog(1):,7,16.023684,14.634000,16.023684,14.634000,15.310244,3.570590,3.282676,6.398607,6.370343,32.701738,62618,3.963965
525665:ApriltagsCameraLog(1):,8,16.023684,16.325000,16.023684,16.325000,15.295692,3.559703,3.292309,6.395863,6.366406,30.633944,62618,4.092237
525684:ApriltagsCameraLog(1):,,,,,,14.555143,,3.266706,,6.323957,,,
525704:ApriltagsCameraLog(1):,7,15.295692,12.820000,15.295692,12.820000,13.739408,3.539897,3.235039,6.349317,6.290983,35.408736,62619,3.922773
525707:ApriltagsCameraLog(1):,8,15.295692,15.125000,15.295692,15.125000,13.719581,3.530587,3.244328,6.347776,6.287307,29.876969,62619,4.046944
525724:ApriltagsCameraLog(1):,7,13.719581,16.123000,13.719581,16.123000,12.879353,3.490952,3.226589,6.246674,6.254610,34.514093,62621,3.853284
525726:ApriltagsCameraLog(1):,8,13.719581,15.908000,13.719581,15.908000,12.887486,3.460192,3.237021,6.246612,6.250286,34.799389,62621,3.943899
525744:ApriltagsCameraLog(1):,7,12.887486,11.669000,12.887486,11.669000,11.908255,3.345935,3.219876,6.188596,6.218962,29.831534,62623,3.698926
525745:ApriltagsCameraLog(1):,8,12.887486,13.249000,12.887486,13.249000,11.896769,3.338808,3.225066,6.189844,6.214504,28.458669,62623,3.808218
525764:ApriltagsCameraLog(1):,,,,,,10.717557,,3.202122,,6.182020,,,
525784:ApriltagsCameraLog(1):,7,11.896769,11.676000,11.896769,11.676000,9.517300,3.307581,3.177851,6.140447,6.158301,26.791125,62624,3.651554
525786:ApriltagsCameraLog(1):,8,11.896769,12.365000,11.896769,12.365000,9.511653,3.295335,3.181920,6.138592,6.152870,28.252088,62624,3.748551
525804:ApriltagsCameraLog(1):,7,9.511653,11.572000,9.511653,11.572000,8.505929,3.302181,3.159636,6.024478,6.123341,31.370482,62625,3.626407
525806:ApriltagsCameraLog(1):,8,9.511653,12.460000,9.511653,12.460000,8.507275,3.294593,3.164153,6.027221,6.113874,34.550081,62625,3.710376
525844:ApriltagsCameraLog(1):,7,8.507275,9.433000,8.507275,9.433000,6.549795,3.221488,3.115197,5.991134,6.052914,27.663114,62626,3.539906
525845:ApriltagsCameraLog(1):,8,8.507275,10.582000,8.507275,10.582000,6.545302,3.227120,3.116390,5.989275,6.043166,31.460804,62626,3.631886
525863:ApriltagsCameraLog(1):,,,,,,5.771352,,3.094700,,6.010323,,,
525884:ApriltagsCameraLog(1):,7,6.545302,7.722000,6.545302,7.722000,5.131398,3.162195,3.071660,5.932313,5.985828,27.674167,62628,3.470074
525885:ApriltagsCameraLog(1):,8,6.545302,8.787000,6.545302,8.787000,5.130790,3.166631,3.072061,5.930139,5.977197,31.111141,62628,3.551759
525904:ApriltagsCameraLog(1):,,,,,,4.617950,,3.049039,,5.944991,,,
525924:ApriltagsCameraLog(1):,7,5.130790,6.823000,5.130790,6.823000,4.244415,3.096695,3.027460,5.882253,5.922774,28.269043,62630,3.397209
525926:ApriltagsCameraLog(1):,8,5.130790,6.838000,5.130790,6.838000,4.249579,3.112043,3.026523,5.884630,5.915207,29.108543,62630,3.482972
525944:ApriltagsCameraLog(1):,7,4.249579,4.809000,4.249579,4.809000,3.872887,3.052210,3.007321,5.845624,5.884959,25.117144,62632,3.348310
525954:ApriltagsCameraLog(1):,8,4.249579,5.604000,4.249579,5.604000,3.873291,3.051142,3.007153,5.843282,5.878489,27.580767,62632,3.411347
525964:ApriltagsCameraLog(1):,7,3.873291,4.858000,3.873291,4.858000,3.538802,3.045295,2.989384,5.842547,5.846856,26.055499,62633,3.339974
525966:ApriltagsCameraLog(1):,8,3.873291,5.274000,3.873291,5.274000,3.541641,3.030013,2.989770,5.841533,5.842250,27.486637,62633,3.388698
525984:ApriltagsCameraLog(1):,7,3.541641,4.136000,3.541641,4.136000,3.187516,3.012556,2.971967,5.804752,5.812972,24.834623,62634,3.305171
525986:ApriltagsCameraLog(1):,8,3.541641,4.739000,3.541641,4.739000,3.187973,3.008144,2.971221,5.804288,5.808182,26.727900,62634,3.358728
526004:ApriltagsCameraLog(1):,,,,,,2.786379,,2.953932,,5.779410,,,
526024:ApriltagsCameraLog(1):,7,3.187973,3.291000,3.187973,3.291000,2.311221,3.027046,2.939346,5.781550,5.754129,23.787246,62635,3.318084
526025:ApriltagsCameraLog(1):,8,3.187973,4.383000,3.187973,4.383000,2.307619,3.010622,2.941018,5.785327,5.750158,26.699764,62635,3.356208
526064:ApriltagsCameraLog(1):,7,2.307619,3.188000,2.307619,3.188000,1.142509,2.970080,2.914847,5.714208,5.695885,25.094980,62637,3.258054
526066:ApriltagsCameraLog(1):,8,2.307619,3.548000,2.307619,3.548000,1.143906,2.970115,2.915156,5.715939,5.690827,26.309468,62637,3.300776
526083:ApriltagsCameraLog(1):,,,,,,0.499752,,2.902975,,5.661320,,,
526104:ApriltagsCameraLog(1):,7,1.143906,2.331000,1.143906,2.331000,-0.173161,2.954859,2.890875,5.662883,5.637359,25.638920,62639,3.239788
526106:ApriltagsCameraLog(1):,8,1.143906,2.706000,1.143906,2.706000,-0.170757,2.946090,2.892297,5.664091,5.633124,26.724304,62639,3.264215
526144:ApriltagsCameraLog(1):,7,-0.170757,-0.047000,-0.170757,-0.047000,-1.275301,2.903468,2.869662,5.627364,5.581999,22.758617,62643,3.185051
526146:ApriltagsCameraLog(1):,8,-0.170757,-0.078000,-0.170757,-0.078000,-1.272047,2.884837,2.870861,5.628692,5.582567,22.753376,62643,3.193033
526167:ApriltagsCameraLog(1):,,,,,,-1.777208,,2.856190,,5.546999,,,
526185:ApriltagsCameraLog(1):,7,-1.272047,-0.033000,-1.272047,-0.033000,-1.873338,2.899374,2.851555,5.570925,5.533922,25.220194,62644,3.179975
526186:ApriltagsCameraLog(1):,8,-1.272047,0.396000,-1.272047,0.396000,-1.865657,2.886555,2.852839,5.572619,5.532258,26.210829,62644,3.182971
526204:ApriltagsCameraLog(1):,7,-1.865657,-0.981000,-1.865657,-0.981000,-1.945711,2.884141,2.843855,5.538448,5.506296,24.293226,62645,3.164847
526212:ApriltagsCameraLog(1):,8,-1.865657,-1.195000,-1.865657,-1.195000,-1.941779,2.877195,2.844398,5.540245,5.504729,23.838470,62645,3.167526
526244:ApriltagsCameraLog(1):,7,-1.941779,-1.617000,-1.941779,-1.617000,-1.925853,2.871347,2.827686,5.532458,5.454134,22.939685,62646,3.152261
526246:ApriltagsCameraLog(1):,8,-1.941779,-0.937000,-1.941779,-0.937000,-1.924367,2.859991,2.828746,5.531897,5.453888,24.423691,62646,3.149214
526285:ApriltagsCameraLog(1):,7,-1.924367,-1.491000,-1.924367,-1.491000,-1.818583,2.852643,2.811679,5.506015,5.404673,23.043345,62648,3.135775
526287:ApriltagsCameraLog(1):,8,-1.924367,-1.461000,-1.924367,-1.461000,-1.814725,2.838577,2.812324,5.505535,5.405940,23.022203,62648,3.125334
526324:ApriltagsCameraLog(1):,7,-1.814725,-0.457000,-1.814725,-0.457000,-1.706267,2.848893,2.796037,5.471007,5.361157,25.082796,62649,3.135544
526326:ApriltagsCameraLog(1):,8,-1.814725,-1.767000,-1.814725,-1.767000,-1.694705,2.836285,2.797281,5.470420,5.361684,22.067291,62649,3.120309
526343:ApriltagsCameraLog(1):,,,,,,-1.641263,,2.791713,,5.342546,,,
526364:ApriltagsCameraLog(1):,7,-1.694705,-1.157000,-1.694705,-1.157000,-1.602811,2.861952,2.786854,5.397899,5.322899,23.450044,62652,3.156683
526366:ApriltagsCameraLog(1):,8,-1.694705,-0.644000,-1.694705,-0.644000,-1.597767,2.840770,2.791056,5.405125,5.323626,24.270533,62652,3.120360
526384:ApriltagsCameraLog(1):,,,,,,-1.539302,,2.788861,,5.306919,,,
526404:ApriltagsCameraLog(1):,7,-1.597767,-1.670000,-1.597767,-1.670000,-1.462397,2.825168,2.784844,5.350478,5.290486,22.170551,62654,3.126444
526406:ApriltagsCameraLog(1):,8,-1.597767,-1.080000,-1.597767,-1.080000,-1.462687,2.813103,2.786755,5.354846,5.290687,22.846741,62654,3.090256
526423:ApriltagsCameraLog(1):,,,,,,-1.317769,,2.784677,,5.275761,,,
526444:ApriltagsCameraLog(1):,7,-1.462687,-1.018000,-1.462687,-1.018000,-1.260091,2.806684,2.781942,5.311977,5.261231,22.885999,62656,3.113952
526446:ApriltagsCameraLog(1):,8,-1.462687,-1.150000,-1.462687,-1.150000,-1.255422,2.790673,2.782949,5.313841,5.260942,22.206276,62656,3.066621
526448:ApriltagsCameraLog(1):,15,-1.255422,1.988000,-1.255422,1.988000,-1.251831,2.763246,2.782634,5.515089,5.260822,15.906345,62652,1.876344
526464:ApriltagsCameraLog(1):,7,-1.251831,-1.074000,-1.251831,-1.074000,-1.165460,2.799082,2.778789,5.284524,5.271744,22.279098,62658,3.111229
526466:ApriltagsCameraLog(1):,8,-1.251831,-0.993000,-1.251831,-0.993000,-1.163244,2.778445,2.779816,5.286380,5.270092,21.989539,62658,3.054343
526468:ApriltagsCameraLog(1):,15,-1.163244,2.024000,-1.163244,2.024000,-1.160288,2.759073,2.779240,5.512118,5.268689,15.863830,62653,1.878710
526484:ApriltagsCameraLog(1):,7,-1.160288,-0.254000,-1.160288,-0.254000,-1.094397,2.798882,2.775548,5.258583,5.280050,23.910347,62659,3.115431
526486:ApriltagsCameraLog(1):,8,-1.160288,-0.803000,-1.160288,-0.803000,-1.086569,2.785009,2.776871,5.262791,5.275976,22.253172,62659,3.060690
526504:ApriltagsCameraLog(1):,7,-1.086569,-0.556000,-1.086569,-0.556000,-1.066644,2.801503,2.775595,5.246948,5.261855,23.126430,62660,3.120154
526506:ApriltagsCameraLog(1):,8,-1.086569,-0.517000,-1.086569,-0.517000,-1.061697,2.789388,2.777098,5.248550,5.258478,22.746519,62660,3.065095
526507:ApriltagsCameraLog(1):,15,-1.061697,2.050000,-1.061697,2.050000,-1.056371,2.751636,2.777711,5.478400,5.255428,15.708872,62655,1.872601
526525:ApriltagsCameraLog(1):,15,-1.056371,1.813000,-1.056371,1.813000,-0.980912,2.748818,2.773913,5.468113,5.268489,15.406891,62656,1.871469
526545:ApriltagsCameraLog(1):,7,-0.980912,-0.491000,-0.980912,-0.491000,-0.914177,2.793956,2.770735,5.224380,5.281139,23.009555,62662,3.116867
526547:ApriltagsCameraLog(1):,8,-0.980912,-0.447000,-0.980912,-0.447000,-0.909884,2.778300,2.772297,5.228541,5.275175,22.577628,62662,3.054160
526549:ApriltagsCameraLog(1):,15,-0.909884,1.963000,-0.909884,1.963000,-0.905161,2.746183,2.772541,5.453112,5.269908,15.375419,62657,1.868005
526584:ApriltagsCameraLog(1):,7,-0.905161,-0.660000,-0.905161,-0.660000,-0.815248,2.791681,2.769535,5.218006,5.278350,22.465307,62663,3.115966
526585:ApriltagsCameraLog(1):,8,-0.905161,-0.502000,-0.905161,-0.502000,-0.812956,2.777772,2.771127,5.219566,5.271914,22.294795,62663,3.053848
