11033:ApriltagsCameraLog(1):,tag,last yaw,cam yaw,calc yaw,update yaw, est yaw,x,est x,y,est y,adjust,frame,dist
11171:ApriltagsCameraLog(1):,1,138.002903,140.368000,138.002903,140.368000,137.996721,12.607286,12.146047,2.296628,1.907606,30.101567,3480,3.417997
11182:ApriltagsCameraLog(1):,14,138.002903,148.652000,138.002903,138.002903,138.012411,11.495668,12.174396,1.385976,1.930533,104.510783,3474,6.701595
11204:ApriltagsCameraLog(1):,1,138.012411,140.217000,138.012411,140.217000,137.999491,12.605038,12.133947,2.297944,1.897903,29.735538,3482,3.420529
11213:ApriltagsCameraLog(1):,14,137.999491,148.556000,137.999491,137.999491,138.014362,11.497394,12.163197,1.383908,1.921786,104.081163,3478,6.703966
11226:ApriltagsCameraLog(1):,1,138.014362,140.151000,138.014362,140.151000,138.014349,12.603076,12.150762,2.299565,1.911739,29.594558,3483,3.423060
11229:ApriltagsCameraLog(1):,14,138.014349,148.620000,138.014349,138.014349,138.028747,11.503575,12.178955,1.384000,1.935017,104.423161,3479,6.709619
11248:ApriltagsCameraLog(1):,1,138.028747,140.314000,138.028747,140.314000,138.028735,12.604419,12.166381,2.297287,1.924758,29.932072,3485,3.420529
11251:ApriltagsCameraLog(1):,14,138.028747,148.658000,138.028747,138.028747,138.043955,11.496894,12.193430,1.388761,1.946850,104.410347,3480,6.701595
11267:ApriltagsCameraLog(1):,1,138.043955,140.183000,138.043955,140.183000,138.028750,12.601954,12.153915,2.298373,1.914778,29.600427,3486,3.423060
11276:ApriltagsCameraLog(1):,14,138.028750,148.726000,138.028750,138.028750,138.043259,11.506147,12.181839,1.383855,1.937794,104.926622,3482,6.711990
11298:ApriltagsCameraLog(1):,1,138.043259,140.354000,138.043259,140.354000,138.043246,12.603869,12.169319,2.296702,1.927528,29.994169,3489,3.420529
11308:ApriltagsCameraLog(1):,14,138.043246,148.724000,138.043246,138.043246,138.058600,11.499470,12.196106,1.388626,1.949374,104.710236,3486,6.703966
11316:ApriltagsCameraLog(1):,1,138.058600,140.250000,138.058600,140.250000,138.055837,12.603288,12.183171,2.296085,1.938960,29.703406,3491,3.420529
11320:ApriltagsCameraLog(1):,14,138.055837,148.723000,138.055837,138.055837,138.070540,11.498178,12.209277,1.391682,1.960308,104.602217,3487,6.701595
11329:ApriltagsCameraLog(1):,1,138.070540,140.210000,138.070540,140.210000,138.070520,12.602835,12.196061,2.295604,1.949738,29.576858,3492,3.420529
11333:ApriltagsCameraLog(1):,14,138.070520,148.725000,138.070520,138.070520,138.084916,11.500763,12.221425,1.391567,1.970506,104.577209,3488,6.703966
11341:ApriltagsCameraLog(1):,1,138.084916,140.151000,138.084916,140.151000,138.084896,12.600401,12.208028,2.296721,1.959741,29.422515,3493,3.423060
11346:ApriltagsCameraLog(1):,14,138.084896,148.710000,138.084896,138.084896,138.098871,11.501444,12.232602,1.393118,1.980091,104.428470,3489,6.703966
11353:ApriltagsCameraLog(1):,1,138.098871,140.279000,138.098871,140.279000,138.098852,12.601763,12.218991,2.294462,1.969163,29.675944,3494,3.420529
11358:ApriltagsCameraLog(1):,14,138.098852,149.240000,138.098852,138.098852,138.113471,11.516840,12.242794,1.388227,1.988627,107.312716,3490,6.720015
11367:ApriltagsCameraLog(1):,1,138.113471,140.241000,138.113471,140.241000,138.113450,12.601210,12.229633,2.293873,1.977741,29.547789,3495,3.420529
11370:ApriltagsCameraLog(1):,14,138.113450,148.782000,138.113450,138.113450,138.127778,11.508272,12.252822,1.394698,1.996742,104.741915,3491,6.709619
11380:ApriltagsCameraLog(1):,1,138.127778,140.130000,138.127778,140.130000,138.127757,12.598778,12.239002,2.294992,1.985565,29.266793,3497,3.423060
11385:ApriltagsCameraLog(1):,14,138.127778,148.932000,138.127778,138.127778,138.141368,11.508950,12.261633,1.396245,2.004355,105.429462,3492,6.709619
11397:ApriltagsCameraLog(1):,14,138.141368,148.701000,138.141368,138.141368,138.127763,11.506005,12.225536,1.397516,1.974696,104.135978,3493,6.706338
11409:ApriltagsCameraLog(1):,1,138.127763,140.267000,138.127763,140.267000,138.127795,12.600669,12.212102,2.293297,1.963923,29.576315,3498,3.420529
11421:ApriltagsCameraLog(1):,14,138.127795,148.363000,138.127795,138.127795,138.142183,11.503472,12.236331,1.397747,1.983699,102.454347,3494,6.703966
11436:ApriltagsCameraLog(1):,1,138.142183,140.248000,138.142183,140.248000,138.142161,12.598232,12.222433,2.294410,1.972585,29.519402,3500,3.423060
11445:ApriltagsCameraLog(1):,14,138.142183,148.992000,138.142183,138.142183,138.156351,11.509631,12.245904,1.397801,1.991953,105.660520,3495,6.709619
11457:ApriltagsCameraLog(1):,1,138.156351,140.228000,138.156351,140.228000,138.142166,12.599588,12.209313,2.292144,1.962006,29.411643,3501,3.420529
11471:ApriltagsCameraLog(1):,14,138.156351,148.619000,138.156351,138.156351,138.156271,11.506713,12.233761,1.399134,1.981939,103.644755,3496,6.706338
11484:ApriltagsCameraLog(1):,1,138.156271,140.160000,138.156271,140.160000,138.144945,12.597699,12.196135,2.293841,1.951452,29.270467,3502,3.423060
11492:ApriltagsCameraLog(1):,14,138.156271,149.109000,138.156271,138.156271,138.158655,11.519559,12.221391,1.394438,1.972234,106.356298,3497,6.720015
11505:ApriltagsCameraLog(1):,1,138.158655,140.189000,138.158655,140.189000,138.144976,12.597609,12.183760,2.293745,1.941266,29.335369,3503,3.423060
11517:ApriltagsCameraLog(1):,14,138.158655,149.299000,138.158655,138.158655,138.158850,11.525151,12.209741,1.393199,1.962611,107.404242,3498,6.725667
11532:ApriltagsCameraLog(1):,1,138.158850,140.166000,138.158850,140.166000,138.145011,12.597601,12.171827,2.293737,1.931340,29.278807,3504,3.423060
11544:ApriltagsCameraLog(1):,14,138.158850,149.071000,138.158850,138.158850,138.158754,11.517789,12.198600,1.396411,1.953329,106.110645,3499,6.717643
11555:ApriltagsCameraLog(1):,1,138.158754,140.280000,138.158754,140.280000,138.145046,12.599497,12.159837,2.292047,1.921537,29.532480,3505,3.420529
11565:ApriltagsCameraLog(1):,14,138.145046,148.516000,138.145046,138.145046,138.159438,11.506179,12.187285,1.397913,1.943811,103.180312,3502,6.706338
11573:ApriltagsCameraLog(1):,1,138.159438,140.166000,138.159438,140.166000,138.159418,12.597579,12.174457,2.293714,1.933527,29.277376,3507,3.423060
11581:ApriltagsCameraLog(1):,14,138.159418,148.391000,138.159418,138.159418,138.173061,11.503073,12.201061,1.402854,1.955386,102.397622,3503,6.701595
11589:ApriltagsCameraLog(1):,1,138.173061,140.075000,138.173061,140.075000,138.173043,12.597064,12.187817,2.293163,1.944900,29.022256,3509,3.423060
11594:ApriltagsCameraLog(1):,14,138.173061,148.321000,138.173061,138.173061,138.186087,11.505609,12.213734,1.402632,1.966227,102.012500,3504,6.703966
11603:ApriltagsCameraLog(1):,1,138.186087,140.212000,138.186087,140.212000,138.173051,12.598464,12.174824,2.290944,1.934573,29.300209,3510,3.420529
11608:ApriltagsCameraLog(1):,14,138.173051,148.933000,138.173051,138.173051,138.186900,11.523940,12.201443,1.396452,1.956172,105.432246,3506,6.723296
11619:ApriltagsCameraLog(1):,1,138.186900,140.239000,138.186900,140.239000,138.186881,12.598433,12.188948,2.290911,1.945847,29.364012,3511,3.420529
11625:ApriltagsCameraLog(1):,14,138.186881,148.464000,138.186881,138.186881,138.200788,11.508154,12.214630,1.402430,1.966718,102.705031,3507,6.706338
11633:ApriltagsCameraLog(1):,1,138.200788,140.184000,138.200788,140.184000,138.200768,12.596015,12.201264,2.292043,1.956040,29.220438,3514,3.423060
11644:ApriltagsCameraLog(1):,14,138.200788,148.266000,138.200788,138.200788,138.214271,11.499543,12.226124,1.408811,1.976473,101.464838,3509,6.695942
11665:ApriltagsCameraLog(1):,1,138.214271,140.222000,138.214271,140.222000,138.200774,12.595505,12.187829,2.291498,1.945564,29.280221,3515,3.423060
11675:ApriltagsCameraLog(1):,14,138.200774,148.288000,138.200774,138.200774,138.214506,11.503329,12.213461,1.405423,1.966552,101.652370,3512,6.700685
11686:ApriltagsCameraLog(1):,1,138.214506,140.176000,138.214506,140.176000,138.211738,12.595497,12.199891,2.291489,1.955827,29.167478,3517,3.423060
11690:ApriltagsCameraLog(1):,14,138.211738,148.122000,138.211738,138.211738,138.225110,11.503846,12.224841,1.406606,1.976276,100.756836,3513,6.700685
11697:ApriltagsCameraLog(1):,1,138.225110,140.190000,138.225110,140.190000,138.227827,12.595096,12.210944,2.291060,1.965293,29.175760,3518,3.423060
11703:ApriltagsCameraLog(1):,14,138.227827,148.469000,138.227827,138.227827,138.241193,11.510084,12.235165,1.406853,1.985134,102.522961,3514,6.706338
11711:ApriltagsCameraLog(1):,1,138.241193,140.098000,138.241193,140.098000,138.241168,12.594488,12.221423,2.290410,1.974172,28.912205,3519,3.423060
11715:ApriltagsCameraLog(1):,14,138.241168,148.473000,138.241168,138.241168,138.253924,11.510712,12.245121,1.408294,1.993614,102.475649,3515,6.706338
11728:ApriltagsCameraLog(1):,1,138.253924,140.198000,138.253924,140.198000,138.253899,12.594007,12.231197,2.289895,1.982513,29.125006,3521,3.423060
11732:ApriltagsCameraLog(1):,14,138.253924,148.343000,138.253924,138.253924,138.267158,11.511312,12.254104,1.409672,2.001268,101.752578,3516,6.706338
11764:ApriltagsCameraLog(1):,1,138.267158,140.322000,138.267158,140.322000,138.253899,12.595403,12.217452,2.287669,1.971576,29.370692,3522,3.420529
11774:ApriltagsCameraLog(1):,14,138.253899,148.529000,138.253899,138.253899,138.267887,11.511311,12.241151,1.409670,1.990685,102.694807,3518,6.706338
