483348:ApriltagsCameraLog(1):,tag,last yaw,cam yaw,calc yaw,update yaw, est yaw,x,est x,y,est y,adjust,frame,dist
483363:ApriltagsCameraLog(1):,,,,,,137.361156,,9.597635,,3.979658,,,
483384:ApriltagsCameraLog(1):,,,,,,137.234813,,9.540645,,4.049998,,,
483404:ApriltagsCameraLog(1):,,,,,,137.171641,,9.484034,,4.120256,,,
483425:ApriltagsCameraLog(1):,1,137.361156,131.731000,137.361156,137.361156,137.012340,9.993299,9.430442,3.664150,4.191835,73.802210,60506,6.277229
483444:ApriltagsCameraLog(1):,1,137.012340,129.730000,137.012340,137.012340,136.883478,9.910850,9.389781,3.843126,4.252177,84.013090,60507,6.451513
483464:ApriltagsCameraLog(1):,1,136.883478,129.607000,136.883478,136.883478,136.830832,9.877641,9.347298,3.861981,4.318735,84.498546,60508,6.488699
483483:ApriltagsCameraLog(1):,,,,,,136.514483,,9.304562,,4.384107,,,
483504:ApriltagsCameraLog(1):,,,,,,136.292010,,9.252763,,4.457802,,,
483523:ApriltagsCameraLog(1):,,,,,,136.179400,,9.200477,,4.532636,,,
483544:ApriltagsCameraLog(1):,1,136.830832,129.306000,136.830832,136.830832,135.717974,9.736940,9.147068,4.047085,4.606600,88.875597,60511,6.714262
483564:ApriltagsCameraLog(1):,,,,,,135.396980,,9.101940,,4.670431,,,
483584:ApriltagsCameraLog(1):,1,135.717974,136.393000,135.717974,135.717974,134.800971,9.921723,9.048630,4.013476,4.740948,52.700366,60513,6.545988
483603:ApriltagsCameraLog(1):,,,,,,134.065754,,9.022898,,4.792503,,,
483624:ApriltagsCameraLog(1):,,,,,,133.203327,,8.969157,,4.857346,,,
483644:ApriltagsCameraLog(1):,,,,,,132.692463,,8.915671,,4.923556,,,
483664:ApriltagsCameraLog(1):,,,,,,130.931903,,8.862641,,4.988781,,,
483688:ApriltagsCameraLog(1):,,,,,,129.380085,,8.812471,,5.054348,,,
483704:ApriltagsCameraLog(1):,,,,,,128.490192,,8.764686,,5.119439,,,
483724:ApriltagsCameraLog(1):,,,,,,126.652729,,8.719736,,5.183587,,,
483744:ApriltagsCameraLog(1):,,,,,,123.722126,,8.678532,,5.250040,,,
483764:ApriltagsCameraLog(1):,,,,,,122.670185,,8.634826,,5.311947,,,
483783:ApriltagsCameraLog(1):,,,,,,118.687641,,8.594354,,5.374333,,,
483803:ApriltagsCameraLog(1):,,,,,,117.122089,,8.557148,,5.437680,,,
483823:ApriltagsCameraLog(1):,,,,,,113.603717,,8.517806,,5.496939,,,
483843:ApriltagsCameraLog(1):,,,,,,109.695331,,8.481645,,5.558895,,,
483863:ApriltagsCameraLog(1):,,,,,,105.454609,,8.450117,,5.620396,,,
483883:ApriltagsCameraLog(1):,,,,,,101.040851,,8.422295,,5.684976,,,
483903:ApriltagsCameraLog(1):,,,,,,96.514484,,8.399007,,5.750747,,,
483923:ApriltagsCameraLog(1):,,,,,,91.911213,,8.381237,,5.816704,,,
483944:ApriltagsCameraLog(1):,,,,,,87.294208,,8.363052,,5.884149,,,
483964:ApriltagsCameraLog(1):,,,,,,82.696430,,8.340628,,5.944379,,,
483983:ApriltagsCameraLog(1):,,,,,,78.084919,,8.323078,,6.004018,,,
484003:ApriltagsCameraLog(1):,,,,,,73.506366,,8.309339,,6.064722,,,
484025:ApriltagsCameraLog(1):,,,,,,66.656391,,8.288741,,6.122918,,,
484044:ApriltagsCameraLog(1):,,,,,,64.384967,,8.272453,,6.183733,,,
484065:ApriltagsCameraLog(1):,,,,,,57.647602,,8.248663,,6.247444,,,
484083:ApriltagsCameraLog(1):,,,,,,53.195392,,8.229922,,6.310116,,,
484104:ApriltagsCameraLog(1):,,,,,,50.965168,,8.214186,,6.366132,,,
484123:ApriltagsCameraLog(1):,,,,,,46.452533,,8.201158,,6.419731,,,
484144:ApriltagsCameraLog(1):,,,,,,42.187091,,8.194974,,6.470017,,,
484163:ApriltagsCameraLog(1):,,,,,,38.188068,,8.181299,,6.502965,,,
484183:ApriltagsCameraLog(1):,,,,,,34.683429,,8.168855,,6.538441,,,
484203:ApriltagsCameraLog(1):,,,,,,31.755573,,8.153400,,6.588370,,,
484223:ApriltagsCameraLog(1):,,,,,,28.835956,,8.122521,,6.638130,,,
484244:ApriltagsCameraLog(1):,,,,,,24.902851,,8.095401,,6.689969,,,
484263:ApriltagsCameraLog(1):,,,,,,23.831684,,8.056494,,6.736439,,,
484285:ApriltagsCameraLog(1):,,,,,,22.090351,,8.024313,,6.782183,,,
484303:ApriltagsCameraLog(1):,,,,,,20.730793,,7.990636,,6.830367,,,
484323:ApriltagsCameraLog(1):,,,,,,19.681598,,7.953066,,6.882653,,,
484344:ApriltagsCameraLog(1):,7,22.090351,28.603000,22.090351,22.090351,19.135028,7.272556,7.905070,5.926577,6.927115,95.695561,60552,7.619110
484346:ApriltagsCameraLog(1):,14,22.090351,21.241000,22.090351,21.241000,19.136588,7.540700,7.890095,6.071775,6.909336,23.955915,60552,3.135063
484363:ApriltagsCameraLog(1):,,,,,,18.932487,,7.800292,,6.896307,,,
484384:ApriltagsCameraLog(1):,7,19.136588,26.435000,19.136588,19.136588,18.830863,7.288120,7.744170,5.865918,6.937049,100.350795,60554,7.626446
484386:ApriltagsCameraLog(1):,14,19.136588,19.887000,19.136588,19.887000,18.830399,7.496719,7.735093,6.101633,6.920909,23.467859,60554,3.103716
484424:ApriltagsCameraLog(1):,7,18.830399,24.755000,18.830399,18.830399,18.735895,7.168460,7.583641,5.938378,6.929261,90.876681,60555,7.508356
484426:ApriltagsCameraLog(1):,14,18.830399,18.706000,18.830399,18.706000,18.735506,7.437850,7.571525,6.152149,6.912460,21.963766,60555,3.086737
484464:ApriltagsCameraLog(1):,7,18.735506,20.080000,18.735506,18.735506,18.680604,7.145563,7.411182,5.972103,6.922318,64.541359,60556,7.486529
484466:ApriltagsCameraLog(1):,14,18.735506,18.316000,18.735506,18.316000,18.680212,7.391287,7.395237,6.177294,6.898199,22.430326,60556,3.065906
484505:ApriltagsCameraLog(1):,7,18.680212,21.448000,18.680212,18.680212,18.691869,6.995215,7.238010,6.093844,6.908107,71.164170,60559,7.342159
484544:ApriltagsCameraLog(1):,7,18.691869,17.283000,18.691869,18.691869,18.741220,6.893655,7.085359,6.149439,6.942246,62.696286,60561,7.244249
484563:ApriltagsCameraLog(1):,,,,,,18.785234,,7.000485,,6.944387,,,
484584:ApriltagsCameraLog(1):,7,18.741220,20.273000,18.741220,18.741220,18.895097,6.841506,6.926013,6.196902,6.968594,62.923342,60563,7.195645
484604:ApriltagsCameraLog(1):,7,18.895097,18.901000,18.895097,18.895097,19.092997,6.685922,6.842142,6.264745,6.971526,53.401646,60565,7.046268
484624:ApriltagsCameraLog(1):,7,19.092997,18.426000,19.092997,19.092997,19.167621,6.558500,6.758073,6.322678,6.971354,55.895386,60567,6.925038
484644:ApriltagsCameraLog(1):,7,19.167621,18.110000,19.167621,19.167621,19.341007,6.503766,6.671579,6.323352,6.973953,57.462557,60568,6.870809
484664:ApriltagsCameraLog(1):,,,,,,19.511435,,6.585598,,6.977153,,,
484684:ApriltagsCameraLog(1):,7,19.341007,18.367000,19.341007,19.341007,19.703696,6.433061,6.510922,6.346081,6.999706,56.433659,60569,6.803106
484704:ApriltagsCameraLog(1):,7,19.703696,18.788000,19.703696,19.703696,19.926505,6.377128,6.424421,6.393135,7.002745,55.698837,60570,6.753297
484723:ApriltagsCameraLog(1):,,,,,,20.232367,,6.337935,,7.006896,,,
484744:ApriltagsCameraLog(1):,7,19.926505,19.789000,19.926505,19.926505,20.333990,6.306960,6.260791,6.423567,7.028539,51.194433,60571,6.687504
484764:ApriltagsCameraLog(1):,,,,,,20.522031,,6.174359,,7.030082,,,
484785:ApriltagsCameraLog(1):,7,20.333990,19.916000,20.333990,20.333990,20.695066,6.173892,6.094563,6.459648,7.051184,51.553745,60573,6.560664
484804:ApriltagsCameraLog(1):,7,20.695066,21.905000,20.695066,20.695066,20.846888,6.018487,6.010701,6.499306,7.052300,54.143514,60575,6.412448
484824:ApriltagsCameraLog(1):,7,20.846888,20.797000,20.846888,20.846888,20.941180,5.972432,5.926241,6.536833,7.053743,48.217295,60576,6.372243
484844:ApriltagsCameraLog(1):,7,20.941180,4.796000,20.941180,20.941180,21.038253,5.823632,5.840584,6.547518,7.054617,122.394087,60578,6.226656
484864:ApriltagsCameraLog(1):,7,21.038253,21.423000,21.038253,21.038253,21.076787,5.757374,5.759054,6.562553,7.063117,48.089916,60579,6.163527
484884:ApriltagsCameraLog(1):,7,21.076787,19.891000,21.076787,21.076787,21.087992,5.707808,5.676846,6.580276,7.059869,51.385241,60580,6.117247
484903:ApriltagsCameraLog(1):,,,,,,21.049606,,5.594863,,7.059526,,,
484923:ApriltagsCameraLog(1):,7,21.087992,18.778000,21.087992,21.087992,20.920517,5.633364,5.516713,6.604494,7.075248,55.862049,60581,6.047429
484943:ApriltagsCameraLog(1):,,,,,,20.805182,,5.436330,,7.071789,,,
484964:ApriltagsCameraLog(1):,7,20.920517,21.466000,20.920517,20.920517,20.681585,5.530643,5.356455,6.580104,7.079459,46.962867,60582,5.941704
485006:ApriltagsCameraLog(1):,,,,,,20.472229,,5.192270,,7.073235,,,
485025:ApriltagsCameraLog(1):,7,20.681585,18.619000,20.681585,20.681585,20.414551,5.436650,5.111123,6.622952,7.077788,52.883155,60584,5.855081
485044:ApriltagsCameraLog(1):,,,,,,20.400251,,5.029527,,7.067836,,,
485064:ApriltagsCameraLog(1):,7,20.414551,19.632000,20.414551,20.414551,20.367292,5.197951,4.948236,6.647673,7.069768,45.271777,60587,5.623268
485083:ApriltagsCameraLog(1):,,,,,,20.331034,,4.864401,,7.055672,,,
485104:ApriltagsCameraLog(1):,7,20.367292,19.875000,20.367292,20.367292,20.325541,5.067492,4.781902,6.654192,7.057727,42.984029,60589,5.495906
485125:ApriltagsCameraLog(1):,7,20.325541,20.015000,20.325541,20.325541,20.308895,4.825520,4.699620,6.677014,7.042544,40.312598,60592,5.262304
485143:ApriltagsCameraLog(1):,,,,,,20.317122,,4.615467,,7.024967,,,
485164:ApriltagsCameraLog(1):,7,20.308895,19.694000,20.308895,20.308895,20.358321,4.753597,4.531666,6.673237,7.020620,40.896728,60593,5.190960
485165:ApriltagsCameraLog(1):,8,20.308895,20.964000,20.308895,20.308895,20.358290,4.739975,4.532680,6.671803,7.004592,42.120487,60593,5.316351
485184:ApriltagsCameraLog(1):,7,20.358290,19.135000,20.358290,20.358290,20.410446,4.698274,4.448912,6.692420,6.985310,42.789096,60594,5.140659
485204:ApriltagsCameraLog(1):,7,20.410446,19.289000,20.410446,20.410446,20.457350,4.655598,4.364880,6.692080,6.968231,42.029665,60595,5.098943
485205:ApriltagsCameraLog(1):,8,20.410446,21.027000,20.410446,20.410446,20.457703,4.608259,4.368140,6.683866,6.956296,40.934944,60595,5.194707
485224:ApriltagsCameraLog(1):,7,20.457703,17.651000,20.457703,17.651000,20.521236,4.549695,4.285717,6.686618,6.935060,47.326265,60596,4.994286
485243:ApriltagsCameraLog(1):,,,,,,20.495975,,4.204590,,6.916345,,,
485284:ApriltagsCameraLog(1):,7,20.521236,19.458000,20.521236,19.458000,20.471255,4.473809,4.038391,6.688182,6.892462,40.230849,60597,4.920556
485285:ApriltagsCameraLog(1):,8,20.521236,21.606000,20.521236,20.521236,20.466487,4.438178,4.041112,6.681949,6.881078,41.304526,60597,5.032804
485325:ApriltagsCameraLog(1):,7,20.466487,19.519000,20.466487,19.519000,20.401070,4.307785,3.876943,6.659457,6.846533,38.333965,60599,4.752028
485347:ApriltagsCameraLog(1):,,,,,,20.324593,,3.797851,,6.820696,,,
485364:ApriltagsCameraLog(1):,7,20.401070,19.700000,20.401070,19.700000,20.159798,4.114287,3.717243,6.638968,6.804779,35.813325,60602,4.558381
485383:ApriltagsCameraLog(1):,,,,,,20.111714,,3.642212,,6.778033,,,
485404:ApriltagsCameraLog(1):,7,20.159798,19.082000,20.159798,19.082000,20.056782,3.986737,3.561560,6.605441,6.762351,35.899757,60604,4.425868
485423:ApriltagsCameraLog(1):,,,,,,20.016823,,3.489422,,6.733952,,,
485444:ApriltagsCameraLog(1):,7,20.056782,18.732000,20.056782,18.732000,20.016823,3.814608,3.410540,6.586043,6.715940,35.136408,60606,4.253265
485446:ApriltagsCameraLog(1):,8,20.056782,20.136000,20.056782,20.136000,20.009004,3.793052,3.418425,6.583565,6.706363,32.367814,60606,4.389177
485463:ApriltagsCameraLog(1):,,,,,,19.989964,,3.348365,,6.675239,,,
485485:ApriltagsCameraLog(1):,7,20.009004,18.938000,20.009004,18.938000,19.844395,3.650778,3.270407,6.552592,6.653928,32.866979,60608,4.085930
485487:ApriltagsCameraLog(1):,8,20.009004,21.386000,20.009004,21.386000,19.837869,3.621013,3.277475,6.544268,6.645228,34.939742,60608,4.213858
485524:ApriltagsCameraLog(1):,7,19.837869,18.706000,19.837869,18.706000,19.757807,3.499397,3.129310,6.512881,6.595152,31.650190,60610,3.929007
485544:ApriltagsCameraLog(1):,7,19.757807,18.498000,19.757807,18.498000,19.706052,3.350260,3.066472,6.483573,6.561865,30.642953,60612,3.776807
485564:ApriltagsCameraLog(1):,7,19.706052,19.135000,19.706052,19.135000,19.716740,3.297640,3.002344,6.464061,6.523570,28.297076,60613,3.721057
485565:ApriltagsCameraLog(1):,8,19.706052,20.203000,19.706052,20.203000,19.712329,3.262789,3.009728,6.455709,6.515600,29.148270,60613,3.846041
485586:ApriltagsCameraLog(1):,7,19.712329,18.158000,19.712329,18.158000,19.770286,3.214348,2.947159,6.448110,6.478624,30.145729,60614,3.636302
485588:ApriltagsCameraLog(1):,8,19.712329,19.662000,19.712329,19.662000,19.760033,3.199422,2.952769,6.444216,6.473868,27.399019,60614,3.782727
485624:ApriltagsCameraLog(1):,7,19.760033,18.820000,19.760033,18.820000,19.482328,3.142371,2.838356,6.438725,6.410131,27.911496,60615,3.564147
485626:ApriltagsCameraLog(1):,8,19.760033,19.913000,19.760033,19.913000,19.476108,3.115026,2.842964,6.430526,6.406542,27.000294,60615,3.699188
485664:ApriltagsCameraLog(1):,7,19.476108,18.996000,19.476108,18.996000,19.280009,3.034489,2.740917,6.367089,6.342909,25.720208,60617,3.442741
485683:ApriltagsCameraLog(1):,,,,,,19.142516,,2.703376,,6.311493,,,
485704:ApriltagsCameraLog(1):,7,19.280009,16.796000,19.280009,16.796000,19.027160,2.891745,2.664692,6.311043,6.289152,29.123570,60619,3.291088
485705:ApriltagsCameraLog(1):,8,19.280009,18.489000,19.280009,18.489000,19.009236,2.896999,2.669435,6.315515,6.285208,26.569182,60619,3.452699
485725:ApriltagsCameraLog(1):,7,19.009236,18.279000,19.009236,18.279000,18.516240,2.776153,2.638090,6.245389,6.260660,23.944413,60621,3.164362
485727:ApriltagsCameraLog(1):,8,19.009236,19.409000,19.009236,19.409000,18.508911,2.755281,2.641632,6.239901,6.255694,24.273053,60621,3.292501
485744:ApriltagsCameraLog(1):,7,18.508911,18.842000,18.508911,18.842000,18.164904,2.713093,2.610549,6.194995,6.234893,22.459387,60622,3.091925
485745:ApriltagsCameraLog(1):,8,18.508911,19.431000,18.508911,19.431000,18.162975,2.701926,2.611505,6.191281,6.227930,24.892610,60622,3.223884
485765:ApriltagsCameraLog(1):,7,18.162975,17.161000,18.162975,17.161000,17.726490,2.663854,2.585632,6.160954,6.214663,23.427286,60623,3.036714
485766:ApriltagsCameraLog(1):,8,18.162975,18.025000,18.162975,18.025000,17.712791,2.663318,2.585682,6.159672,6.208021,22.714200,60623,3.175633
485784:ApriltagsCameraLog(1):,7,17.712791,17.790000,17.712791,17.790000,17.220181,2.608200,2.566134,6.128417,6.197091,20.963103,60624,2.975311
485786:ApriltagsCameraLog(1):,8,17.712791,18.572000,17.712791,18.572000,17.215020,2.602415,2.564548,6.124031,6.189238,23.713847,60624,3.104693
485803:ApriltagsCameraLog(1):,,,,,,17.035761,,2.551204,,6.181077,,,
485824:ApriltagsCameraLog(1):,7,17.215020,17.184000,17.215020,17.184000,16.228266,2.557512,2.540817,6.096146,6.182778,20.414546,60625,2.918927
485826:ApriltagsCameraLog(1):,8,17.215020,18.002000,17.215020,18.002000,16.221097,2.558274,2.537796,6.094967,6.173602,23.098127,60625,3.051621
485864:ApriltagsCameraLog(1):,7,16.221097,16.487000,16.221097,16.487000,14.928198,2.481492,2.524182,6.052723,6.169612,20.200823,60627,2.834699
485866:ApriltagsCameraLog(1):,8,16.221097,18.156000,16.221097,18.156000,14.921992,2.476694,2.518218,6.049627,6.159806,24.643539,60627,2.956037
485883:ApriltagsCameraLog(1):,,,,,,14.238244,,2.510573,,6.152694,,,
485904:ApriltagsCameraLog(1):,7,14.921992,15.353000,14.921992,15.353000,13.502160,2.408849,2.504266,6.012663,6.154119,19.849854,60629,2.753708
485906:ApriltagsCameraLog(1):,8,14.921992,16.456000,14.921992,16.456000,13.496537,2.417941,2.494495,6.015094,6.142034,23.154635,60629,2.884387
485923:ApriltagsCameraLog(1):,,,,,,12.789839,,2.481880,,6.134170,,,
485944:ApriltagsCameraLog(1):,7,13.496537,14.788000,13.496537,14.788000,12.498702,2.348522,2.476874,5.986818,6.135740,20.879563,60631,2.686433
485945:ApriltagsCameraLog(1):,8,13.496537,15.740000,13.496537,15.740000,12.501957,2.351379,2.464620,5.986575,6.123695,23.817252,60631,2.806630
485964:ApriltagsCameraLog(1):,,,,,,12.076007,,2.451197,,6.114957,,,
486004:ApriltagsCameraLog(1):,7,12.501957,13.765000,12.501957,13.765000,11.655780,2.311448,2.447788,5.992732,6.115768,20.472117,60633,2.647045
486005:ApriltagsCameraLog(1):,8,12.501957,14.702000,12.501957,14.702000,11.663015,2.305652,2.434946,5.993465,6.105696,23.289285,60633,2.761189
486024:ApriltagsCameraLog(1):,7,11.663015,12.023000,11.663015,12.023000,11.660818,2.271588,2.424132,6.005820,6.097851,18.491735,60635,2.606149
486025:ApriltagsCameraLog(1):,8,11.663015,12.710000,11.663015,12.710000,11.658853,2.269103,2.409499,6.005551,6.089260,20.784120,60635,2.726786
486044:ApriltagsCameraLog(1):,7,11.658853,11.039000,11.658853,11.039000,11.669162,2.252076,2.398226,6.024961,6.082308,18.810138,60637,2.589030
486046:ApriltagsCameraLog(1):,8,11.658853,11.856000,11.658853,11.856000,11.662093,2.249632,2.384915,6.024692,6.076995,19.084723,60637,2.714468
486064:ApriltagsCameraLog(1):,7,11.662093,11.141000,11.662093,11.141000,11.638951,2.253509,2.372890,6.030579,6.072540,18.653126,60638,2.591158
486065:ApriltagsCameraLog(1):,8,11.662093,12.068000,11.662093,12.068000,11.633378,2.241083,2.362042,6.028256,6.068562,19.417952,60638,2.707563
486084:ApriltagsCameraLog(1):,7,11.633378,11.218000,11.633378,11.218000,11.505693,2.256239,2.352028,6.029943,6.064944,18.486800,60639,2.593691
486085:ApriltagsCameraLog(1):,8,11.633378,12.089000,11.633378,12.089000,11.500970,2.246583,2.343251,6.028138,6.061663,19.552857,60639,2.712601
486124:ApriltagsCameraLog(1):,7,11.500970,11.175000,11.500970,11.175000,11.340575,2.257853,2.335651,6.022151,6.058888,18.329760,60640,2.593891
486125:ApriltagsCameraLog(1):,8,11.500970,12.019000,11.500970,12.019000,11.335452,2.254477,2.328538,6.021379,6.055463,19.709205,60640,2.717312
486164:ApriltagsCameraLog(1):,7,11.335452,10.963000,11.335452,10.963000,11.105756,2.265187,2.322843,6.024485,6.052401,18.470395,60642,2.600895
486166:ApriltagsCameraLog(1):,8,11.335452,11.883000,11.335452,11.883000,11.100490,2.258960,2.317600,6.020232,6.049769,19.791296,60642,2.720486
486183:ApriltagsCameraLog(1):,,,,,,11.025178,,2.312555,,6.047187,,,
486204:ApriltagsCameraLog(1):,7,11.100490,10.661000,11.100490,10.661000,10.989472,2.270640,2.312555,6.023491,6.047187,18.627327,60644,2.605392
486206:ApriltagsCameraLog(1):,8,11.100490,11.658000,11.100490,11.658000,10.983378,2.261239,2.308731,6.020774,6.044963,19.821284,60644,2.721823
486223:ApriltagsCameraLog(1):,,,,,,10.982174,,2.304349,,6.043013,,,
486244:ApriltagsCameraLog(1):,7,10.983378,10.678000,10.983378,10.678000,10.971188,2.273617,2.304428,6.021748,6.042597,18.407394,60645,2.607741
486245:ApriltagsCameraLog(1):,8,10.983378,11.585000,10.983378,11.585000,10.966560,2.264882,2.301543,6.021542,6.040613,19.931236,60645,2.725022
486263:ApriltagsCameraLog(1):,,,,,,10.968594,,2.298326,,6.038940,,,
486304:ApriltagsCameraLog(1):,7,10.966560,10.549000,10.966560,10.549000,10.952114,2.269813,2.298074,6.028068,6.039107,18.582171,60648,2.604669
486306:ApriltagsCameraLog(1):,8,10.966560,11.205000,10.966560,11.205000,10.947488,2.261727,2.295439,6.025371,6.038055,19.233500,60648,2.723197
486344:ApriltagsCameraLog(1):,7,10.947488,10.648000,10.947488,10.648000,10.908617,2.266997,2.292384,6.029311,6.036900,18.349243,60650,2.601961
486345:ApriltagsCameraLog(1):,8,10.947488,11.325000,10.947488,11.325000,10.905172,2.259097,2.289984,6.026616,6.036198,19.476771,60650,2.721031
486363:ApriltagsCameraLog(1):,,,,,,10.897854,,2.286959,,6.035537,,,
486384:ApriltagsCameraLog(1):,7,10.905172,10.570000,10.905172,10.570000,10.892361,2.269846,2.286959,6.028089,6.035537,18.433768,60653,2.604495
486386:ApriltagsCameraLog(1):,8,10.905172,11.415000,10.905172,11.415000,10.888460,2.259868,2.285341,6.024919,6.034852,19.725105,60653,2.721031
486404:ApriltagsCameraLog(1):,,,,,,10.885094,,2.283073,,6.034002,,,
486425:ApriltagsCameraLog(1):,7,10.888460,10.474000,10.888460,10.474000,10.885094,2.267491,2.283073,6.026936,6.034002,18.554074,60655,2.601961
486428:ApriltagsCameraLog(1):,8,10.888460,11.348000,10.888460,11.348000,10.880501,2.259692,2.281618,6.026743,6.033349,19.633669,60655,2.721383
486444:ApriltagsCameraLog(1):,7,10.880501,10.519000,10.880501,10.519000,10.882272,2.269573,2.279666,6.029589,6.032781,18.479302,60657,2.604322
486445:ApriltagsCameraLog(1):,8,10.880501,11.316000,10.880501,11.316000,10.878309,2.257343,2.278727,6.025945,6.032481,19.567543,60657,2.718868
486464:ApriltagsCameraLog(1):,7,10.878309,10.415000,10.878309,10.415000,10.882668,2.269591,2.276830,6.029501,6.031909,18.660872,60658,2.604322
486465:ApriltagsCameraLog(1):,8,10.878309,11.374000,10.878309,11.374000,10.877680,2.257382,2.276163,6.025857,6.031684,19.680409,60658,2.718868
486484:ApriltagsCameraLog(1):,7,10.877680,10.371000,10.877680,10.371000,10.882645,2.269597,2.274504,6.029476,6.031177,18.738221,60659,2.604322
486485:ApriltagsCameraLog(1):,8,10.877680,11.254000,10.877680,11.254000,10.877226,2.259888,2.274053,6.026311,6.031018,19.477457,60659,2.721383
486504:ApriltagsCameraLog(1):,7,10.877226,10.379000,10.877226,10.379000,10.870054,2.269600,2.272792,6.029457,6.030604,18.723144,60660,2.604322
486506:ApriltagsCameraLog(1):,8,10.877226,11.284000,10.877226,11.284000,10.864748,2.259417,2.272498,6.028787,6.030497,19.537573,60660,2.721737
486525:ApriltagsCameraLog(1):,,,,,,10.844165,,2.271761,,6.030431,,,
486544:ApriltagsCameraLog(1):,7,10.864748,10.270000,10.864748,10.270000,10.835926,2.267690,2.271761,6.025981,6.030431,18.875268,60661,2.601961
486545:ApriltagsCameraLog(1):,8,10.864748,11.292000,10.864748,11.292000,10.829531,2.260124,2.271430,6.025792,6.030030,19.573062,60661,2.721383
486563:ApriltagsCameraLog(1):,,,,,,10.828271,,2.270465,,6.029665,,,
486584:ApriltagsCameraLog(1):,7,10.829531,10.473000,10.829531,10.473000,10.831018,2.270001,2.270212,6.027536,6.029832,18.470438,60663,2.604322
486585:ApriltagsCameraLog(1):,8,10.829531,11.263000,10.829531,11.263000,10.826933,2.260287,2.270190,6.026874,6.029637,19.587689,60663,2.721737
486603:ApriltagsCameraLog(1):,,,,,,10.842091,,2.269308,,6.029414,,,
486624:ApriltagsCameraLog(1):,7,10.826933,10.511000,10.826933,10.511000,10.844837,2.270022,2.269308,6.027431,6.029414,18.398032,60665,2.604322
486625:ApriltagsCameraLog(1):,8,10.826933,11.305000,10.826933,11.305000,10.841410,2.260335,2.269352,6.026770,6.029245,19.671418,60665,2.721737
486644:ApriltagsCameraLog(1):,,,,,,10.840734,,2.268533,,6.029044,,,
486684:ApriltagsCameraLog(1):,7,10.841410,10.345000,10.841410,10.345000,10.837988,2.269901,2.268786,6.028015,6.028878,18.719905,60667,2.604322
486692:ApriltagsCameraLog(1):,8,10.841410,11.226000,10.841410,11.226000,10.832759,2.262565,2.268912,6.027829,6.028783,19.516819,60667,2.724252
486707:ApriltagsCameraLog(1):,,,,,,10.836731,,2.268370,,6.028686,,,
486724:ApriltagsCameraLog(1):,7,10.832759,10.184000,10.832759,10.184000,10.839478,2.272468,2.268118,6.028143,6.028852,19.013203,60670,2.606857
486725:ApriltagsCameraLog(1):,8,10.832759,11.264000,10.832759,11.264000,10.832670,2.262723,2.268514,6.027481,6.028790,19.604495,60670,2.724252
486744:ApriltagsCameraLog(1):,7,10.832670,10.369000,10.832670,10.369000,10.842535,2.269974,2.268001,6.027663,6.028676,18.661516,60672,2.604322
486746:ApriltagsCameraLog(1):,8,10.832670,11.272000,10.832670,11.272000,10.837601,2.260230,2.268160,6.027000,6.028599,19.598692,60672,2.721737
486765:ApriltagsCameraLog(1):,7,10.837601,10.177000,10.837601,10.177000,10.842072,2.271950,2.267436,6.030833,6.028475,19.032901,60673,2.606687
486766:ApriltagsCameraLog(1):,8,10.837601,11.250000,10.837601,11.250000,10.835232,2.260140,2.267829,6.027198,6.028701,19.548133,60673,2.721737
486784:ApriltagsCameraLog(1):,7,10.835232,10.243000,10.835232,10.243000,10.836759,2.269475,2.267132,6.030260,6.028580,18.889362,60674,2.604153
486785:ApriltagsCameraLog(1):,8,10.835232,11.065000,10.835232,11.065000,10.830539,2.260183,2.267346,6.027103,6.028734,19.205264,60674,2.721737
486804:ApriltagsCameraLog(1):,,,,,,10.832955,,2.266700,,6.028589,,,
486824:ApriltagsCameraLog(1):,7,10.830539,10.510000,10.830539,10.510000,10.832955,2.272487,2.266700,6.028054,6.028589,18.427170,60675,2.606857
486825:ApriltagsCameraLog(1):,8,10.830539,11.311000,10.830539,11.311000,10.829458,2.257774,2.267240,6.026437,6.028540,19.654826,60675,2.719222
486844:ApriltagsCameraLog(1):,7,10.829458,10.291000,10.829458,10.291000,10.839774,2.270001,2.266404,6.027533,6.028358,18.794897,60677,2.604322
486845:ApriltagsCameraLog(1):,8,10.829458,11.297000,10.829458,11.297000,10.834054,2.260289,2.266734,6.026871,6.028284,19.651658,60677,2.721737
486884:ApriltagsCameraLog(1):,7,10.834054,10.399000,10.834054,10.399000,10.841520,2.269963,2.266165,6.027718,6.028162,18.610480,60678,2.604322
486887:ApriltagsCameraLog(1):,8,10.834054,11.148000,10.834054,11.148000,10.836902,2.260205,2.266516,6.027056,6.028122,19.363299,60678,2.721737
486903:ApriltagsCameraLog(1):,,,,,,10.840167,,2.265952,,6.028028,,,
486924:ApriltagsCameraLog(1):,7,10.836902,10.493000,10.836902,10.493000,10.840167,2.269939,2.265952,6.027833,6.028028,18.447915,60680,2.604322
486925:ApriltagsCameraLog(1):,8,10.836902,11.289000,10.836902,11.289000,10.836451,2.257658,2.266324,6.026692,6.028011,19.601633,60680,2.719222
486944:ApriltagsCameraLog(1):,7,10.836451,10.328000,10.836451,10.328000,10.827296,2.272437,2.266462,6.028292,6.028015,18.762685,60681,2.606857
486946:ApriltagsCameraLog(1):,8,10.836451,11.266000,10.836451,11.266000,10.821885,2.260161,2.267094,6.027152,6.028054,19.580330,60681,2.721737
486964:ApriltagsCameraLog(1):,7,10.821885,10.274000,10.821885,10.274000,10.774052,2.270065,2.269300,6.027228,6.028120,18.811709,60683,2.604322
486968:ApriltagsCameraLog(1):,8,10.821885,11.303000,10.821885,11.303000,10.768098,2.260427,2.269705,6.026568,6.028062,19.677140,60683,2.721737
486984:ApriltagsCameraLog(1):,7,10.768098,10.501000,10.768098,10.501000,10.759084,2.267544,2.273025,6.027082,6.028452,18.288726,60684,2.601618
486986:ApriltagsCameraLog(1):,8,10.768098,11.319000,10.768098,11.319000,10.755504,2.258910,2.273156,6.023935,6.028399,19.786930,60684,2.719222
487005:ApriltagsCameraLog(1):,,,,,,10.782387,,2.279128,,6.029701,,,
487025:ApriltagsCameraLog(1):,7,10.755504,10.316000,10.755504,10.316000,10.782387,2.267649,2.290246,6.026575,6.028763,18.595833,60685,2.601618
487027:ApriltagsCameraLog(1):,8,10.755504,11.102000,10.755504,11.102000,10.777263,2.261160,2.290250,6.026399,6.028650,19.427359,60685,2.722094
487044:ApriltagsCameraLog(1):,7,10.777263,10.478000,10.777263,10.478000,10.769430,2.269487,2.303206,6.030421,6.028269,18.365525,60687,2.603985
487045:ApriltagsCameraLog(1):,8,10.777263,11.303000,10.777263,11.303000,10.766307,2.260764,2.302709,6.027272,6.028440,19.763917,60687,2.722094
487085:ApriltagsCameraLog(1):,7,10.766307,10.638000,10.766307,10.638000,10.735994,2.272549,2.339301,6.027959,6.028566,18.082571,60688,2.606687
487086:ApriltagsCameraLog(1):,8,10.766307,11.096000,10.766307,11.096000,10.734411,2.268449,2.338296,6.028256,6.029122,19.458152,60688,2.729638
487124:ApriltagsCameraLog(1):,7,10.734411,10.486000,10.734411,10.486000,10.611272,2.289812,2.388818,6.032479,6.030283,18.441093,60690,2.624262
487126:ApriltagsCameraLog(1):,8,10.734411,11.100000,10.734411,11.100000,10.608206,2.281509,2.386424,6.029337,6.030682,19.630044,60690,2.742213
487144:ApriltagsCameraLog(1):,7,10.608206,10.175000,10.608206,10.175000,10.652747,2.312717,2.419148,6.021105,6.014920,18.948482,60692,2.645213
487146:ApriltagsCameraLog(1):,8,10.608206,11.173000,10.608206,11.173000,10.647404,2.305184,2.416155,6.020477,6.014108,20.168503,60692,2.761287
487164:ApriltagsCameraLog(1):,,,,,,10.729137,,2.451312,,5.996242,,,
487187:ApriltagsCameraLog(1):,7,10.647404,10.711000,10.647404,10.711000,11.042248,2.355618,2.487107,6.012748,5.980668,18.613727,60694,2.687012
487188:ApriltagsCameraLog(1):,8,10.647404,11.448000,10.647404,11.448000,11.043113,2.342706,2.484107,6.011176,5.983436,20.902916,60694,2.794186
487204:ApriltagsCameraLog(1):,7,11.043113,10.091000,11.043113,10.091000,11.152485,2.362262,2.520365,6.018264,5.965082,20.332163,60695,2.695575
487208:ApriltagsCameraLog(1):,8,11.043113,10.997000,11.043113,10.997000,11.146597,2.350931,2.515195,6.015069,5.966098,19.528659,60695,2.804877
487225:ApriltagsCameraLog(1):,7,11.146597,10.674000,11.146597,10.674000,11.245844,2.401699,2.551954,6.002060,5.943454,19.758243,60696,2.733327
487226:ApriltagsCameraLog(1):,8,11.146597,11.358000,11.146597,11.358000,11.244006,2.390863,2.547953,6.004319,5.944203,20.137119,60696,2.840029
487243:ApriltagsCameraLog(1):,7,11.244006,10.383000,11.244006,10.383000,11.202254,2.406386,2.590698,5.991755,5.919465,20.524945,60697,2.737229
487246:ApriltagsCameraLog(1):,8,11.244006,11.385000,11.244006,11.385000,11.195459,2.400063,2.584879,5.992494,5.920456,20.043933,60697,2.845657
487284:ApriltagsCameraLog(1):,7,11.195459,11.403000,11.195459,11.403000,11.143538,2.441074,2.670767,5.960225,5.869148,19.545746,60698,2.768543
487286:ApriltagsCameraLog(1):,8,11.195459,12.033000,11.195459,12.033000,11.145575,2.435723,2.664890,5.958477,5.870377,21.628979,60698,2.869683
487344:ApriltagsCameraLog(1):,7,11.145575,10.949000,11.145575,10.949000,11.287754,2.494636,2.808694,5.924539,5.783313,19.934601,60700,2.818786
487345:ApriltagsCameraLog(1):,8,11.145575,11.238000,11.145575,11.238000,11.285336,2.504238,2.800268,5.928233,5.784892,20.604738,60700,2.927005
487364:ApriltagsCameraLog(1):,7,11.285336,10.964000,11.285336,10.964000,11.285797,2.557456,2.845459,5.896815,5.752797,20.683412,60702,2.879934
487365:ApriltagsCameraLog(1):,8,11.285336,11.706000,11.285336,11.706000,11.283947,2.548235,2.833148,5.897052,5.757586,21.565771,60702,2.961900
487383:ApriltagsCameraLog(1):,,,,,,11.245061,,2.874290,,5.727800,,,
487404:ApriltagsCameraLog(1):,7,11.283947,10.961000,11.283947,10.961000,11.195622,2.622211,2.927793,5.870820,5.693215,21.207527,60703,2.943008
487407:ApriltagsCameraLog(1):,8,11.283947,12.417000,11.283947,12.417000,11.193135,2.614499,2.918923,5.876536,5.697729,23.566355,60703,3.020990
487424:ApriltagsCameraLog(1):,7,11.193135,11.680000,11.193135,11.680000,11.194929,2.689863,2.964821,5.815158,5.663732,22.087983,60705,3.007815
487425:ApriltagsCameraLog(1):,8,11.193135,12.904000,11.193135,12.904000,11.198665,2.679059,2.952545,5.814916,5.669380,25.241733,60705,3.069264
487446:ApriltagsCameraLog(1):,,,,,,11.236251,,2.995808,,5.636056,,,
487464:ApriltagsCameraLog(1):,7,11.198665,11.938000,11.198665,11.938000,11.238997,2.764953,3.049417,5.762971,5.594409,23.253095,60707,3.081533
487466:ApriltagsCameraLog(1):,8,11.198665,12.807000,11.198665,12.807000,11.245042,2.756587,3.040865,5.763222,5.597844,25.625397,60707,3.134375
487484:ApriltagsCameraLog(1):,7,11.245042,11.338000,11.245042,11.338000,11.257214,2.834445,3.087643,5.701400,5.558478,22.412062,60709,3.150705
487487:ApriltagsCameraLog(1):,8,11.245042,11.891000,11.245042,11.891000,11.258082,2.826116,3.078747,5.699152,5.561356,23.983005,60709,3.190975
487504:ApriltagsCameraLog(1):,7,11.258082,11.170000,11.258082,11.170000,11.307405,2.879215,3.125710,5.672125,5.520798,22.764516,60710,3.195719
487506:ApriltagsCameraLog(1):,8,11.258082,12.026000,11.258082,12.026000,11.306606,2.870262,3.118057,5.672366,5.524461,24.594076,60710,3.230017
487544:ApriltagsCameraLog(1):,7,11.306606,11.169000,11.306606,11.169000,11.428133,2.920452,3.220478,5.636237,5.439162,23.216709,60711,3.237696
487546:ApriltagsCameraLog(1):,8,11.306606,11.933000,11.306606,11.933000,11.427281,2.904046,3.212277,5.632486,5.442577,24.502810,60711,3.257305
487563:ApriltagsCameraLog(1):,,,,,,11.482103,,3.259754,,5.396814,,,
487584:ApriltagsCameraLog(1):,7,11.427281,11.527000,11.427281,11.527000,11.542528,3.011582,3.314975,5.562455,5.348887,23.888259,60713,3.331550
487585:ApriltagsCameraLog(1):,8,11.427281,12.053000,11.427281,12.053000,11.543750,2.998973,3.306223,5.559675,5.353108,25.219183,60713,3.341762
487604:ApriltagsCameraLog(1):,,,,,,11.584743,,3.353372,,5.308430,,,
487624:ApriltagsCameraLog(1):,7,11.543750,11.387000,11.543750,11.387000,11.612209,3.109533,3.410578,5.482378,5.258177,24.855937,60715,3.434042
487626:ApriltagsCameraLog(1):,8,11.543750,13.015000,11.543750,13.015000,11.611575,3.105227,3.403123,5.484093,5.262525,28.120958,60715,3.439287
487644:ApriltagsCameraLog(1):,7,11.611575,11.579000,11.611575,11.579000,11.671955,3.207255,3.454870,5.389480,5.214881,25.393381,60717,3.538866
487646:ApriltagsCameraLog(1):,8,11.611575,13.292000,11.611575,13.292000,11.671932,3.199279,3.447018,5.393167,5.218782,29.439135,60717,3.525478
487664:ApriltagsCameraLog(1):,7,11.671932,12.394000,11.671932,12.394000,11.765869,3.249602,3.497303,5.339366,5.172391,27.542690,60718,3.585982
487666:ApriltagsCameraLog(1):,8,11.671932,13.411000,11.671932,13.411000,11.771452,3.239053,3.490728,5.340042,5.175142,29.929895,60718,3.561996
487683:ApriltagsCameraLog(1):,,,,,,11.824504,,3.541950,,5.127300,,,
487707:ApriltagsCameraLog(1):,7,11.771452,9.505000,11.771452,9.505000,11.849223,3.326942,3.630106,5.311823,5.050467,32.295255,60719,3.666014
487709:ApriltagsCameraLog(1):,8,11.771452,15.465000,11.771452,15.465000,11.835830,3.329812,3.625634,5.318075,5.053953,35.896757,60719,3.651795
487723:ApriltagsCameraLog(1):,7,11.835830,11.212000,11.835830,11.212000,11.873349,3.405981,3.653041,5.199759,5.030817,28.754141,60721,3.758213
487726:ApriltagsCameraLog(1):,8,11.835830,13.916000,11.835830,13.916000,11.869221,3.411216,3.646948,5.204049,5.033151,32.419724,60721,3.729643
487744:ApriltagsCameraLog(1):,7,11.869221,8.388000,11.869221,8.388000,11.904135,3.488717,3.701527,5.167202,4.984415,37.420741,60722,3.844710
487747:ApriltagsCameraLog(1):,8,11.869221,10.469000,11.869221,10.469000,11.885727,3.456730,3.697987,5.174124,4.987144,31.007389,60722,3.774867
487765:ApriltagsCameraLog(1):,7,11.885727,9.550000,11.885727,9.550000,11.857764,3.504260,3.752472,5.119554,4.939821,34.461844,60723,3.867077
487767:ApriltagsCameraLog(1):,8,11.885727,11.330000,11.885727,11.330000,11.844509,3.516979,3.746283,5.122932,4.943144,29.218771,60723,3.835061
487784:ApriltagsCameraLog(1):,7,11.844509,10.946000,11.844509,10.946000,11.827350,3.559246,3.801997,5.063721,4.895061,30.996205,60724,3.930097
487786:ApriltagsCameraLog(1):,8,11.844509,13.038000,11.844509,13.038000,11.821537,3.564394,3.796026,5.068012,4.897752,31.413525,60724,3.883012
487803:ApriltagsCameraLog(1):,7,11.821537,13.188000,11.821537,13.188000,11.776888,3.660115,3.852971,5.013365,4.848159,33.307712,60725,4.037937
487805:ApriltagsCameraLog(1):,8,11.821537,10.763000,11.821537,10.763000,11.784852,3.614613,3.850981,5.025170,4.849793,31.487589,60725,3.934195
487843:ApriltagsCameraLog(1):,,,,,,11.681786,,3.973495,,4.751967,,,
487864:ApriltagsCameraLog(1):,7,11.784852,14.019000,11.784852,14.019000,11.610375,3.683099,4.041156,4.961376,4.705982,36.161331,60726,4.069713
487884:ApriltagsCameraLog(1):,,,,,,11.550962,,4.104908,,4.661843,,,
487904:ApriltagsCameraLog(1):,8,11.610375,11.714000,11.610375,11.714000,11.405393,3.812964,4.172386,4.829432,4.615595,30.449004,60729,4.142089
487924:ApriltagsCameraLog(1):,8,11.405393,13.008000,11.405393,13.008000,11.290037,3.914648,4.232246,4.732637,4.572421,35.979695,60731,4.251251
487944:ApriltagsCameraLog(1):,8,11.290037,14.346000,11.290037,14.346000,11.094667,4.042132,4.294889,4.654398,4.537447,41.893255,60733,4.385931
487964:ApriltagsCameraLog(1):,,,,,,10.842430,,4.364718,,4.508866,,,
487984:ApriltagsCameraLog(1):,,,,,,10.663902,,4.440793,,4.477388,,,
488005:ApriltagsCameraLog(1):,8,11.094667,11.656000,11.094667,11.656000,10.479881,4.153887,4.516608,4.592739,4.452242,34.883695,60735,4.503704
488025:ApriltagsCameraLog(1):,8,10.479881,12.215000,10.479881,12.215000,10.302409,4.220131,4.584821,4.542773,4.428101,39.424494,60736,4.574413
488044:ApriltagsCameraLog(1):,,,,,,10.304230,,4.653254,,4.404994,,,
488063:ApriltagsCameraLog(1):,8,10.302409,11.574000,10.302409,11.574000,10.518463,4.284631,4.729824,4.508000,4.383579,38.482370,60737,4.642628
488084:ApriltagsCameraLog(1):,13,10.518463,12.056000,10.518463,10.518463,10.995952,4.592545,4.798295,5.127309,4.363120,56.253409,60732,6.469608
488103:ApriltagsCameraLog(1):,8,10.995952,11.642000,10.995952,11.642000,11.715440,4.434391,4.879865,4.536653,4.364790,37.591618,60739,4.788799
488123:ApriltagsCameraLog(1):,13,11.715440,9.957000,11.715440,11.715440,12.727737,4.894573,4.945257,4.899754,4.351591,54.237723,60735,6.140829
488144:ApriltagsCameraLog(1):,8,12.727737,13.356000,12.727737,13.356000,14.071988,4.602644,5.027593,4.577239,4.354531,38.939479,60741,4.954709
488163:ApriltagsCameraLog(1):,,,,,,15.702333,,5.093601,,4.347062,,,
488184:ApriltagsCameraLog(1):,,,,,,17.611207,,5.167417,,4.334090,,,
488204:ApriltagsCameraLog(1):,,,,,,19.816713,,5.241039,,4.323838,,,
488224:ApriltagsCameraLog(1):,,,,,,22.299623,,5.311384,,4.308668,,,
488243:ApriltagsCameraLog(1):,,,,,,25.065431,,5.380236,,4.296828,,,
488263:ApriltagsCameraLog(1):,,,,,,27.976808,,5.448920,,4.287002,,,
488283:ApriltagsCameraLog(1):,,,,,,30.978822,,5.516490,,4.280222,,,
488303:ApriltagsCameraLog(1):,,,,,,33.821535,,5.582826,,4.277045,,,
488323:ApriltagsCameraLog(1):,,,,,,37.002077,,5.649804,,4.277432,,,
488343:ApriltagsCameraLog(1):,,,,,,40.731935,,5.716038,,4.280531,,,
488363:ApriltagsCameraLog(1):,,,,,,45.947694,,5.782048,,4.282194,,,
488383:ApriltagsCameraLog(1):,,,,,,49.254579,,5.848991,,4.288666,,,
488403:ApriltagsCameraLog(1):,,,,,,54.846620,,5.915833,,4.300346,,,
488424:ApriltagsCameraLog(1):,,,,,,61.556520,,5.978416,,4.307556,,,
488444:ApriltagsCameraLog(1):,,,,,,63.786745,,6.040105,,4.319553,,,
488463:ApriltagsCameraLog(1):,,,,,,68.249940,,6.101372,,4.325729,,,
488484:ApriltagsCameraLog(1):,,,,,,72.724122,,6.161964,,4.336630,,,
488503:ApriltagsCameraLog(1):,,,,,,77.250490,,6.220945,,4.352200,,,
488524:ApriltagsCameraLog(1):,,,,,,81.941652,,6.278490,,4.371167,,,
488545:ApriltagsCameraLog(1):,,,,,,88.939943,,6.340257,,4.387710,,,
488564:ApriltagsCameraLog(1):,,,,,,91.318483,,6.401423,,4.409427,,,
488583:ApriltagsCameraLog(1):,,,,,,98.492555,,6.460481,,4.435532,,,
488623:ApriltagsCameraLog(1):,,,,,,107.894105,,6.571382,,4.493055,,,
488644:ApriltagsCameraLog(1):,,,,,,112.417726,,6.623815,,4.525837,,,
488664:ApriltagsCameraLog(1):,,,,,,114.623231,,6.674841,,4.554095,,,
488684:ApriltagsCameraLog(1):,,,,,,120.632753,,6.724094,,4.584852,,,
488704:ApriltagsCameraLog(1):,,,,,,123.931398,,6.771896,,4.619584,,,
488724:ApriltagsCameraLog(1):,,,,,,125.546388,,6.818240,,4.655476,,,
488744:ApriltagsCameraLog(1):,,,,,,130.762147,,6.869093,,4.685044,,,
488763:ApriltagsCameraLog(1):,,,,,,132.591371,,6.923144,,4.705940,,,
488783:ApriltagsCameraLog(1):,,,,,,136.398134,,6.980458,,4.730858,,,
488803:ApriltagsCameraLog(1):,,,,,,142.154970,,7.036092,,4.760592,,,
488823:ApriltagsCameraLog(1):,,,,,,145.879335,,7.093143,,4.782726,,,
488843:ApriltagsCameraLog(1):,,,,,,147.694826,,7.148455,,4.807537,,,
488863:ApriltagsCameraLog(1):,,,,,,152.254152,,7.202693,,4.824952,,,
488883:ApriltagsCameraLog(1):,,,,,,154.802980,,7.256562,,4.845939,,,
488903:ApriltagsCameraLog(1):,,,,,,157.294130,,7.310442,,4.870169,,,
488923:ApriltagsCameraLog(1):,,,,,,159.697389,,7.366303,,4.898736,,,
488944:ApriltagsCameraLog(1):,,,,,,161.944093,,7.425001,,4.917974,,,
488964:ApriltagsCameraLog(1):,,,,,,162.974061,,7.489799,,4.922141,,,
488984:ApriltagsCameraLog(1):,,,,,,164.693422,,7.555336,,4.928168,,,
489003:ApriltagsCameraLog(1):,,,,,,166.234254,,7.625723,,4.936397,,,
489024:ApriltagsCameraLog(1):,,,,,,168.417787,,7.696142,,4.935408,,,
489045:ApriltagsCameraLog(1):,,,,,,169.434022,,7.765053,,4.936388,,,
489063:ApriltagsCameraLog(1):,,,,,,170.373353,,7.835768,,4.931565,,,
489083:ApriltagsCameraLog(1):,,,,,,170.801820,,7.906539,,4.927733,,,
489104:ApriltagsCameraLog(1):,13,168.417787,171.281000,168.417787,171.281000,171.329164,7.646130,7.978545,4.833101,4.924573,36.215724,60789,3.894312
489123:ApriltagsCameraLog(1):,,,,,,171.715767,,8.046557,,4.917041,,,
489143:ApriltagsCameraLog(1):,,,,,,172.015144,,8.115259,,4.906308,,,
489165:ApriltagsCameraLog(1):,,,,,,172.399665,,8.181785,,4.887082,,,
489203:ApriltagsCameraLog(1):,,,,,,172.927009,,8.317883,,4.849527,,,
489224:ApriltagsCameraLog(1):,13,172.015144,175.505000,172.015144,175.505000,173.064338,7.891450,8.383567,4.821506,4.822198,35.518442,60794,3.666218
489244:ApriltagsCameraLog(1):,14,173.064338,173.128000,173.064338,173.128000,173.283734,7.830392,8.436796,4.416518,4.793322,16.886975,60790,2.472519
489264:ApriltagsCameraLog(1):,13,173.283734,177.452000,173.283734,177.452000,173.511113,8.207456,8.458809,4.713765,4.712894,33.573907,60799,3.337069
489266:ApriltagsCameraLog(1):,14,173.283734,175.021000,173.283734,175.021000,173.536219,7.961241,8.449705,4.374768,4.710849,20.784460,60792,2.588512
489284:ApriltagsCameraLog(1):,14,173.536219,173.294000,173.536219,173.294000,173.661922,8.075739,8.491283,4.324723,4.646290,18.956738,60794,2.688553
489304:ApriltagsCameraLog(1):,13,173.661922,177.695000,173.661922,177.695000,173.766349,8.269421,8.522914,4.689100,4.578347,32.523598,60800,3.272048
489306:ApriltagsCameraLog(1):,14,173.766349,175.815000,173.766349,175.815000,173.792484,8.152601,8.518276,4.299186,4.582025,22.968680,60795,2.757910
489325:ApriltagsCameraLog(1):,13,173.792484,175.615000,173.792484,175.615000,173.900064,8.322277,8.556391,4.663706,4.524375,26.860095,60801,3.214930
489326:ApriltagsCameraLog(1):,14,173.900064,174.246000,173.900064,174.246000,173.914648,8.174967,8.550530,4.280364,4.528460,19.871012,60796,2.775823
489345:ApriltagsCameraLog(1):,14,173.914648,152.191000,173.914648,152.191000,174.054776,8.259282,8.573915,4.233781,4.461260,62.846642,60797,2.851333
489364:ApriltagsCameraLog(1):,13,174.054776,177.799000,174.054776,177.799000,174.008084,8.436806,8.611637,4.597385,4.413485,29.836770,60803,3.088574
489404:ApriltagsCameraLog(1):,14,174.008084,175.534000,174.008084,175.534000,173.913797,8.304679,8.680115,4.210800,4.355112,23.211517,60798,2.892318
489425:ApriltagsCameraLog(1):,13,173.913797,177.883000,173.913797,177.883000,173.532614,8.473217,8.691562,4.574935,4.297982,29.865918,60804,3.047479
489428:ApriltagsCameraLog(1):,7,173.532614,173.516000,173.532614,173.532614,173.558802,8.006454,8.690788,3.991763,4.307578,61.291942,60800,8.023785
489429:ApriltagsCameraLog(1):,14,173.532614,177.171000,173.532614,177.171000,173.557068,8.398109,8.672464,4.101400,4.294737,28.360565,60800,2.974333
489444:ApriltagsCameraLog(1):,,,,,,172.765837,,8.685258,,4.243941,,,
489465:ApriltagsCameraLog(1):,13,173.557068,177.033000,173.557068,177.033000,171.598540,8.692153,8.701700,4.421942,4.220161,26.138542,60808,2.799558
489467:ApriltagsCameraLog(1):,14,171.598540,178.746000,171.598540,178.746000,171.623768,8.540886,8.706247,3.899152,4.230071,37.570630,60803,3.113790
489484:ApriltagsCameraLog(1):,13,171.623768,176.025000,171.623768,176.025000,170.464172,8.721346,8.712005,4.466024,4.192141,27.635382,60809,2.773699
489504:ApriltagsCameraLog(1):,13,170.464172,174.569000,170.464172,174.569000,169.347363,8.762447,8.725473,4.423358,4.190182,26.465386,60810,2.720419
489506:ApriltagsCameraLog(1):,7,170.464172,173.430000,170.464172,170.464172,169.364513,8.127507,8.730091,3.560596,4.202526,81.535559,60804,8.235620
489507:ApriltagsCameraLog(1):,14,170.464172,175.262000,170.464172,175.262000,169.341344,8.559563,8.712388,3.836667,4.173339,32.699533,60804,3.137190
489524:ApriltagsCameraLog(1):,7,169.341344,179.571000,169.341344,169.341344,168.007023,8.427936,8.715946,3.646951,4.134290,131.802865,60806,8.519161
489528:ApriltagsCameraLog(1):,8,169.341344,177.929000,169.341344,169.341344,168.004806,8.146409,8.712117,3.700811,4.126448,115.560503,60806,8.146320
489530:ApriltagsCameraLog(1):,14,169.341344,172.507000,169.341344,172.507000,168.002281,8.622689,8.703066,3.837802,4.118513,29.822986,60806,3.206514
489545:ApriltagsCameraLog(1):,13,168.002281,170.640000,168.002281,170.640000,166.404154,8.791426,8.709001,4.370062,4.088793,23.225930,60812,2.672283
489564:ApriltagsCameraLog(1):,7,166.404154,169.257000,166.404154,166.404154,164.743034,8.176720,8.722118,3.425233,4.101731,81.823605,60807,8.332732
489566:ApriltagsCameraLog(1):,14,166.404154,173.100000,166.404154,173.100000,164.735529,8.653030,8.710313,3.706911,4.084637,38.450165,60807,3.253722
489584:ApriltagsCameraLog(1):,13,164.735529,170.638000,164.735529,170.638000,163.133806,8.871265,8.711586,4.383494,4.062021,28.106422,60813,2.584281
489604:ApriltagsCameraLog(1):,14,163.133806,158.731000,163.133806,158.731000,161.713270,8.640063,8.726730,3.550021,4.075953,33.315234,60808,3.266384
489625:ApriltagsCameraLog(1):,13,161.713270,166.751000,161.713270,166.751000,160.420427,8.888868,8.727157,4.327832,4.040536,26.086205,60815,2.543396
489644:ApriltagsCameraLog(1):,13,160.420427,165.558000,160.420427,165.558000,159.195529,8.933502,8.740044,4.202049,4.055432,25.392985,60817,2.471851
489647:ApriltagsCameraLog(1):,14,160.420427,161.960000,160.420427,161.960000,159.221989,8.716239,8.754194,3.601070,4.064642,27.505396,60811,3.354464
489664:ApriltagsCameraLog(1):,13,159.221989,162.631000,159.221989,162.631000,158.029766,8.938396,8.739400,4.170173,4.021734,22.333239,60818,2.456925
489666:ApriltagsCameraLog(1):,7,158.029766,156.044000,158.029766,158.029766,158.043850,8.191527,8.755527,3.454880,4.032383,76.809101,60813,8.385450
489668:ApriltagsCameraLog(1):,14,158.029766,165.474000,158.029766,165.474000,158.037111,8.739811,8.741775,3.591330,4.017369,42.104380,60813,3.392070
489685:ApriltagsCameraLog(1):,13,158.037111,162.661000,158.037111,162.661000,157.159190,8.967392,8.741134,4.148875,3.994574,23.922424,60819,2.419807
489687:ApriltagsCameraLog(1):,14,157.159190,156.689000,157.159190,156.689000,157.182603,8.758230,8.758265,3.602644,4.004983,25.461995,60814,3.414820
489704:ApriltagsCameraLog(1):,13,157.182603,160.591000,157.182603,160.591000,156.608712,8.990737,8.760445,4.117912,3.972925,21.599300,60820,2.388598
489707:ApriltagsCameraLog(1):,14,156.608712,164.746000,156.608712,164.746000,156.627133,8.786456,8.779508,3.627229,3.983715,44.545117,60815,3.444996
489725:ApriltagsCameraLog(1):,13,156.627133,160.242000,156.627133,160.242000,156.214940,9.014480,8.781494,4.085090,3.964854,21.603347,60821,2.358434
489745:ApriltagsCameraLog(1):,13,156.214940,160.006000,156.214940,160.006000,155.868926,9.028416,8.805148,4.069796,3.970428,21.689421,60822,2.340895
489784:ApriltagsCameraLog(1):,13,155.868926,159.251000,155.868926,159.251000,155.914012,9.033602,8.847955,4.063933,3.972281,20.966337,60823,2.333435
489786:ApriltagsCameraLog(1):,7,155.868926,152.539000,155.868926,155.868926,155.940604,8.349822,8.866041,3.713508,3.978712,86.672250,60817,8.502600
489788:ApriltagsCameraLog(1):,14,155.868926,154.437000,155.868926,154.437000,155.912172,8.788766,8.837565,3.670440,3.966182,28.121956,60817,3.449936
489804:ApriltagsCameraLog(1):,7,155.912172,160.178000,155.912172,155.912172,155.976078,8.518543,8.851654,3.820312,3.943689,94.446112,60819,8.650554
489824:ApriltagsCameraLog(1):,1,155.976078,147.212000,155.976078,155.976078,155.852602,9.508269,8.865246,3.894576,3.934144,97.448452,60825,6.866689
489827:ApriltagsCameraLog(1):,13,155.976078,159.188000,155.976078,159.188000,155.852896,9.045256,8.878979,4.029657,3.933038,20.546203,60825,2.318907
489865:ApriltagsCameraLog(1):,7,155.852896,156.527000,155.852896,155.852896,155.388106,8.486620,8.953121,3.824968,3.923329,70.394706,60821,8.618632
489884:ApriltagsCameraLog(1):,13,155.388106,159.719000,155.388106,159.719000,154.909974,9.050943,8.977684,4.065835,3.911047,22.230978,60827,2.314078
489904:ApriltagsCameraLog(1):,7,154.909974,164.063000,154.909974,154.909974,154.542410,8.778828,9.029358,3.635249,3.910089,131.298654,60823,8.944054
489924:ApriltagsCameraLog(1):,1,154.542410,147.961000,154.542410,154.542410,154.109739,9.587220,9.063935,4.028249,3.894393,86.289345,60830,6.879976
489925:ApriltagsCameraLog(1):,13,154.542410,158.990000,154.542410,158.990000,154.107351,9.073862,9.078001,4.069903,3.895920,22.106504,60830,2.287646
489944:ApriltagsCameraLog(1):,13,154.107351,158.747000,154.107351,158.747000,153.794667,9.097815,9.127596,4.060357,3.892337,22.084105,60832,2.260642
489947:ApriltagsCameraLog(1):,7,154.107351,159.175000,154.107351,154.107351,153.830543,8.554593,9.132999,3.612998,3.903207,100.736522,60825,8.732021
489964:ApriltagsCameraLog(1):,13,153.830543,156.131000,153.830543,156.131000,153.555953,9.088780,9.169169,4.035336,3.877553,18.604312,60834,2.265612
489966:ApriltagsCameraLog(1):,7,153.830543,155.871000,153.830543,153.830543,153.579003,8.608840,9.168492,3.724165,3.891156,80.837459,60827,8.767275
489984:ApriltagsCameraLog(1):,13,153.579003,158.131000,153.579003,158.131000,153.378515,9.133959,9.212063,4.033449,3.863853,21.469757,60835,2.219228
489987:ApriltagsCameraLog(1):,7,153.579003,154.183000,153.579003,153.579003,153.419556,8.584642,9.212007,3.767967,3.874768,70.940507,60829,8.737473
490004:ApriltagsCameraLog(1):,13,153.419556,157.164000,153.419556,157.164000,153.270707,9.155343,9.245696,4.014259,3.849915,20.014880,60836,2.195270
490025:ApriltagsCameraLog(1):,13,153.270707,156.677000,153.270707,156.677000,153.183875,9.180069,9.279200,4.007057,3.854336,19.243260,60837,2.169238
490027:ApriltagsCameraLog(1):,7,153.270707,155.475000,153.270707,153.270707,153.217929,8.681921,9.276187,3.792852,3.866964,82.560666,60831,8.831109
490065:ApriltagsCameraLog(1):,7,153.217929,157.313000,153.217929,153.217929,153.323581,8.723599,9.345787,3.819870,3.830651,95.770267,60832,8.868241
490084:ApriltagsCameraLog(1):,13,153.323581,155.481000,153.323581,155.481000,153.446958,9.186947,9.372614,3.990394,3.818626,17.372204,60838,2.161173
490104:ApriltagsCameraLog(1):,7,153.446958,150.530000,153.446958,153.446958,153.551957,8.636150,9.398371,3.876470,3.823248,86.768510,60833,8.771763
490124:ApriltagsCameraLog(1):,13,153.551957,169.605000,153.551957,169.605000,153.714499,9.214699,9.412265,3.974395,3.815370,36.648345,60839,2.133352
490144:ApriltagsCameraLog(1):,7,153.714499,154.450000,153.714499,153.714499,153.935214,8.742856,9.431837,3.882261,3.811579,73.000015,60835,8.874838
490164:ApriltagsCameraLog(1):,7,153.935214,156.447000,153.935214,153.935214,154.089636,8.790377,9.431618,3.884652,3.801242,85.532687,60837,8.920212
490184:ApriltagsCameraLog(1):,7,154.089636,154.026000,154.089636,154.089636,154.309877,8.785487,9.429560,3.831098,3.794065,68.816544,60839,8.922674
490204:ApriltagsCameraLog(1):,1,154.309877,144.715000,154.309877,154.309877,154.351520,9.731681,9.419627,3.813217,3.789554,98.118087,60845,6.634167
490212:ApriltagsCameraLog(1):,7,154.351520,153.118000,154.351520,154.351520,154.352138,8.769972,9.426965,3.834720,3.790247,76.660277,60840,8.905305
490224:ApriltagsCameraLog(1):,7,154.352138,153.917000,154.352138,154.352138,154.286977,8.862952,9.413710,3.776091,3.787957,72.055606,60841,9.006367
490243:ApriltagsCameraLog(1):,,,,,,154.311900,,9.400525,,3.784541,,,
490263:ApriltagsCameraLog(1):,,,,,,154.289927,,9.400370,,3.784086,,,
490284:ApriltagsCameraLog(1):,1,154.286977,145.489000,154.286977,154.286977,154.163584,9.823339,9.397123,3.785955,3.789084,92.779660,60848,6.544524
490303:ApriltagsCameraLog(1):,7,154.163584,155.146000,154.163584,154.163584,154.130561,8.836931,9.401628,3.722696,3.795813,75.695006,60843,8.990478
490306:ApriltagsCameraLog(1):,14,154.163584,152.896000,154.163584,152.896000,154.130209,9.154652,9.387152,3.583625,3.794154,31.132984,60843,3.828822
490324:ApriltagsCameraLog(1):,1,154.130209,144.714000,154.130209,154.130209,154.104789,9.802829,9.368679,3.789268,3.788756,96.109156,60850,6.562430
490343:ApriltagsCameraLog(1):,,,,,,154.153900,,9.371745,,3.798501,,,
490363:ApriltagsCameraLog(1):,7,154.104789,151.454000,154.104789,154.104789,154.219818,8.720360,9.362478,3.709977,3.815685,86.056095,60847,8.878036
490384:ApriltagsCameraLog(1):,7,154.219818,153.719000,154.219818,154.219818,154.285706,8.782083,9.337502,3.719271,3.833119,71.923507,60849,8.936656
490404:ApriltagsCameraLog(1):,1,154.285706,145.348000,154.285706,154.285706,154.368300,9.815959,9.311404,3.753012,3.851552,93.257676,60856,6.530555
490424:ApriltagsCameraLog(1):,7,154.368300,154.826000,154.368300,154.368300,154.426048,8.797144,9.306534,3.734351,3.875095,71.724368,60851,8.948153
490444:ApriltagsCameraLog(1):,1,154.426048,146.626000,154.426048,154.426048,154.453770,9.807891,9.273761,3.759847,3.902602,87.811297,60857,6.541507
490445:ApriltagsCameraLog(1):,7,154.453770,148.514000,154.453770,154.453770,154.453995,8.502441,9.284669,3.796777,3.900884,105.479266,60852,8.646705
490467:ApriltagsCameraLog(1):,1,154.453995,145.507000,154.453995,154.453995,154.412988,9.804822,9.237531,3.766423,3.943956,93.567699,60858,6.547991
490491:ApriltagsCameraLog(1):,1,154.412988,145.357000,154.412988,154.412988,154.371915,9.791102,9.234191,3.794792,3.961775,94.531591,60859,6.575911
490495:ApriltagsCameraLog(1):,7,154.412988,161.794000,154.412988,154.412988,154.371857,8.985440,9.244474,3.708078,3.959960,121.847128,60853,9.137948
490505:ApriltagsCameraLog(1):,1,154.371857,145.663000,154.371857,154.371857,154.289509,9.789977,9.201583,3.819991,3.997077,93.049126,60860,6.591917
490507:ApriltagsCameraLog(1):,7,154.371857,154.100000,154.371857,154.371857,154.289382,8.767671,9.213294,3.737824,3.995450,70.206018,60854,8.918492
490526:ApriltagsCameraLog(1):,1,154.289382,146.564000,154.289382,154.289382,154.187651,9.779195,9.159302,3.840752,4.032924,88.454532,60861,6.612844
490528:ApriltagsCameraLog(1):,7,154.187651,155.441000,154.187651,154.187651,154.187409,8.799335,9.171431,3.792945,4.030687,77.124177,60857,8.941803
490545:ApriltagsCameraLog(1):,1,154.187651,144.744000,154.187651,154.187651,154.110178,9.751277,9.130712,3.883485,4.063872,97.773570,60862,6.660700
490549:ApriltagsCameraLog(1):,13,154.187651,156.952000,154.187651,156.952000,154.110196,9.371896,9.151531,3.953061,4.066874,16.370801,60862,1.978176
490564:ApriltagsCameraLog(1):,1,154.110196,112.470000,154.110196,154.110196,153.924764,9.780522,9.130062,3.864614,4.108817,258.233832,60863,6.625795
490566:ApriltagsCameraLog(1):,13,154.110196,157.086000,154.110196,157.086000,153.924631,9.354453,9.134395,3.972396,4.107767,16.834077,60863,1.996680
490584:ApriltagsCameraLog(1):,1,153.924631,109.995000,153.924631,153.924631,153.638957,9.828143,9.103879,3.849708,4.157830,267.640001,60864,6.578454
490585:ApriltagsCameraLog(1):,13,153.924631,156.859000,153.924631,156.859000,153.638737,9.332286,9.108979,3.997565,4.156817,17.022175,60864,2.020053
490604:ApriltagsCameraLog(1):,7,153.638737,176.238000,153.638737,153.638737,153.328821,8.736417,9.083038,3.782034,4.199211,221.924178,60859,8.884555
490623:ApriltagsCameraLog(1):,1,153.328821,145.941000,153.328821,153.328821,153.092101,9.755935,9.042464,3.963911,4.240781,88.036783,60865,6.703911
490625:ApriltagsCameraLog(1):,13,153.328821,156.758000,153.328821,156.758000,153.090375,9.308583,9.055396,4.034284,4.238588,17.935453,60865,2.044448
490644:ApriltagsCameraLog(1):,7,153.090375,152.150000,153.090375,153.090375,152.864382,8.726730,9.027601,3.830997,4.281623,74.353490,60861,8.870308
490664:ApriltagsCameraLog(1):,1,152.864382,124.473000,152.864382,152.864382,152.590936,9.383054,8.975746,4.258378,4.323557,208.932997,60867,7.177731
490666:ApriltagsCameraLog(1):,13,152.864382,156.102000,152.864382,156.102000,152.590321,9.270972,8.978323,4.088774,4.324490,18.121953,60867,2.086217
490684:ApriltagsCameraLog(1):,7,152.590321,155.373000,152.590321,152.590321,152.371453,8.698891,8.952986,3.906983,4.366315,86.503462,60863,8.834050
490704:ApriltagsCameraLog(1):,1,152.371453,143.773000,152.371453,152.371453,152.191673,9.635201,8.905121,4.089314,4.408079,96.691679,60869,6.873637
490706:ApriltagsCameraLog(1):,13,152.371453,156.244000,152.371453,156.244000,152.190367,9.212921,8.917010,4.164562,4.405152,19.728808,60869,2.152684
490709:ApriltagsCameraLog(1):,7,152.190367,151.553000,152.190367,152.190367,152.222893,8.571928,8.930589,4.030330,4.398425,70.785922,60865,8.693074
490725:ApriltagsCameraLog(1):,1,152.222893,144.668000,152.222893,152.222893,152.032123,9.585281,8.877837,4.103119,4.441842,91.930836,60871,6.920955
490727:ApriltagsCameraLog(1):,13,152.222893,156.171000,152.222893,156.171000,152.031497,9.165305,8.890677,4.220769,4.437306,20.462708,60871,2.208825
490728:ApriltagsCameraLog(1):,7,152.031497,152.601000,152.031497,152.031497,152.066925,8.585338,8.905345,4.077614,4.428699,70.400823,60866,8.700938
490744:ApriltagsCameraLog(1):,1,152.066925,141.886000,152.066925,152.066925,151.870670,9.508609,8.852713,4.164006,4.473509,107.256122,60872,7.018410
490746:ApriltagsCameraLog(1):,13,152.066925,155.985000,152.066925,155.985000,151.870153,9.136726,8.862763,4.253186,4.470219,20.792685,60872,2.242417
490748:ApriltagsCameraLog(1):,7,151.870153,160.138000,151.870153,151.870153,151.904842,8.703958,8.876867,4.180661,4.462116,123.223677,60868,8.806732
490765:ApriltagsCameraLog(1):,13,151.870153,155.757000,151.870153,155.757000,151.679162,9.101140,8.830130,4.311326,4.512033,21.258478,60873,2.288544
490783:ApriltagsCameraLog(1):,1,151.679162,145.709000,151.679162,151.679162,151.536918,9.540882,8.805089,4.209421,4.560782,84.900268,60874,7.020226
490785:ApriltagsCameraLog(1):,13,151.679162,155.634000,151.679162,155.634000,151.536092,9.058673,8.819519,4.356079,4.555812,21.928530,60874,2.339241
490804:ApriltagsCameraLog(1):,1,151.536092,121.316000,151.536092,151.536092,151.458807,9.056616,8.788120,4.563128,4.602132,233.082244,60875,7.618962
490806:ApriltagsCameraLog(1):,13,151.536092,154.483000,151.536092,154.483000,151.458542,9.013436,8.789578,4.383454,4.602934,20.860610,60875,2.389053
490823:ApriltagsCameraLog(1):,,,,,,151.469855,,8.756380,,4.648373,,,
490864:ApriltagsCameraLog(1):,1,151.458542,151.673000,151.458542,151.458542,151.508307,9.560560,8.663526,4.178788,4.763381,54.014798,60876,6.985091
490907:ApriltagsCameraLog(1):,13,151.508307,155.927000,151.508307,155.927000,151.763015,8.821258,8.593071,4.647857,4.868685,26.217848,60881,2.647904
490923:ApriltagsCameraLog(1):,13,151.763015,154.164000,151.763015,154.164000,151.848337,8.831715,8.556715,4.687950,4.916296,22.591692,60882,2.652207
490944:ApriltagsCameraLog(1):,13,151.848337,155.522000,151.848337,155.522000,151.908521,8.754706,8.523969,4.725138,4.963672,25.844227,60883,2.737592
490964:ApriltagsCameraLog(1):,13,151.908521,155.414000,151.908521,155.414000,151.961544,8.705227,8.484809,4.809073,5.012581,26.345187,60884,2.813380
490983:ApriltagsCameraLog(1):,,,,,,152.015367,,8.445796,,5.062874,,,
491004:ApriltagsCameraLog(1):,13,151.961544,155.215000,151.961544,155.215000,152.015367,8.665417,8.397731,4.830479,5.120404,26.331316,60885,2.858439
491024:ApriltagsCameraLog(1):,13,152.015367,156.324000,152.015367,156.324000,152.023317,8.634460,8.356568,4.890188,5.170927,29.010324,60886,2.909338
491065:ApriltagsCameraLog(1):,,,,,,152.008790,,8.264457,,5.281951,,,
491085:ApriltagsCameraLog(1):,13,152.023317,154.268000,152.023317,154.268000,151.984071,8.567616,8.213038,4.948287,5.342173,25.647335,60887,2.993211
491104:ApriltagsCameraLog(1):,13,151.984071,155.384000,151.984071,155.384000,151.959885,8.479176,8.168308,5.069396,5.395806,29.448220,60890,3.122050
491124:ApriltagsCameraLog(1):,13,151.959885,155.744000,151.959885,155.744000,151.957713,8.436501,8.127588,5.162566,5.445375,31.146041,60891,3.199451
491144:ApriltagsCameraLog(1):,13,151.957713,154.193000,151.957713,154.193000,151.907218,8.387367,8.083558,5.194620,5.497356,28.215032,60892,3.257547
491166:ApriltagsCameraLog(1):,13,151.907218,155.624000,151.907218,155.624000,151.845576,8.350993,8.036410,5.245837,5.548251,32.231724,60893,3.312253
491184:ApriltagsCameraLog(1):,13,151.845576,156.712000,151.845576,156.712000,151.801959,8.266869,7.990885,5.326291,5.597307,36.249845,60894,3.422963
491204:ApriltagsCameraLog(1):,13,151.801959,155.583000,151.801959,155.583000,151.569754,8.261569,7.942133,5.349172,5.649944,33.766504,60895,3.437768
491244:ApriltagsCameraLog(1):,13,151.569754,156.950000,151.569754,156.950000,151.434727,8.145078,7.830990,5.467398,5.757916,39.613285,60897,3.594494
491270:ApriltagsCameraLog(1):,,,,,,151.252388,,7.776019,,5.804939,,,
491284:ApriltagsCameraLog(1):,,,,,,151.167244,,7.711253,,5.861543,,,
491304:ApriltagsCameraLog(1):,,,,,,151.112312,,7.648581,,5.916427,,,
491324:ApriltagsCameraLog(1):,13,151.434727,154.220000,151.434727,154.220000,151.040901,7.997989,7.584408,5.596962,5.972819,34.874539,60900,3.784640
491344:ApriltagsCameraLog(1):,13,151.040901,154.762000,151.040901,154.762000,151.008330,7.891998,7.528818,5.692152,6.015764,38.932478,60902,3.921771
491367:ApriltagsCameraLog(1):,13,151.008330,156.084000,151.008330,156.084000,150.982839,7.823249,7.470394,5.767486,6.056143,43.940503,60903,4.018329
491383:ApriltagsCameraLog(1):,,,,,,150.934005,,7.408996,,6.099698,,,
491404:ApriltagsCameraLog(1):,13,150.982839,154.706000,150.982839,154.706000,150.728011,7.734639,7.340553,5.833083,6.150432,41.198354,60905,4.127630
491423:ApriltagsCameraLog(1):,,,,,,150.369491,,7.283379,,6.187718,,,
491443:ApriltagsCameraLog(1):,,,,,,150.116805,,7.215010,,6.234276,,,
491464:ApriltagsCameraLog(1):,,,,,,148.982467,,7.146981,,6.280329,,,
491484:ApriltagsCameraLog(1):,13,150.369491,-151.395000,150.369491,-151.395000,148.463363,7.497267,7.082158,5.995489,6.325721,220.373616,60909,4.412004
491504:ApriltagsCameraLog(1):,,,,,,146.505772,,7.017948,,6.370256,,,
491523:ApriltagsCameraLog(1):,,,,,,144.791904,,6.956214,,6.418289,,,
491544:ApriltagsCameraLog(1):,,,,,,142.731968,,6.896921,,6.467442,,,
491564:ApriltagsCameraLog(1):,,,,,,140.317722,,6.836097,,6.511295,,,
491583:ApriltagsCameraLog(1):,,,,,,138.958164,,6.777981,,6.555790,,,
491603:ApriltagsCameraLog(1):,,,,,,136.041294,,6.722615,,6.601847,,,
491624:ApriltagsCameraLog(1):,,,,,,131.122166,,6.664574,,6.643302,,,
491643:ApriltagsCameraLog(1):,,,,,,129.386326,,6.609866,,6.686348,,,
491663:ApriltagsCameraLog(1):,,,,,,125.964085,,6.556476,,6.729217,,,
491683:ApriltagsCameraLog(1):,,,,,,122.687412,,6.505117,,6.774992,,,
491703:ApriltagsCameraLog(1):,,,,,,118.655430,,6.456524,,6.822933,,,
491724:ApriltagsCameraLog(1):,,,,,,114.140049,,6.413552,,6.872121,,,
491743:ApriltagsCameraLog(1):,,,,,,106.801182,,6.371219,,6.924311,,,
491764:ApriltagsCameraLog(1):,,,,,,101.851841,,6.327741,,6.968790,,,
491783:ApriltagsCameraLog(1):,,,,,,99.410129,,6.287088,,7.015142,,,
491804:ApriltagsCameraLog(1):,,,,,,92.323948,,6.249336,,7.064830,,,
491823:ApriltagsCameraLog(1):,,,,,,87.847019,,6.207945,,7.110659,,,
491843:ApriltagsCameraLog(1):,,,,,,83.581577,,6.169813,,7.159602,,,
491864:ApriltagsCameraLog(1):,,,,,,79.494663,,6.123856,,7.209752,,,
491883:ApriltagsCameraLog(1):,,,,,,75.506626,,6.081306,,7.263136,,,
491904:ApriltagsCameraLog(1):,,,,,,73.595005,,6.042632,,7.318262,,,
491924:ApriltagsCameraLog(1):,,,,,,68.068882,,6.007169,,7.376732,,,
491944:ApriltagsCameraLog(1):,,,,,,66.308323,,5.967784,,7.424920,,,
491964:ApriltagsCameraLog(1):,,,,,,61.144749,,5.932466,,7.462425,,,
491983:ApriltagsCameraLog(1):,,,,,,59.444614,,5.896787,,7.501949,,,
492003:ApriltagsCameraLog(1):,,,,,,56.129490,,5.854057,,7.545616,,,
492023:ApriltagsCameraLog(1):,,,,,,53.163181,,5.803725,,7.581340,,,
492043:ApriltagsCameraLog(1):,,,,,,50.586887,,5.754563,,7.620286,,,
492063:ApriltagsCameraLog(1):,,,,,,48.348423,,5.694409,,7.652471,,,
492084:ApriltagsCameraLog(1):,,,,,,46.274754,,5.636961,,7.685803,,,
492104:ApriltagsCameraLog(1):,,,,,,44.332920,,5.579981,,7.721672,,,
492123:ApriltagsCameraLog(1):,,,,,,42.407566,,5.524178,,7.759341,,,
492144:ApriltagsCameraLog(1):,,,,,,40.548130,,5.468557,,7.787935,,,
492164:ApriltagsCameraLog(1):,,,,,,38.738132,,5.407498,,7.808860,,,
492184:ApriltagsCameraLog(1):,,,,,,37.024265,,5.347889,,7.831321,,,
492204:ApriltagsCameraLog(1):,,,,,,35.519138,,5.287386,,7.855655,,,
492224:ApriltagsCameraLog(1):,,,,,,34.189793,,5.222973,,7.873528,,,
492244:ApriltagsCameraLog(1):,7,37.024265,1.372000,37.024265,37.024265,32.887913,5.005382,5.157489,6.993510,7.893079,188.973880,60947,5.549274
492263:ApriltagsCameraLog(1):,,,,,,31.589655,,5.086367,,7.896369,,,
492283:ApriltagsCameraLog(1):,,,,,,30.323480,,5.017354,,7.910337,,,
492303:ApriltagsCameraLog(1):,,,,,,29.095758,,4.948096,,7.925957,,,
492324:ApriltagsCameraLog(1):,,,,,,27.947687,,4.879382,,7.942597,,,
492344:ApriltagsCameraLog(1):,,,,,,26.343683,,4.809184,,7.953667,,,
492363:ApriltagsCameraLog(1):,,,,,,25.849298,,4.736713,,7.958001,,,
492383:ApriltagsCameraLog(1):,,,,,,24.904474,,4.663682,,7.962958,,,
492404:ApriltagsCameraLog(1):,7,27.947687,25.846000,27.947687,27.947687,24.050287,4.708964,4.590440,7.168544,7.968996,47.591460,60954,5.290788
492423:ApriltagsCameraLog(1):,,,,,,23.241265,,4.512544,,7.935998,,,
492444:ApriltagsCameraLog(1):,7,24.050287,22.861000,24.050287,24.050287,22.466728,4.620628,4.437521,7.025474,7.934984,42.782581,60956,5.154413
492463:ApriltagsCameraLog(1):,,,,,,21.767618,,4.360549,,7.889344,,,
492484:ApriltagsCameraLog(1):,7,22.466728,20.843000,22.466728,22.466728,21.108438,4.492430,4.284746,7.041394,7.884186,43.290679,60958,5.030421
492504:ApriltagsCameraLog(1):,7,21.108438,20.543000,21.108438,20.543000,20.484168,4.381092,4.208643,7.035341,7.842842,38.393390,60960,4.917333
492524:ApriltagsCameraLog(1):,7,20.484168,18.886000,20.484168,18.886000,19.908397,4.282647,4.132563,7.039273,7.800734,41.260741,60961,4.821903
492544:ApriltagsCameraLog(1):,7,19.908397,18.832000,19.908397,18.832000,19.376876,4.256894,4.055380,7.040535,7.759184,39.171500,60962,4.795605
492564:ApriltagsCameraLog(1):,7,19.376876,20.046000,19.376876,20.046000,18.875526,4.186346,3.983079,7.041016,7.713669,37.139969,60963,4.726338
492584:ApriltagsCameraLog(1):,,,,,,18.246196,,3.909959,,7.669037,,,
492604:ApriltagsCameraLog(1):,7,18.875526,17.548000,18.875526,17.548000,18.064921,4.010919,3.837389,7.052347,7.659574,37.927941,60965,4.560374
492623:ApriltagsCameraLog(1):,,,,,,17.688628,,3.766489,,7.616548,,,
492644:ApriltagsCameraLog(1):,,,,,,17.334319,,3.695753,,7.603617,,,
492664:ApriltagsCameraLog(1):,,,,,,17.122832,,3.628995,,7.589348,,,
492685:ApriltagsCameraLog(1):,,,,,,16.990996,,3.564288,,7.575638,,,
492704:ApriltagsCameraLog(1):,7,17.122832,14.983000,17.122832,14.983000,16.936065,3.680778,3.503702,7.003862,7.562886,37.389220,60970,4.224849
492725:ApriltagsCameraLog(1):,,,,,,16.856079,,3.446485,,7.521363,,,
492744:ApriltagsCameraLog(1):,7,16.936065,13.908000,16.936065,13.908000,16.853332,3.629508,3.388744,7.001232,7.507358,39.601635,60971,4.174647
492746:ApriltagsCameraLog(1):,8,16.936065,-33.267000,16.936065,-33.267000,16.837566,3.580510,3.390821,6.989364,7.481528,190.816082,60971,4.336926
492764:ApriltagsCameraLog(1):,7,16.837566,15.129000,16.837566,15.129000,16.883781,3.467134,3.341398,6.960953,7.460639,34.025195,60973,4.007511
492769:ApriltagsCameraLog(1):,8,16.837566,16.212000,16.837566,16.212000,16.873878,3.436104,3.340986,6.954319,7.431700,32.439737,60973,4.191236
492784:ApriltagsCameraLog(1):,7,16.873878,15.570000,16.873878,15.570000,16.993787,3.428303,3.291835,6.956976,7.388425,32.506263,60974,3.969592
492824:ApriltagsCameraLog(1):,7,16.993787,15.565000,16.993787,15.565000,17.409406,3.385133,3.218011,6.930690,7.336177,32.418801,60975,3.920739
492844:ApriltagsCameraLog(1):,,,,,,17.772509,,3.187517,,7.298308,,,
492865:ApriltagsCameraLog(1):,7,17.409406,13.564000,17.409406,13.564000,17.956530,3.252310,3.159290,6.922335,7.285305,37.869290,60977,3.793940
492868:ApriltagsCameraLog(1):,8,17.409406,15.352000,17.409406,15.352000,17.938059,3.219035,3.158982,6.921730,7.265345,34.820910,60977,3.984909
492886:ApriltagsCameraLog(1):,7,17.938059,14.948000,17.938059,14.948000,18.516065,3.119165,3.136034,6.878977,7.235221,34.095909,60979,3.655962
492905:ApriltagsCameraLog(1):,,,,,,18.937391,,3.116723,,7.206950,,,
492924:ApriltagsCameraLog(1):,7,18.516065,16.590000,18.516065,16.590000,19.154371,3.030163,3.102847,6.848002,7.200271,30.424931,60981,3.563911
492926:ApriltagsCameraLog(1):,8,18.516065,17.099000,18.516065,17.099000,19.143987,2.995636,3.096374,6.841844,7.177948,30.867431,60981,3.754528
492945:ApriltagsCameraLog(1):,7,19.143987,17.278000,19.143987,17.278000,19.864939,2.987532,3.074090,6.823364,7.148895,29.834871,60982,3.517898
492946:ApriltagsCameraLog(1):,8,19.143987,18.301000,19.143987,18.301000,19.855841,2.958879,3.066762,6.820959,7.127803,28.972323,60982,3.714984
492964:ApriltagsCameraLog(1):,7,19.855841,19.901000,19.855841,19.901000,20.108982,3.002244,3.044640,6.850371,7.099389,25.461316,60983,3.543356
492984:ApriltagsCameraLog(1):,7,20.108982,16.567000,20.108982,16.567000,20.810710,2.911936,3.027925,6.813910,7.073604,33.280651,60984,3.446989
492986:ApriltagsCameraLog(1):,8,20.108982,18.220000,20.108982,18.220000,20.793314,2.873171,3.020036,6.805299,7.058218,31.015611,60984,3.635962
493004:ApriltagsCameraLog(1):,,,,,,20.947407,,3.000722,,7.036662,,,
493044:ApriltagsCameraLog(1):,7,20.793314,18.705000,20.793314,18.705000,21.263264,2.890562,2.988356,6.800571,7.029974,29.494353,60985,3.424883
493047:ApriltagsCameraLog(1):,8,20.793314,19.665000,20.793314,19.665000,21.254928,2.843680,2.980027,6.788181,7.014316,28.753636,60985,3.604783
493086:ApriltagsCameraLog(1):,7,21.254928,18.112000,21.254928,18.112000,21.434343,2.853683,2.961374,6.745608,6.995036,31.529214,60987,3.373686
493088:ApriltagsCameraLog(1):,8,21.254928,19.729000,21.254928,19.729000,21.416892,2.821287,2.954161,6.740189,6.979715,29.409981,60987,3.564546
493104:ApriltagsCameraLog(1):,,,,,,21.370780,,2.942229,,6.962406,,,
493125:ApriltagsCameraLog(1):,7,21.416892,18.921000,21.416892,18.921000,21.126334,2.798682,2.939689,6.725352,6.960343,29.396961,60990,3.315662
493126:ApriltagsCameraLog(1):,8,21.416892,20.295000,21.416892,20.295000,21.110377,2.767996,2.930771,6.718402,6.945194,27.874963,60990,3.507894
493143:ApriltagsCameraLog(1):,,,,,,20.713443,,2.915964,,6.927128,,,
493164:ApriltagsCameraLog(1):,7,21.110377,18.776000,21.110377,18.776000,20.287723,2.794383,2.912866,6.695192,6.925502,28.871555,60992,3.300923
493166:ApriltagsCameraLog(1):,8,21.110377,20.088000,21.110377,20.088000,20.269923,2.769053,2.905114,6.689313,6.910419,27.504645,60992,3.494182
493183:ApriltagsCameraLog(1):,,,,,,19.879071,,2.892083,,6.893449,,,
493204:ApriltagsCameraLog(1):,7,20.269923,19.017000,20.269923,19.017000,19.640118,2.795840,2.888300,6.672326,6.891409,26.262194,60994,3.292263
493206:ApriltagsCameraLog(1):,8,20.269923,20.389000,20.269923,20.389000,19.626173,2.759654,2.881407,6.659718,6.875844,25.045951,60994,3.468903
493227:ApriltagsCameraLog(1):,7,19.626173,18.189000,19.626173,18.189000,19.545631,2.782682,2.867522,6.674428,6.857298,26.562563,60996,3.278095
493228:ApriltagsCameraLog(1):,8,19.626173,19.435000,19.626173,19.435000,19.532419,2.756639,2.861362,6.666291,6.844486,25.204618,60996,3.466477
493244:ApriltagsCameraLog(1):,7,19.532419,17.569000,19.532419,17.569000,19.575106,2.782669,2.848163,6.682629,6.828565,27.805621,60997,3.280275
493247:ApriltagsCameraLog(1):,8,19.532419,18.807000,19.532419,18.807000,19.559626,2.759931,2.843338,6.675383,6.818571,26.582981,60997,3.473128
493265:ApriltagsCameraLog(1):,7,19.559626,17.533000,19.559626,17.533000,19.745059,2.773249,2.829958,6.686204,6.806764,27.877985,60998,3.272528
493267:ApriltagsCameraLog(1):,8,19.559626,18.700000,19.559626,18.700000,19.730706,2.744609,2.825430,6.679640,6.798572,26.814823,60998,3.461527
493284:ApriltagsCameraLog(1):,,,,,,19.911301,,2.812353,,6.788430,,,
493304:ApriltagsCameraLog(1):,7,19.730706,17.393000,19.730706,17.393000,19.990952,2.769838,2.805341,6.694594,6.786883,28.599076,60999,3.272528
493306:ApriltagsCameraLog(1):,8,19.730706,18.802000,19.730706,18.802000,19.976276,2.739530,2.801709,6.687941,6.780569,26.985397,60999,3.461527
493344:ApriltagsCameraLog(1):,7,19.976276,17.489000,19.976276,17.489000,19.825633,2.767716,2.783357,6.691427,6.771192,28.924555,61001,3.270403
493346:ApriltagsCameraLog(1):,8,19.976276,19.018000,19.976276,19.018000,19.809840,2.738270,2.781017,6.683120,6.765826,27.038332,61001,3.459237
493384:ApriltagsCameraLog(1):,7,19.809840,17.638000,19.809840,17.638000,19.340124,2.763189,2.766417,6.675049,6.757402,28.096518,61003,3.260402
493386:ApriltagsCameraLog(1):,8,19.809840,19.112000,19.809840,19.112000,19.323837,2.736889,2.765085,6.670076,6.751806,26.328302,61003,3.451357
493404:ApriltagsCameraLog(1):,7,19.323837,17.484000,19.323837,17.484000,19.106213,2.755622,2.757666,6.661426,6.744726,27.205737,61005,3.247267
493424:ApriltagsCameraLog(1):,7,19.106213,17.424000,19.106213,17.424000,18.884947,2.749306,2.753556,6.657913,6.739273,26.769975,61006,3.239395
493429:ApriltagsCameraLog(1):,8,19.106213,18.734000,19.106213,18.734000,18.871410,2.727487,2.752913,6.652389,6.733751,25.366204,61006,3.431990
493443:ApriltagsCameraLog(1):,,,,,,18.694448,,2.748055,,6.727976,,,
493464:ApriltagsCameraLog(1):,7,18.871410,17.119000,18.871410,17.119000,18.551626,2.747320,2.746596,6.657677,6.727985,26.904380,61007,3.236581
493466:ApriltagsCameraLog(1):,8,18.871410,18.425000,18.871410,18.425000,18.537048,2.720584,2.746193,6.649773,6.723284,25.477970,61007,3.423652
493504:ApriltagsCameraLog(1):,7,18.537048,17.050000,18.537048,17.050000,18.356164,2.734440,2.742370,6.659039,6.718077,26.176817,61009,3.223514
493505:ApriltagsCameraLog(1):,8,18.537048,18.145000,18.537048,18.145000,18.343123,2.712558,2.741586,6.654498,6.714018,25.291725,61009,3.417197
493523:ApriltagsCameraLog(1):,,,,,,18.310857,,2.739486,,6.709541,,,
493543:ApriltagsCameraLog(1):,7,18.343123,16.383000,18.343123,16.383000,18.286137,2.726157,2.739645,6.661717,6.709860,27.180467,61011,3.215739
493564:ApriltagsCameraLog(1):,,,,,,18.243586,,2.739042,,6.706519,,,
493604:ApriltagsCameraLog(1):,7,18.286137,16.639000,18.286137,16.639000,18.191401,2.722460,2.739582,6.665405,6.706247,26.445035,61013,3.213147
493605:ApriltagsCameraLog(1):,8,18.286137,17.659000,18.286137,17.659000,18.178873,2.698209,2.738532,6.659360,6.703443,25.764776,61013,3.405541
493646:ApriltagsCameraLog(1):,7,18.178873,16.312000,18.178873,16.312000,18.097065,2.726168,2.736564,6.663441,6.700711,26.967937,61015,3.215674
493648:ApriltagsCameraLog(1):,8,18.178873,17.734000,18.178873,17.734000,18.082893,2.700551,2.736005,6.656648,6.698216,25.326141,61015,3.405930
493664:ApriltagsCameraLog(1):,7,18.082893,16.386000,18.082893,16.386000,18.073568,2.724042,2.733612,6.662849,6.695273,26.557695,61017,3.213114
493666:ApriltagsCameraLog(1):,8,18.082893,17.701000,18.082893,17.701000,18.060311,2.697734,2.733051,6.652895,6.693093,25.134994,61017,3.401302
493683:ApriltagsCameraLog(1):,,,,,,18.062288,,2.730607,,6.690250,,,
493704:ApriltagsCameraLog(1):,7,18.060311,16.164000,18.060311,16.164000,18.076021,2.728524,2.730337,6.665750,6.690385,27.058753,61019,3.218187
493706:ApriltagsCameraLog(1):,8,18.060311,17.613000,18.060311,17.613000,18.061961,2.701647,2.730237,6.658222,6.688762,25.341907,61019,3.407109
493725:ApriltagsCameraLog(1):,7,18.061961,16.279000,18.061961,16.279000,18.077639,2.726864,2.727951,6.662628,6.686752,26.777056,61021,3.215654
493727:ApriltagsCameraLog(1):,8,18.061961,17.558000,18.061961,17.558000,18.064571,2.702386,2.727867,6.655886,6.685149,25.476004,61021,3.406714
493744:ApriltagsCameraLog(1):,7,18.064571,16.024000,18.064571,16.024000,18.060905,2.725238,2.726047,6.667583,6.683105,27.362363,61022,3.215642
493745:ApriltagsCameraLog(1):,8,18.064571,17.607000,18.064571,17.607000,18.046319,2.696693,2.725984,6.656850,6.682095,25.324814,61022,3.402091
493764:ApriltagsCameraLog(1):,7,18.046319,16.261000,18.046319,16.261000,18.032100,2.729583,2.723892,6.662659,6.680320,26.806362,61023,3.218194
493766:ApriltagsCameraLog(1):,8,18.046319,17.673000,18.046319,17.673000,18.018981,2.700428,2.724282,6.654351,6.679146,25.138325,61023,3.404205
