85545:ApriltagsCameraLog(1):,tag,last yaw,cam yaw,calc yaw,update yaw, est yaw,x,est x,y,est y,adjust,frame,dist
85558:ApriltagsCameraLog(1):,7,16.078337,14.677000,16.078337,14.677000,15.751751,2.341043,2.564453,6.217074,6.147845,21.410192,7234,2.722334
85560:ApriltagsCameraLog(1):,8,16.078337,15.982000,16.078337,15.982000,15.739473,2.353323,2.548038,6.223794,6.153331,20.397260,7234,2.900329
85578:ApriltagsCameraLog(1):,7,15.739473,16.246000,15.739473,16.246000,15.429019,2.324579,2.552763,6.162941,6.159307,19.499838,7235,2.694967
85579:ApriltagsCameraLog(1):,8,15.739473,17.266000,15.739473,17.266000,15.431374,2.333596,2.536086,6.165067,6.159667,22.903074,7235,2.858735
85598:ApriltagsCameraLog(1):,7,15.431374,15.100000,15.431374,15.100000,15.475151,2.296266,2.554099,6.207383,6.159842,19.004333,7236,2.674347
85600:ApriltagsCameraLog(1):,8,15.431374,16.283000,15.431374,16.283000,15.465932,2.299215,2.536123,6.204300,6.163979,21.400916,7236,2.840174
85618:ApriltagsCameraLog(1):,7,15.465932,16.373000,15.465932,16.373000,15.773646,2.280657,2.540394,6.225666,6.167120,19.962388,7238,2.662781
85620:ApriltagsCameraLog(1):,8,15.465932,17.040000,15.465932,17.040000,15.782893,2.268995,2.521702,6.226542,6.172357,22.648314,7238,2.821019
85638:ApriltagsCameraLog(1):,7,15.782893,15.662000,15.782893,15.662000,16.054989,2.251686,2.517917,6.215527,6.176815,18.285971,7239,2.633443
85640:ApriltagsCameraLog(1):,8,15.782893,16.463000,15.782893,16.463000,16.056170,2.248743,2.495477,6.211761,6.180466,20.701824,7239,2.797942
85659:ApriltagsCameraLog(1):,7,16.056170,13.244000,16.056170,13.244000,16.262620,2.273254,2.525933,6.223000,6.183112,23.389897,7240,2.657000
85660:ApriltagsCameraLog(1):,8,16.056170,15.009000,16.056170,15.009000,16.240565,2.275289,2.511224,6.229346,6.185774,21.700153,7240,2.830397
85679:ApriltagsCameraLog(1):,7,16.240565,15.535000,16.240565,15.535000,16.422642,2.250234,2.514425,6.211138,6.189317,19.335845,7241,2.632686
85680:ApriltagsCameraLog(1):,8,16.240565,16.876000,16.240565,16.876000,16.417134,2.247684,2.495876,6.208751,6.191184,20.613291,7241,2.797714
85698:ApriltagsCameraLog(1):,7,16.417134,16.253000,16.417134,16.253000,16.606177,2.247897,2.523217,6.210160,6.192876,18.342532,7242,2.630791
85701:ApriltagsCameraLog(1):,8,16.417134,17.149000,16.417134,17.149000,16.606152,2.246049,2.502963,6.208480,6.194514,20.792676,7242,2.796838
85718:ApriltagsCameraLog(1):,7,16.606152,16.638000,16.606152,16.638000,16.776715,2.250311,2.510517,6.211121,6.196069,18.129394,7243,2.633980
85721:ApriltagsCameraLog(1):,8,16.606152,17.559000,16.606152,17.559000,16.778453,2.244170,2.491266,6.208707,6.197551,21.213332,7243,2.795984
85738:ApriltagsCameraLog(1):,7,16.778453,16.533000,16.778453,16.533000,16.956068,2.258767,2.522980,6.218501,6.198121,18.600201,7244,2.644324
85740:ApriltagsCameraLog(1):,8,16.778453,17.821000,16.778453,17.821000,16.954642,2.249235,2.504583,6.212900,6.199953,21.449042,7244,2.803000
85758:ApriltagsCameraLog(1):,,,,,,17.099899,,2.549490,,6.200909,,,
85778:ApriltagsCameraLog(1):,7,16.954642,16.331000,16.954642,16.331000,17.308639,2.268634,2.586346,6.221235,6.200749,19.378595,7245,2.655126
85781:ApriltagsCameraLog(1):,8,16.954642,17.380000,16.954642,17.380000,17.303443,2.264671,2.569820,6.217824,6.202591,20.390847,7245,2.819862
85798:ApriltagsCameraLog(1):,7,17.303443,16.656000,17.303443,16.656000,17.597133,2.281150,2.602077,6.224492,6.199280,19.541852,7246,2.669195
85800:ApriltagsCameraLog(1):,8,17.303443,17.879000,17.303443,17.879000,17.593590,2.271342,2.584789,6.220292,6.201018,20.756905,7246,2.828406
85818:ApriltagsCameraLog(1):,7,17.593590,16.991000,17.593590,16.991000,17.923307,2.293639,2.608465,6.227961,6.200865,19.577312,7247,2.683081
85820:ApriltagsCameraLog(1):,8,17.593590,18.381000,17.593590,18.381000,17.921734,2.283411,2.590841,6.224471,6.202686,21.292959,7247,2.842339
85838:ApriltagsCameraLog(1):,7,17.921734,16.794000,17.921734,16.794000,18.224373,2.311385,2.636365,6.240307,6.197440,20.733809,7248,2.704069
85840:ApriltagsCameraLog(1):,8,17.921734,18.379000,17.921734,18.379000,18.218763,2.296305,2.620701,6.233551,6.200633,20.781525,7248,2.859101
85864:ApriltagsCameraLog(1):,7,18.218763,17.519000,18.218763,17.519000,18.494746,2.331799,2.639929,6.236322,6.200815,20.108507,7249,2.724177
85866:ApriltagsCameraLog(1):,8,18.218763,18.652000,18.218763,18.652000,18.492843,2.318650,2.623966,6.231069,6.203037,20.907394,7249,2.879903
85878:ApriltagsCameraLog(1):,7,18.492843,17.830000,18.492843,17.830000,18.773677,2.348571,2.657839,6.235623,6.195235,20.185419,7250,2.741327
85880:ApriltagsCameraLog(1):,8,18.492843,18.766000,18.492843,18.766000,18.771843,2.342380,2.642360,6.233523,6.197290,20.783222,7250,2.903826
85898:ApriltagsCameraLog(1):,7,18.771843,18.115000,18.771843,18.115000,18.952034,2.379051,2.686806,6.226551,6.187594,20.420396,7251,2.770221
85899:ApriltagsCameraLog(1):,8,18.771843,19.349000,18.771843,19.349000,18.950040,2.370936,2.671810,6.222010,6.188996,21.593288,7251,2.926878
85918:ApriltagsCameraLog(1):,7,18.950040,18.468000,18.950040,18.468000,19.072106,2.405901,2.715967,6.227900,6.178706,20.313017,7252,2.797360
85919:ApriltagsCameraLog(1):,8,18.950040,19.422000,18.950040,19.422000,19.070857,2.403249,2.702586,6.225805,6.181507,21.646935,7252,2.958916
85938:ApriltagsCameraLog(1):,7,19.070857,18.625000,19.070857,18.625000,19.210265,2.444977,2.756202,6.201371,6.165294,20.523526,7253,2.830941
85940:ApriltagsCameraLog(1):,8,19.070857,20.092000,19.070857,20.092000,19.208228,2.436336,2.743987,6.197610,6.165151,22.964414,7253,2.979586
85958:ApriltagsCameraLog(1):,7,19.208228,19.615000,19.208228,19.615000,19.493748,2.529784,2.774020,6.175554,6.151299,21.105769,7255,2.910100
85960:ApriltagsCameraLog(1):,8,19.208228,20.967000,19.208228,20.967000,19.498466,2.518962,2.761737,6.174168,6.151830,25.152747,7255,3.048828
85978:ApriltagsCameraLog(1):,7,19.498466,19.585000,19.498466,19.585000,19.688841,2.554204,2.827027,6.171393,6.131585,20.651554,7256,2.934298
85980:ApriltagsCameraLog(1):,8,19.498466,20.777000,19.498466,20.777000,19.691610,2.548557,2.813101,6.170094,6.132389,24.372835,7256,3.076241
85999:ApriltagsCameraLog(1):,7,19.691610,19.594000,19.691610,19.594000,19.816250,2.589696,2.858284,6.150423,6.108740,20.933126,7257,2.966347
86001:ApriltagsCameraLog(1):,8,19.691610,21.087000,19.691610,21.087000,19.816377,2.580612,2.845007,6.145855,6.109023,24.830995,7257,3.098798
86019:ApriltagsCameraLog(1):,,,,,,19.866864,,2.900871,,6.079838,,,
86039:ApriltagsCameraLog(1):,7,19.816377,20.119000,19.816377,20.119000,19.894330,2.627386,2.947185,6.137802,6.060634,21.651082,7258,3.001889
86042:ApriltagsCameraLog(1):,8,19.816377,21.025000,19.816377,21.025000,19.897726,2.626640,2.934224,6.136657,6.063019,24.789765,7258,3.139586
86059:ApriltagsCameraLog(1):,7,19.897726,19.788000,19.897726,19.788000,19.820029,2.669037,2.987346,6.113745,6.036319,21.550894,7259,3.039624
86060:ApriltagsCameraLog(1):,8,19.897726,21.317000,19.897726,21.317000,19.819426,2.662714,2.974235,6.110870,6.037155,25.493642,7259,3.165637
86078:ApriltagsCameraLog(1):,7,19.819426,23.157000,19.819426,23.157000,19.685253,2.740075,3.008578,6.094871,6.016037,29.150866,7260,3.107025
86080:ApriltagsCameraLog(1):,8,19.819426,22.966000,19.819426,22.966000,19.707487,2.720850,3.001304,6.092477,6.017081,29.866760,7260,3.214785
86098:ApriltagsCameraLog(1):,7,19.707487,20.306000,19.707487,20.306000,19.626149,2.760304,3.053638,6.058535,5.989073,23.291155,7261,3.121984
86100:ApriltagsCameraLog(1):,8,19.707487,21.237000,19.707487,21.237000,19.629227,2.772586,3.043294,6.061673,5.988868,26.558651,7261,3.254420
86118:ApriltagsCameraLog(1):,7,19.629227,20.194000,19.629227,20.194000,19.512522,2.803711,3.099553,6.048372,5.958177,23.568738,7262,3.163600
86126:ApriltagsCameraLog(1):,8,19.629227,21.437000,19.629227,21.437000,19.515371,2.795237,3.089496,6.043814,5.959596,27.352546,7262,3.270608
86138:ApriltagsCameraLog(1):,7,19.515371,20.594000,19.515371,20.594000,19.351049,2.853338,3.145211,6.019540,5.925376,25.119923,7263,3.209277
86140:ApriltagsCameraLog(1):,8,19.515371,21.858000,19.515371,21.858000,19.357959,2.849919,3.136388,6.019089,5.926158,29.036732,7263,3.315696
86158:ApriltagsCameraLog(1):,7,19.357959,19.523000,19.357959,19.523000,19.276412,2.950089,3.191863,5.969753,5.892685,23.787260,7265,3.300131
86160:ApriltagsCameraLog(1):,8,19.357959,21.211000,19.357959,21.211000,19.276567,2.944271,3.182380,5.965229,5.894418,28.607071,7265,3.391849
86178:ApriltagsCameraLog(1):,7,19.276567,19.375000,19.276567,19.375000,19.227990,2.990240,3.239546,5.952433,5.859589,23.940485,7266,3.338391
86180:ApriltagsCameraLog(1):,8,19.276567,20.360000,19.276567,20.360000,19.228110,2.984379,3.229377,5.950314,5.861934,27.058375,7266,3.426669
86198:ApriltagsCameraLog(1):,7,19.228110,19.825000,19.228110,19.825000,19.125579,3.056950,3.285760,5.913839,5.821119,25.659305,7267,3.401750
86218:ApriltagsCameraLog(1):,,,,,,19.085937,,3.370458,,5.760020,,,
86238:ApriltagsCameraLog(1):,7,19.125579,19.909000,19.125579,19.909000,19.127135,3.091584,3.404251,5.887824,5.739372,26.391692,7268,3.434290
86240:ApriltagsCameraLog(1):,8,19.125579,20.940000,19.125579,20.940000,19.132417,3.070408,3.395411,5.879893,5.742821,29.472698,7268,3.493297
86258:ApriltagsCameraLog(1):,7,19.132417,20.052000,19.132417,20.052000,19.193502,3.178715,3.451713,5.853915,5.701266,27.467811,7269,3.519329
86259:ApriltagsCameraLog(1):,8,19.132417,21.988000,19.132417,21.988000,19.200141,3.159775,3.444656,5.854845,5.704267,32.912056,7269,3.575171
86278:ApriltagsCameraLog(1):,7,19.200141,24.806000,19.200141,24.806000,19.253047,3.268690,3.507537,5.830005,5.659061,40.365516,7270,3.608202
86280:ApriltagsCameraLog(1):,8,19.200141,20.521000,19.200141,20.521000,19.280966,3.158442,3.503895,5.820866,5.662444,28.909873,7270,3.567102
86298:ApriltagsCameraLog(1):,7,19.280966,20.055000,19.280966,20.055000,19.380878,3.256894,3.576184,5.790319,5.608149,27.754336,7271,3.595049
86300:ApriltagsCameraLog(1):,8,19.280966,21.097000,19.280966,21.097000,19.386817,3.243797,3.568011,5.785683,5.611522,30.903757,7271,3.644261
86318:ApriltagsCameraLog(1):,7,19.386817,25.564000,19.386817,25.564000,19.519666,3.349088,3.611185,5.732072,5.579868,42.849716,7272,3.685969
86320:ApriltagsCameraLog(1):,8,19.386817,21.556000,19.386817,21.556000,19.548854,3.346093,3.608225,5.734023,5.581477,32.720999,7272,3.736051
86338:ApriltagsCameraLog(1):,7,19.548854,20.152000,19.548854,20.152000,19.636653,3.365465,3.671546,5.739570,5.537064,28.228420,7273,3.702835
86340:ApriltagsCameraLog(1):,8,19.548854,20.522000,19.548854,20.522000,19.642065,3.346504,3.663075,5.736410,5.542563,29.516345,7273,3.737338
86358:ApriltagsCameraLog(1):,7,19.642065,20.352000,19.642065,20.352000,19.660682,3.417077,3.725307,5.682732,5.499112,28.950878,7274,3.753974
86360:ApriltagsCameraLog(1):,8,19.642065,20.943000,19.642065,20.943000,19.666549,3.401986,3.716794,5.681249,5.503399,30.815058,7274,3.783463
86378:ApriltagsCameraLog(1):,7,19.666549,20.998000,19.666549,20.998000,19.684075,3.539546,3.779882,5.590435,5.458589,31.748162,7276,3.877217
86387:ApriltagsCameraLog(1):,8,19.666549,20.795000,19.666549,20.795000,19.692404,3.493802,3.773273,5.583470,5.461395,31.033948,7276,3.860879
86398:ApriltagsCameraLog(1):,7,19.692404,23.534000,19.692404,23.534000,19.757248,3.653007,3.851723,5.546335,5.406995,40.049784,7277,3.991796
86399:ApriltagsCameraLog(1):,8,19.692404,21.544000,19.692404,21.544000,19.776331,3.599661,3.849152,5.544813,5.409278,34.004529,7277,3.961492
86418:ApriltagsCameraLog(1):,7,19.776331,21.001000,19.776331,21.001000,19.814507,3.697452,3.895754,5.540731,5.377510,32.879771,7278,4.036553
86420:ApriltagsCameraLog(1):,8,19.776331,22.180000,19.776331,22.180000,19.822108,3.653701,3.891108,5.540178,5.382041,36.118585,7278,4.014910
86438:ApriltagsCameraLog(1):,7,19.822108,21.722000,19.822108,21.722000,19.722872,3.724158,3.974158,5.469641,5.328700,35.139406,7279,4.066148
86440:ApriltagsCameraLog(1):,8,19.822108,21.307000,19.822108,21.307000,19.733665,3.704906,3.967845,5.467246,5.331853,33.845533,7279,4.058702
86458:ApriltagsCameraLog(1):,7,19.733665,25.103000,19.733665,25.103000,19.585812,3.813768,4.015433,5.439355,5.298825,46.501948,7280,4.157040
86460:ApriltagsCameraLog(1):,8,19.733665,19.779000,19.733665,19.779000,19.608383,3.799309,4.012522,5.441095,5.301374,30.339187,7280,4.150283
86478:ApriltagsCameraLog(1):,8,19.608383,7.046000,19.608383,7.046000,19.465063,3.812565,4.078513,5.383145,5.259094,68.298398,7281,4.158864
86497:ApriltagsCameraLog(1):,,,,,,19.298975,,4.146797,,5.212929,,,
86518:ApriltagsCameraLog(1):,8,19.465063,21.979000,19.465063,21.979000,19.136927,3.952638,4.219538,5.322991,5.165645,39.241484,7283,4.294778
86538:ApriltagsCameraLog(1):,,,,,,18.944065,,4.286217,,5.121476,,,
86558:ApriltagsCameraLog(1):,8,19.136927,21.812000,19.136927,21.812000,18.738071,4.067017,4.375772,5.231624,5.062359,40.860899,7285,4.404651
86578:ApriltagsCameraLog(1):,,,,,,18.572810,,4.423911,,5.029150,,,
86598:ApriltagsCameraLog(1):,,,,,,18.405269,,4.497726,,4.979656,,,
86619:ApriltagsCameraLog(1):,,,,,,18.229488,,4.607168,,4.905696,,,
86639:ApriltagsCameraLog(1):,,,,,,18.034480,,4.645480,,4.879769,,,
86657:ApriltagsCameraLog(1):,,,,,,17.784541,,4.720785,,4.828164,,,
86678:ApriltagsCameraLog(1):,,,,,,17.501643,,4.796507,,4.776099,,,
86698:ApriltagsCameraLog(1):,,,,,,17.246211,,4.906106,,4.699700,,,
86717:ApriltagsCameraLog(1):,,,,,,16.988033,,4.943618,,4.673672,,,
86738:ApriltagsCameraLog(1):,,,,,,16.735347,,5.019024,,4.620627,,,
86758:ApriltagsCameraLog(1):,,,,,,16.507381,,5.110308,,4.555493,,,
86777:ApriltagsCameraLog(1):,,,,,,16.273921,,5.184789,,4.502187,,,
86797:ApriltagsCameraLog(1):,,,,,,16.059688,,5.260350,,4.449901,,,
86818:ApriltagsCameraLog(1):,,,,,,15.856441,,5.316260,,4.410619,,,
86838:ApriltagsCameraLog(1):,,,,,,15.614742,,5.391692,,4.357580,,,
86859:ApriltagsCameraLog(1):,,,,,,15.488399,,5.505329,,4.279018,,,
86877:ApriltagsCameraLog(1):,,,,,,15.318111,,5.543763,,4.252176,,,
86898:ApriltagsCameraLog(1):,,,,,,15.156062,,5.619532,,4.199090,,,
86918:ApriltagsCameraLog(1):,,,,,,14.999507,,5.732762,,4.119419,,,
86937:ApriltagsCameraLog(1):,,,,,,14.840205,,5.771568,,4.093652,,,
86958:ApriltagsCameraLog(1):,,,,,,14.708369,,5.847532,,4.041390,,,
86978:ApriltagsCameraLog(1):,,,,,,14.529842,,5.924572,,3.988026,,,
86997:ApriltagsCameraLog(1):,,,,,,14.343074,,6.003634,,3.939581,,,
87017:ApriltagsCameraLog(1):,,,,,,14.159053,,6.082807,,3.890740,,,
87038:ApriltagsCameraLog(1):,,,,,,13.944820,,6.182914,,3.829828,,,
87058:ApriltagsCameraLog(1):,,,,,,13.769038,,6.240687,,3.792312,,,
87077:ApriltagsCameraLog(1):,,,,,,13.631709,,6.322178,,3.745636,,,
87097:ApriltagsCameraLog(1):,,,,,,13.497127,,6.404342,,3.698316,,,
87118:ApriltagsCameraLog(1):,,,,,,13.368037,,6.485339,,3.651392,,,
87138:ApriltagsCameraLog(1):,,,,,,13.227962,,6.589473,,3.595646,,,
87158:ApriltagsCameraLog(1):,,,,,,13.090633,,6.652709,,3.563342,,,
87177:ApriltagsCameraLog(1):,,,,,,13.005489,,6.736252,,3.519049,,,
87197:ApriltagsCameraLog(1):,,,,,,12.980769,,6.822616,,3.478204,,,
87218:ApriltagsCameraLog(1):,,,,,,12.953304,,6.905677,,3.438858,,,
87237:ApriltagsCameraLog(1):,,,,,,13.013728,,6.987930,,3.399924,,,
87257:ApriltagsCameraLog(1):,,,,,,13.156551,,7.068880,,3.361768,,,
87278:ApriltagsCameraLog(1):,,,,,,13.538326,,7.148725,,3.325535,,,
87298:ApriltagsCameraLog(1):,10,13.013728,16.935000,13.013728,13.013728,14.060176,6.780681,7.228021,3.760889,3.290288,68.588482,7321,6.533604
87318:ApriltagsCameraLog(1):,,,,,,14.779615,,7.318818,,3.258898,,,
87338:ApriltagsCameraLog(1):,,,,,,15.614575,,7.381922,,3.236682,,,
87358:ApriltagsCameraLog(1):,13,14.060176,15.807000,14.060176,15.807000,16.600598,7.129074,7.460035,4.088652,3.209819,32.949631,7320,3.881228
87377:ApriltagsCameraLog(1):,,,,,,17.917351,,7.530552,,3.230158,,,
87398:ApriltagsCameraLog(1):,,,,,,19.507622,,7.606646,,3.202811,,,
87419:ApriltagsCameraLog(1):,,,,,,21.301140,,7.707511,,3.164868,,,
87438:ApriltagsCameraLog(1):,,,,,,23.339104,,7.753427,,3.156245,,,
87457:ApriltagsCameraLog(1):,,,,,,25.712150,,7.827762,,3.137531,,,
87477:ApriltagsCameraLog(1):,,,,,,28.417534,,7.903351,,3.119048,,,
87497:ApriltagsCameraLog(1):,,,,,,31.337150,,7.978494,,3.104193,,,
87518:ApriltagsCameraLog(1):,,,,,,34.605583,,8.065201,,3.092788,,,
87537:ApriltagsCameraLog(1):,,,,,,38.143181,,8.127937,,3.086815,,,
87558:ApriltagsCameraLog(1):,,,,,,41.834587,,8.202958,,3.085357,,,
87578:ApriltagsCameraLog(1):,,,,,,45.600151,,8.278819,,3.088522,,,
87598:ApriltagsCameraLog(1):,,,,,,49.209160,,8.350281,,3.081567,,,
87617:ApriltagsCameraLog(1):,,,,,,52.535271,,8.422307,,3.078472,,,
87638:ApriltagsCameraLog(1):,,,,,,55.531792,,8.494390,,3.078770,,,
87658:ApriltagsCameraLog(1):,,,,,,58.885368,,8.567496,,3.083053,,,
87677:ApriltagsCameraLog(1):,,,,,,62.332329,,8.642948,,3.081887,,,
87697:ApriltagsCameraLog(1):,,,,,,65.617241,,8.718631,,3.085071,,,
87718:ApriltagsCameraLog(1):,,,,,,68.674187,,8.809610,,3.092891,,,
87738:ApriltagsCameraLog(1):,,,,,,71.580070,,8.891503,,3.091036,,,
87759:ApriltagsCameraLog(1):,,,,,,74.233269,,8.996245,,3.090928,,,
87779:ApriltagsCameraLog(1):,,,,,,76.576103,,9.038282,,3.095374,,,
87798:ApriltagsCameraLog(1):,,,,,,78.625053,,9.120660,,3.088611,,,
87818:ApriltagsCameraLog(1):,,,,,,80.451530,,9.221403,,3.078513,,,
87838:ApriltagsCameraLog(1):,,,,,,81.948418,,9.284482,,3.081752,,,
87857:ApriltagsCameraLog(1):,,,,,,83.195366,,9.369497,,3.082098,,,
87878:ApriltagsCameraLog(1):,,,,,,84.274773,,9.454238,,3.070185,,,
87898:ApriltagsCameraLog(1):,,,,,,85.126213,,9.538279,,3.060108,,,
87918:ApriltagsCameraLog(1):,,,,,,85.829338,,9.645298,,3.047291,,,
87938:ApriltagsCameraLog(1):,,,,,,86.439079,,9.730399,,3.027285,,,
87958:ApriltagsCameraLog(1):,,,,,,86.938957,,9.814927,,3.007293,,,
87982:ApriltagsCameraLog(1):,,,,,,87.386650,,9.881428,,2.991094,,,
87998:ApriltagsCameraLog(1):,,,,,,87.809624,,9.985125,,2.954775,,,
88018:ApriltagsCameraLog(1):,,,,,,88.144707,,10.050825,,2.934248,,,
88038:ApriltagsCameraLog(1):,,,,,,88.455070,,10.137523,,2.906079,,,
88058:ApriltagsCameraLog(1):,,,,,,88.746208,,10.224057,,2.878394,,,
88078:ApriltagsCameraLog(1):,,,,,,88.998894,,10.309549,,2.847321,,,
88099:ApriltagsCameraLog(1):,,,,,,89.237846,,10.439759,,2.800384,,,
88118:ApriltagsCameraLog(1):,,,,,,89.452080,,10.482839,,2.785339,,,
88138:ApriltagsCameraLog(1):,,,,,,89.647087,,10.611759,,2.737447,,,
88158:ApriltagsCameraLog(1):,,,,,,89.861320,,10.655331,,2.720132,,,
88178:ApriltagsCameraLog(1):,,,,,,90.059074,,10.763746,,2.680395,,,
88197:ApriltagsCameraLog(1):,,,,,,90.292534,,10.829807,,2.654209,,,
88218:ApriltagsCameraLog(1):,,,,,,90.531486,,10.916937,,2.619670,,,
88238:ApriltagsCameraLog(1):,,,,,,90.737480,,11.004197,,2.585465,,,
88258:ApriltagsCameraLog(1):,,,,,,90.976433,,11.091313,,2.551722,,,
88277:ApriltagsCameraLog(1):,,,,,,91.198906,,11.178764,,2.517173,,,
88298:ApriltagsCameraLog(1):,,,,,,91.418632,,11.265218,,2.483402,,,
88318:ApriltagsCameraLog(1):,,,,,,91.646599,,11.371797,,2.442176,,,
88339:ApriltagsCameraLog(1):,,,,,,91.940483,,11.479100,,2.400314,,,
88358:ApriltagsCameraLog(1):,,,,,,92.412895,,11.520702,,2.383774,,,
88378:ApriltagsCameraLog(1):,,,,,,93.077568,,11.604533,,2.352453,,,
88398:ApriltagsCameraLog(1):,,,,,,93.882316,,11.703158,,2.307700,,,
88418:ApriltagsCameraLog(1):,,,,,,94.843620,,11.764170,,2.284471,,,
88438:ApriltagsCameraLog(1):,,,,,,95.997185,,11.861196,,2.244346,,,
88457:ApriltagsCameraLog(1):,,,,,,97.474846,,11.921973,,2.224057,,,
88478:ApriltagsCameraLog(1):,,,,,,99.235405,,12.019834,,2.192655,,,
88499:ApriltagsCameraLog(1):,,,,,,101.199211,,12.124090,,2.164374,,,
88517:ApriltagsCameraLog(1):,,,,,,103.319572,,12.164192,,2.159327,,,
88538:ApriltagsCameraLog(1):,,,,,,105.519585,,12.248253,,2.142827,,,
88557:ApriltagsCameraLog(1):,,,,,,107.804741,,12.332886,,2.129583,,,
88578:ApriltagsCameraLog(1):,,,,,,110.018486,,12.440061,,2.114545,,,
88598:ApriltagsCameraLog(1):,,,,,,112.100395,,12.504382,,2.107356,,,
88618:ApriltagsCameraLog(1):,11,107.804741,115.489000,107.804741,115.489000,113.962578,11.633375,12.591928,2.340213,2.094432,10.812731,7383,1.139291
88638:ApriltagsCameraLog(1):,11,113.962578,114.433000,113.962578,114.433000,115.725619,11.806978,12.564620,2.338371,2.122987,6.257928,7384,1.122096
88658:ApriltagsCameraLog(1):,11,115.725619,116.257000,115.725619,116.257000,117.215180,11.881879,12.527243,2.309408,2.160023,6.554401,7385,1.152961
88678:ApriltagsCameraLog(1):,11,117.215180,118.139000,117.215180,118.139000,118.426057,11.952647,12.518471,2.292638,2.172714,6.998307,7386,1.175808
88698:ApriltagsCameraLog(1):,11,118.426057,119.101000,118.426057,119.101000,119.474866,12.027598,12.552007,2.274971,2.172623,7.088172,7387,1.205001
88719:ApriltagsCameraLog(1):,11,119.474866,120.042000,119.474866,120.042000,120.361869,12.103223,12.600535,2.246984,2.169487,7.383323,7388,1.248383
88738:ApriltagsCameraLog(1):,11,120.361869,121.626000,120.361869,121.626000,121.083988,12.181506,12.589276,2.235708,2.165201,8.161616,7389,1.280709
88764:ApriltagsCameraLog(1):,11,121.083988,122.431000,121.083988,122.431000,121.750312,12.258098,12.632055,2.211992,2.153140,8.651152,7390,1.328021
88778:ApriltagsCameraLog(1):,,,,,,122.345546,,12.678378,,2.140241,,,
88798:ApriltagsCameraLog(1):,1,121.750312,116.098000,121.750312,116.098000,122.839931,12.497172,12.763834,2.275941,2.112241,38.059509,7396,3.414448
88800:ApriltagsCameraLog(1):,11,121.750312,123.065000,121.750312,123.065000,122.812581,12.336822,12.762317,2.194391,2.117012,9.039454,7391,1.373641
88818:ApriltagsCameraLog(1):,1,122.812581,119.455000,122.812581,119.455000,123.324590,12.699515,12.846776,2.193294,2.079603,30.409808,7398,3.220744
88820:ApriltagsCameraLog(1):,11,122.812581,123.855000,122.812581,123.855000,123.304941,12.422320,12.849064,2.179238,2.083960,9.241533,7392,1.421140
88838:ApriltagsCameraLog(1):,11,123.304941,123.009000,123.304941,123.009000,123.747697,12.498009,12.913193,2.157961,2.056603,9.057782,7393,1.474679
88859:ApriltagsCameraLog(1):,11,123.747697,125.592000,123.747697,125.592000,124.123902,12.637568,12.997030,2.113407,2.020814,11.465381,7395,1.585010
88880:ApriltagsCameraLog(1):,1,124.123902,120.151000,124.123902,120.151000,124.519221,12.849576,13.016384,2.109811,2.010510,30.060267,7400,3.064158
88881:ApriltagsCameraLog(1):,11,124.519221,125.697000,124.519221,125.697000,124.496985,12.727073,13.019025,2.096223,2.012143,11.372569,7396,1.646783
88898:ApriltagsCameraLog(1):,1,124.496985,120.595000,124.496985,120.595000,124.890290,12.866672,13.079397,2.169333,1.989267,30.301898,7401,3.099602
88899:ApriltagsCameraLog(1):,11,124.890290,126.966000,124.890290,126.966000,124.868750,12.800113,13.078999,2.074004,1.996281,12.864554,7397,1.706656
88918:ApriltagsCameraLog(1):,11,124.868750,126.132000,124.868750,126.132000,125.274379,12.868322,13.137466,2.050422,1.974997,12.549065,7398,1.767700
88938:ApriltagsCameraLog(1):,1,125.274379,125.763000,125.274379,125.763000,125.752054,13.022985,13.197632,2.119004,1.949311,21.727683,7403,2.964435
88940:ApriltagsCameraLog(1):,11,125.752054,126.770000,125.752054,126.770000,125.761839,12.951227,13.200401,2.037934,1.957062,12.788661,7399,1.825890
88959:ApriltagsCameraLog(1):,1,125.761839,122.854000,125.761839,122.854000,126.317851,13.228148,13.279038,2.024898,1.927619,24.694199,7405,2.766396
88960:ApriltagsCameraLog(1):,2,125.761839,117.381000,125.761839,117.381000,126.297172,13.352317,13.286304,2.166418,1.931289,42.894059,7405,3.292036
88962:ApriltagsCameraLog(1):,11,125.761839,127.338000,125.761839,127.338000,126.259922,13.026631,13.295104,2.007698,1.939654,14.108103,7400,1.898400
88978:ApriltagsCameraLog(1):,1,126.259922,123.429000,126.259922,123.429000,126.908866,13.303877,13.320679,1.983304,1.910879,23.761858,7406,2.689902
88980:ApriltagsCameraLog(1):,2,126.259922,116.960000,126.259922,116.960000,126.888042,13.425383,13.328582,2.128640,1.913000,43.811269,7406,3.212529
88998:ApriltagsCameraLog(1):,1,126.888042,122.447000,126.888042,122.447000,127.490102,13.369976,13.403215,1.947818,1.889956,25.992169,7407,2.624852
89000:ApriltagsCameraLog(1):,2,126.888042,116.390000,126.888042,116.390000,127.459510,13.459785,13.407899,2.113051,1.890970,45.968406,7407,3.178219
89002:ApriltagsCameraLog(1):,11,126.259922,127.785000,126.259922,127.785000,127.416049,13.093444,13.413501,1.989528,1.898662,14.561024,7401,1.954276
89018:ApriltagsCameraLog(1):,11,127.416049,132.896000,127.416049,132.896000,128.309416,13.247632,13.442704,1.932705,1.853786,21.313834,7403,2.096084
89038:ApriltagsCameraLog(1):,1,128.309416,123.822000,128.309416,123.822000,129.098682,13.420842,13.520271,1.906853,1.818496,25.406167,7408,2.567089
89046:ApriltagsCameraLog(1):,2,128.309416,118.517000,128.309416,118.517000,129.072667,13.531708,13.527590,2.043598,1.819682,42.951490,7408,3.087623
89050:ApriltagsCameraLog(1):,11,129.072667,129.010000,129.072667,129.010000,129.032762,13.335620,13.535812,1.946754,1.826039,14.213106,7404,2.140574
89058:ApriltagsCameraLog(1):,1,129.032762,124.145000,129.032762,124.145000,129.664741,13.473021,13.578685,1.892743,1.812829,25.645925,7409,2.528272
89060:ApriltagsCameraLog(1):,2,129.032762,118.831000,129.032762,118.831000,129.635269,13.578655,13.582705,2.025085,1.813465,43.093981,7409,3.041474
89062:ApriltagsCameraLog(1):,11,129.635269,129.463000,129.635269,129.463000,129.593263,13.394746,13.589100,1.926292,1.819956,14.809195,7405,2.194800
89079:ApriltagsCameraLog(1):,1,129.593263,125.988000,129.593263,125.988000,130.123071,13.547503,13.660611,1.875322,1.785873,22.848757,7410,2.474257
89081:ApriltagsCameraLog(1):,2,129.593263,120.516000,129.593263,120.516000,130.101734,13.662666,13.666485,2.006649,1.786089,39.498671,7410,2.963073
89083:ApriltagsCameraLog(1):,11,130.101734,130.936000,130.101734,130.936000,130.061886,13.450762,13.674718,1.897069,1.792812,16.280593,7406,2.253368
89099:ApriltagsCameraLog(1):,1,130.061886,125.688000,130.061886,125.688000,130.806209,13.565092,13.740225,1.940677,1.760796,24.680568,7411,2.521303
89100:ApriltagsCameraLog(1):,2,130.061886,82.172000,130.061886,82.172000,130.778672,13.684563,13.741095,2.022869,1.767135,119.506611,7411,2.955473
89102:ApriltagsCameraLog(1):,11,130.778672,130.834000,130.778672,130.834000,130.700290,13.514114,13.741935,1.874541,1.770300,15.581255,7407,2.311940
89118:ApriltagsCameraLog(1):,1,130.700290,125.371000,130.700290,125.371000,131.379928,13.730221,13.762883,1.850398,1.758118,24.352203,7413,2.360758
89120:ApriltagsCameraLog(1):,2,130.700290,122.235000,130.700290,122.235000,131.341354,13.865471,13.767075,1.951461,1.761588,35.346967,7413,2.767798
89139:ApriltagsCameraLog(1):,11,131.341354,131.771000,131.341354,131.771000,131.555463,13.616670,13.829443,1.805839,1.736416,17.157009,7409,2.431279
89158:ApriltagsCameraLog(1):,1,131.555463,122.311000,131.555463,122.311000,131.690228,13.780557,13.864773,1.838802,1.708749,30.071621,7414,2.328264
89160:ApriltagsCameraLog(1):,2,131.555463,85.755000,131.555463,85.755000,131.634217,13.889288,13.866806,1.946604,1.712140,105.987252,7414,2.749247
89162:ApriltagsCameraLog(1):,11,131.634217,133.648000,131.634217,133.648000,131.549503,13.695374,13.868082,1.733195,1.715782,20.776799,7410,2.536767
89179:ApriltagsCameraLog(1):,1,131.549503,128.878000,131.549503,128.878000,131.968965,13.881862,13.902846,1.755452,1.686757,18.568215,7415,2.206690
89180:ApriltagsCameraLog(1):,2,131.549503,122.722000,131.549503,122.722000,131.943455,14.008295,13.913354,1.889294,1.687067,33.789482,7415,2.618359
89182:ApriltagsCameraLog(1):,11,131.943455,132.638000,131.943455,132.638000,131.893296,13.723203,13.924739,1.727582,1.694568,18.692058,7411,2.559765
89199:ApriltagsCameraLog(1):,1,131.893296,126.996000,131.893296,126.996000,132.008206,13.933272,13.952026,1.749523,1.641538,21.496450,7416,2.178721
89201:ApriltagsCameraLog(1):,2,131.893296,91.131000,131.893296,91.131000,131.967421,14.031015,13.959726,1.889002,1.642500,90.394456,7416,2.600925
89203:ApriltagsCameraLog(1):,11,131.967421,132.222000,131.967421,132.222000,131.878566,13.779716,13.962274,1.693019,1.646745,18.458231,7412,2.624999
89218:ApriltagsCameraLog(1):,1,131.878566,128.232000,131.878566,128.232000,131.398483,13.999491,13.969232,1.703017,1.627325,18.916257,7417,2.107694
89220:ApriltagsCameraLog(1):,2,131.878566,123.313000,131.878566,123.313000,131.364455,14.132388,13.979791,1.830082,1.626497,31.321979,7417,2.483876
89221:ApriltagsCameraLog(1):,11,131.364455,134.012000,131.364455,134.012000,131.312825,13.794825,13.993096,1.624290,1.634152,23.371054,7413,2.684841
89238:ApriltagsCameraLog(1):,1,131.312825,126.221000,131.312825,126.221000,131.157140,14.072233,13.996459,1.704662,1.612855,20.553810,7418,2.077396
89240:ApriltagsCameraLog(1):,2,131.312825,126.811000,131.312825,126.811000,131.103999,14.171759,14.010377,1.848450,1.616974,24.180891,7418,2.459297
89242:ApriltagsCameraLog(1):,11,131.103999,133.148000,131.103999,133.148000,131.064039,13.833980,14.026327,1.563800,1.629069,22.938913,7414,2.755740
89258:ApriltagsCameraLog(1):,1,131.064039,127.339000,131.064039,127.339000,130.977517,14.179456,14.026433,1.596969,1.609262,17.137877,7420,1.935822
89260:ApriltagsCameraLog(1):,2,131.064039,125.366000,131.064039,125.366000,130.932681,14.308388,14.043968,1.732890,1.606017,23.923572,7420,2.279981
89263:ApriltagsCameraLog(1):,11,131.064039,133.659000,131.064039,133.659000,130.884471,13.882158,14.064865,1.551835,1.614549,24.432997,7415,2.799878
89278:ApriltagsCameraLog(1):,1,130.884471,127.907000,130.884471,127.907000,130.719236,14.223455,14.026183,1.546002,1.582509,15.539472,7421,1.871774
89280:ApriltagsCameraLog(1):,2,130.884471,125.231000,130.884471,125.231000,130.678971,14.358006,14.049473,1.684998,1.575849,22.993315,7421,2.211120
89282:ApriltagsCameraLog(1):,11,130.884471,132.782000,130.884471,132.782000,130.628918,13.934478,14.074171,1.516186,1.583101,23.687220,7416,2.863670
89298:ApriltagsCameraLog(1):,1,130.628918,128.091000,130.628918,128.091000,130.302069,14.272240,14.019444,1.515189,1.575216,14.544491,7422,1.825050
89299:ApriltagsCameraLog(1):,2,130.628918,126.258000,130.628918,126.258000,130.263003,14.406534,14.049685,1.660925,1.567328,20.479171,7422,2.156303
89318:ApriltagsCameraLog(1):,1,130.263003,126.726000,130.263003,126.726000,130.193079,14.288010,14.078826,1.471815,1.576672,15.195592,7423,1.778153
89320:ApriltagsCameraLog(1):,2,130.263003,125.154000,130.263003,125.154000,130.143001,14.433702,14.101910,1.603814,1.566101,20.850460,7423,2.100003
89338:ApriltagsCameraLog(1):,1,130.143001,127.164000,130.143001,127.164000,130.253964,14.338810,14.128062,1.443805,1.575137,14.115335,7424,1.734440
89340:ApriltagsCameraLog(1):,2,130.143001,126.923000,130.143001,126.923000,130.212799,14.461867,14.152780,1.599831,1.561074,17.967082,7424,2.073854
89341:ApriltagsCameraLog(1):,11,130.143001,132.991000,130.143001,132.991000,130.178162,13.971986,14.181917,1.419595,1.566105,26.569638,7418,2.959998
89358:ApriltagsCameraLog(1):,11,130.178162,131.993000,130.178162,131.993000,130.380690,14.046793,14.115516,1.436302,1.568526,24.855009,7419,3.004639
89379:ApriltagsCameraLog(1):,1,130.380690,126.433000,130.380690,126.433000,130.368056,14.351159,14.108561,1.416555,1.561260,14.841603,7425,1.705113
89380:ApriltagsCameraLog(1):,2,130.380690,129.520000,130.380690,129.520000,130.318408,14.517916,14.135540,1.526600,1.546768,14.012052,7425,1.987703
89382:ApriltagsCameraLog(1):,11,130.318408,132.858000,130.318408,132.858000,130.310004,14.093331,14.180025,1.369718,1.545574,27.163290,7421,3.082753
89398:ApriltagsCameraLog(1):,2,130.310004,130.561000,130.310004,130.561000,130.477644,14.562471,14.175549,1.489037,1.536482,12.748287,7426,1.929518
89418:ApriltagsCameraLog(1):,2,130.477644,129.294000,130.477644,129.294000,130.797896,14.595812,14.226410,1.454456,1.533486,13.496737,7427,1.883535
89438:ApriltagsCameraLog(1):,2,130.797896,129.480000,130.797896,129.480000,131.133975,14.622075,14.272917,1.414533,1.527049,13.278035,7428,1.841487
89440:ApriltagsCameraLog(1):,11,131.133975,132.175000,131.133975,132.175000,131.121096,14.185891,14.316109,1.321486,1.514458,24.773884,7424,3.179754
89458:ApriltagsCameraLog(1):,2,131.121096,130.896000,131.121096,130.896000,131.489191,14.645605,14.308087,1.382258,1.503078,11.705791,7429,1.806012
89478:ApriltagsCameraLog(1):,2,131.489191,130.623000,131.489191,130.623000,131.783454,14.671767,14.356234,1.365107,1.488516,12.183218,7430,1.776505
89498:ApriltagsCameraLog(1):,2,131.783454,130.935000,131.783454,130.935000,132.120210,14.693770,14.399859,1.355916,1.474034,11.971071,7432,1.754352
89518:ApriltagsCameraLog(1):,2,132.120210,130.864000,132.120210,130.864000,132.472671,14.702742,14.440483,1.344715,1.459492,12.313812,7433,1.742446
89539:ApriltagsCameraLog(1):,2,132.472671,130.407000,132.472671,130.407000,132.744956,14.708524,14.475866,1.344160,1.445512,13.165072,7434,1.738898
89558:ApriltagsCameraLog(1):,2,132.744956,130.775000,132.744956,130.775000,132.803499,14.708182,14.505761,1.353218,1.434072,13.121191,7435,1.745221
89578:ApriltagsCameraLog(1):,,,,,,132.813059,,14.534125,,1.426646,,,
89599:ApriltagsCameraLog(1):,2,132.803499,130.490000,132.803499,130.490000,132.854257,14.698806,14.543610,1.357437,1.431057,13.600903,7437,1.755690
89618:ApriltagsCameraLog(1):,,,,,,132.856634,,14.569007,,1.426976,,,
89638:ApriltagsCameraLog(1):,2,132.854257,130.422000,132.854257,130.422000,132.796209,14.689368,14.581522,1.358251,1.434010,13.818646,7438,1.764394
89658:ApriltagsCameraLog(1):,2,132.796209,130.542000,132.796209,130.542000,132.597553,14.686527,14.611644,1.363493,1.435018,13.668710,7439,1.769287
89678:ApriltagsCameraLog(1):,2,132.597553,130.248000,132.597553,130.248000,132.358967,14.688788,14.640387,1.372275,1.432706,13.792523,7440,1.771055
89680:ApriltagsCameraLog(1):,11,132.358967,134.872000,132.358967,134.872000,132.322803,14.194163,14.651103,1.232513,1.427780,28.663493,7436,3.238364
89699:ApriltagsCameraLog(1):,2,132.322803,129.728000,132.322803,129.728000,132.162096,14.695511,14.642326,1.382863,1.421041,14.052844,7441,1.769707
89718:ApriltagsCameraLog(1):,2,132.162096,130.094000,132.162096,130.094000,131.928703,14.706330,14.677178,1.388388,1.424135,13.398529,7442,1.762805
89738:ApriltagsCameraLog(1):,2,131.928703,129.759000,131.928703,129.759000,131.638753,14.735335,14.714888,1.383996,1.421701,13.240450,7444,1.734981
89757:ApriltagsCameraLog(1):,,,,,,131.387569,,14.749378,,1.417390,,,
89779:ApriltagsCameraLog(1):,2,131.638753,129.364000,131.638753,129.364000,131.178829,14.753925,14.777381,1.377826,1.416720,13.155538,7445,1.714695
89798:ApriltagsCameraLog(1):,2,131.178829,129.338000,131.178829,129.338000,131.005843,14.768508,14.810597,1.370656,1.399649,12.517336,7446,1.696417
89818:ApriltagsCameraLog(1):,2,131.005843,129.169000,131.005843,129.169000,130.913934,14.789700,14.840446,1.368179,1.381055,12.325352,7447,1.676588
89838:ApriltagsCameraLog(1):,2,130.913934,128.458000,130.913934,128.458000,130.894310,14.804630,14.868865,1.338810,1.362673,12.680024,7448,1.647488
89858:ApriltagsCameraLog(1):,2,130.894310,128.550000,130.894310,128.550000,130.884438,14.826703,14.894324,1.317905,1.344717,12.270072,7449,1.617483
89884:ApriltagsCameraLog(1):,2,130.884438,128.309000,130.884438,128.309000,130.965111,14.879112,14.921736,1.269357,1.317994,11.791495,7451,1.547076
89898:ApriltagsCameraLog(1):,2,130.965111,128.284000,130.965111,128.284000,130.950600,14.909124,14.933932,1.243744,1.299403,11.498065,7452,1.508385
89900:ApriltagsCameraLog(1):,11,130.884438,133.218000,130.884438,133.218000,130.907032,14.342131,14.935455,1.200542,1.288979,29.634036,7446,3.378394
89919:ApriltagsCameraLog(1):,2,130.907032,128.584000,130.907032,128.584000,130.926281,14.936487,14.917427,1.217906,1.290502,10.806577,7453,1.471177
89938:ApriltagsCameraLog(1):,,,,,,130.926631,,14.928244,,1.273994,,,
89958:ApriltagsCameraLog(1):,,,,,,130.739864,,14.932442,,1.271022,,,
89978:ApriltagsCameraLog(1):,,,,,,130.473445,,14.936331,,1.268132,,,
89998:ApriltagsCameraLog(1):,,,,,,130.325130,,14.935487,,1.269428,,,
90018:ApriltagsCameraLog(1):,11,130.739864,132.671000,130.739864,132.671000,130.058711,14.466569,14.935107,1.112617,1.270333,30.122487,7453,3.530869
90038:ApriltagsCameraLog(1):,11,130.058711,132.627000,130.058711,132.627000,129.864382,14.455309,14.905867,1.082433,1.262471,31.880820,7454,3.545760
90058:ApriltagsCameraLog(1):,,,,,,129.719590,,14.874765,,1.258447,,,
90078:ApriltagsCameraLog(1):,,,,,,129.483384,,14.865485,,1.268811,,,
90097:ApriltagsCameraLog(1):,,,,,,129.310349,,14.854624,,1.281006,,,
90118:ApriltagsCameraLog(1):,11,129.483384,132.226000,129.483384,132.226000,129.192246,14.502000,14.841539,1.067925,1.295671,32.811896,7458,3.593717
90138:ApriltagsCameraLog(1):,11,129.192246,132.288000,129.192246,132.288000,129.093558,14.490857,14.804981,1.059941,1.300909,33.704144,7459,3.592087
90158:ApriltagsCameraLog(1):,11,129.093558,131.780000,129.093558,131.780000,128.998415,14.496510,14.766442,1.067072,1.309673,32.652341,7460,3.592248
90178:ApriltagsCameraLog(1):,,,,,,128.829940,,14.727878,,1.319559,,,
90198:ApriltagsCameraLog(1):,11,128.998415,131.412000,128.998415,131.412000,128.676132,14.500384,14.701098,1.072737,1.344487,31.947762,7462,3.592016
90218:ApriltagsCameraLog(1):,11,128.676132,131.788000,128.676132,131.788000,128.523474,14.489056,14.659379,1.074047,1.357323,33.664368,7463,3.584341
90237:ApriltagsCameraLog(1):,,,,,,128.367821,,14.615312,,1.374540,,,
90258:ApriltagsCameraLog(1):,,,,,,128.235985,,14.580185,,1.407803,,,
90279:ApriltagsCameraLog(1):,11,128.523474,130.790000,128.523474,130.790000,128.040978,14.461931,14.534536,1.129101,1.451055,30.948914,7466,3.528798
90299:ApriltagsCameraLog(1):,,,,,,127.811973,,14.493570,,1.466646,,,
90318:ApriltagsCameraLog(1):,11,128.040978,130.937000,128.040978,130.937000,127.578514,14.433735,14.439553,1.144620,1.518645,32.239296,7467,3.499926
90337:ApriltagsCameraLog(1):,,,,,,127.377975,,14.398580,,1.534705,,,
90358:ApriltagsCameraLog(1):,11,127.578514,130.361000,127.578514,130.361000,127.152756,14.387822,14.352904,1.181897,1.577445,31.377029,7469,3.443361
90377:ApriltagsCameraLog(1):,,,,,,126.957310,,14.300084,,1.605986,,,
90398:ApriltagsCameraLog(1):,,,,,,126.776035,,14.238211,,1.660132,,,
90418:ApriltagsCameraLog(1):,2,126.957310,124.825000,126.957310,124.825000,126.635959,14.919499,14.201911,1.219428,1.692559,10.599856,7478,1.467110
90438:ApriltagsCameraLog(1):,2,126.635959,124.691000,126.635959,124.691000,126.470800,14.886677,14.243454,1.257144,1.683295,10.879228,7479,1.513475
90458:ApriltagsCameraLog(1):,2,126.470800,124.399000,126.470800,124.399000,126.264080,14.850201,14.271897,1.286550,1.681658,11.436893,7480,1.559257
90478:ApriltagsCameraLog(1):,2,126.264080,124.220000,126.264080,124.220000,126.046087,14.814836,14.285427,1.320714,1.685487,11.866161,7481,1.606535
90498:ApriltagsCameraLog(1):,2,126.046087,124.041000,126.046087,124.041000,125.884496,14.773281,14.273377,1.360084,1.709370,12.359000,7482,1.661850
90519:ApriltagsCameraLog(1):,1,125.884496,123.687000,125.884496,123.687000,125.688913,14.413526,14.282200,1.521209,1.713374,13.691062,7483,1.778061
90520:ApriltagsCameraLog(1):,2,125.884496,123.833000,125.884496,123.833000,125.656484,14.728747,14.287133,1.393311,1.699916,12.934080,7483,1.716543
90538:ApriltagsCameraLog(1):,,,,,,125.391443,,14.271059,,1.718525,,,
90558:ApriltagsCameraLog(1):,1,125.656484,124.068000,125.656484,124.068000,125.193689,14.383593,14.197019,1.550861,1.777331,13.342378,7484,1.814185
90560:ApriltagsCameraLog(1):,2,125.656484,123.863000,125.656484,123.863000,125.169021,14.685436,14.199980,1.441230,1.765668,13.238452,7484,1.778153
90562:ApriltagsCameraLog(1):,11,125.169021,128.734000,125.169021,128.734000,125.141478,13.964518,14.239991,1.504306,1.742472,27.678865,7480,2.925581
90578:ApriltagsCameraLog(1):,1,125.141478,123.770000,125.141478,123.770000,124.969149,14.339950,14.165681,1.587237,1.769231,13.511624,7485,1.860254
90580:ApriltagsCameraLog(1):,2,125.141478,123.664000,125.141478,123.664000,124.943205,14.641634,14.166732,1.481603,1.763602,13.401876,7485,1.834584
90582:ApriltagsCameraLog(1):,11,124.943205,127.689000,124.943205,127.689000,124.915875,13.942929,14.204317,1.536792,1.745844,25.637123,7481,2.889273
90598:ApriltagsCameraLog(1):,1,124.915875,122.336000,124.915875,122.336000,124.717321,14.291877,14.108097,1.635533,1.777356,15.549845,7486,1.920111
90600:ApriltagsCameraLog(1):,2,124.915875,123.970000,124.915875,123.970000,124.679841,14.599389,14.109097,1.521236,1.775243,13.273271,7486,1.890785
90602:ApriltagsCameraLog(1):,11,124.679841,128.766000,124.679841,128.766000,124.660840,13.856454,14.147980,1.588833,1.759390,27.229137,7482,2.791302
90618:ApriltagsCameraLog(1):,1,124.660840,123.424000,124.660840,123.424000,124.503747,14.250265,14.034474,1.663526,1.801472,14.239836,7487,1.959057
90620:ApriltagsCameraLog(1):,2,124.660840,123.374000,124.660840,123.374000,124.481213,14.552222,14.037434,1.561249,1.798678,14.231523,7487,1.951119
90621:ApriltagsCameraLog(1):,11,124.481213,128.709000,124.481213,128.709000,124.458284,13.821353,14.075267,1.600015,1.784841,27.131095,7483,2.758636
90639:ApriltagsCameraLog(1):,1,124.458284,123.313000,124.458284,123.313000,124.261315,14.185487,13.979361,1.700843,1.819071,14.623871,7488,2.015141
90640:ApriltagsCameraLog(1):,2,124.458284,122.702000,124.458284,122.702000,124.240950,14.491386,13.980669,1.588003,1.820353,15.427078,7488,2.015301
90644:ApriltagsCameraLog(1):,11,124.240950,127.169000,124.240950,127.169000,124.214072,13.776745,14.014272,1.644490,1.808289,24.016336,7484,2.697115
90659:ApriltagsCameraLog(1):,1,124.214072,123.160000,124.214072,123.160000,123.916721,14.148184,13.936358,1.741562,1.832970,14.950521,7489,2.065612
90660:ApriltagsCameraLog(1):,2,124.214072,122.873000,124.214072,122.873000,123.897974,14.448063,13.940519,1.637056,1.834142,15.448540,7489,2.077720
90663:ApriltagsCameraLog(1):,11,123.897974,127.439000,123.897974,127.439000,123.876395,13.706447,13.976797,1.664813,1.824319,24.460123,7485,2.632964
90682:ApriltagsCameraLog(1):,1,123.876395,122.626000,123.876395,122.626000,123.505295,14.089307,13.839273,1.770466,1.871855,15.641225,7490,2.112853
90684:ApriltagsCameraLog(1):,2,123.876395,122.556000,123.876395,122.556000,123.483012,14.389113,13.843500,1.665386,1.873323,15.989472,7490,2.140560
90686:ApriltagsCameraLog(1):,11,123.483012,127.110000,123.483012,127.110000,123.460618,13.647307,13.878958,1.686497,1.864042,24.004181,7486,2.576897
90698:ApriltagsCameraLog(1):,1,123.460618,122.462000,123.460618,122.462000,122.968426,13.974064,13.799180,1.853685,1.882269,16.346818,7492,2.232826
90700:ApriltagsCameraLog(1):,2,123.460618,122.480000,123.460618,122.480000,122.952080,14.277635,13.803027,1.737340,1.887242,16.656090,7492,2.271078
90702:ApriltagsCameraLog(1):,11,123.460618,127.087000,123.460618,127.087000,122.936442,13.597389,13.837085,1.732508,1.879416,23.264423,7487,2.509134
90719:ApriltagsCameraLog(1):,1,122.936442,138.691000,122.936442,138.691000,122.251292,13.905605,13.703041,1.880205,1.912945,39.322025,7493,2.283498
90738:ApriltagsCameraLog(1):,1,122.251292,121.929000,122.251292,121.929000,121.438539,13.865178,13.653569,1.913381,1.936448,16.131930,7494,2.328530
90739:ApriltagsCameraLog(1):,11,122.936442,126.656000,122.936442,126.656000,121.425835,13.531010,13.663898,1.749443,1.939664,22.794729,7488,2.451846
90758:ApriltagsCameraLog(1):,1,121.425835,121.337000,121.425835,121.337000,120.311512,13.811330,13.556097,1.927188,1.963374,16.034759,7495,2.361696
90760:ApriltagsCameraLog(1):,11,121.425835,126.528000,121.425835,126.528000,120.302803,13.435573,13.571757,1.758309,1.965612,24.287997,7489,2.385308
90779:ApriltagsCameraLog(1):,11,120.302803,125.058000,120.302803,125.058000,118.936376,13.324853,13.466310,1.821867,1.990252,22.348860,7491,2.268304
90798:ApriltagsCameraLog(1):,1,118.936376,120.635000,118.936376,120.635000,117.374826,13.791741,13.374404,1.999868,2.014145,19.206168,7496,2.427182
90800:ApriltagsCameraLog(1):,11,117.374826,124.021000,117.374826,124.021000,117.369776,13.197189,13.395352,1.808184,2.020902,24.394688,7492,2.206854
90818:ApriltagsCameraLog(1):,1,117.369776,116.956000,117.369776,116.956000,115.540059,13.745525,13.303990,2.042033,2.042655,17.534523,7497,2.479727
90820:ApriltagsCameraLog(1):,11,115.540059,123.046000,115.540059,123.046000,115.506804,13.112637,13.329369,1.821586,2.051606,24.873735,7493,2.151092
90838:ApriltagsCameraLog(1):,1,115.506804,116.725000,115.506804,116.725000,113.399815,13.696065,13.238745,2.084403,2.074373,19.364443,7498,2.532705
90839:ApriltagsCameraLog(1):,11,113.399815,121.434000,113.399815,121.434000,113.379899,13.030613,13.263155,1.834123,2.084638,24.897300,7494,2.100702
90858:ApriltagsCameraLog(1):,1,113.379899,123.039000,113.379899,123.039000,111.045401,13.645213,13.172740,2.121425,2.108824,34.684452,7499,2.580369
90859:ApriltagsCameraLog(1):,11,111.045401,120.083000,111.045401,120.083000,111.080327,12.949541,13.188556,1.853648,2.113580,25.480352,7495,2.048028
90878:ApriltagsCameraLog(1):,1,111.080327,121.606000,111.080327,121.606000,108.432761,13.586054,13.098147,2.195498,2.129616,37.585156,7500,2.663911
90880:ApriltagsCameraLog(1):,11,108.432761,118.260000,108.432761,118.260000,108.466692,12.870117,13.113676,1.868998,2.136456,25.814149,7496,2.002442
90898:ApriltagsCameraLog(1):,11,108.466692,117.070000,108.466692,117.070000,105.663170,12.888043,13.012973,1.931428,2.165535,23.641222,7497,1.963509
90918:ApriltagsCameraLog(1):,1,105.663170,98.450000,105.663170,98.450000,102.606879,13.489661,12.931710,2.291202,2.188099,32.977400,7502,2.769780
90920:ApriltagsCameraLog(1):,11,102.606879,114.163000,102.606879,114.163000,102.533033,12.714106,12.951564,1.921361,2.203270,26.346340,7498,1.902776
90938:ApriltagsCameraLog(1):,,,,,,99.256972,,12.875789,,2.211413,,,
90958:ApriltagsCameraLog(1):,,,,,,95.733107,,12.818162,,2.246995,,,
90978:ApriltagsCameraLog(1):,,,,,,92.027968,,12.760979,,2.286989,,,
90998:ApriltagsCameraLog(1):,,,,,,88.114088,,12.701396,,2.325422,,,
91018:ApriltagsCameraLog(1):,,,,,,84.013441,,12.638127,,2.378811,,,
91038:ApriltagsCameraLog(1):,,,,,,79.739760,,12.584529,,2.424040,,,
91058:ApriltagsCameraLog(1):,,,,,,75.298537,,12.538975,,2.461123,,,
91078:ApriltagsCameraLog(1):,,,,,,70.659560,,12.487711,,2.504163,,,
91098:ApriltagsCameraLog(1):,,,,,,65.886000,,12.436718,,2.563046,,,
91118:ApriltagsCameraLog(1):,,,,,,61.068495,,12.393538,,2.602754,,,
91137:ApriltagsCameraLog(1):,,,,,,56.426772,,12.346514,,2.643639,,,
91157:ApriltagsCameraLog(1):,,,,,,52.405775,,12.301686,,2.687662,,,
91178:ApriltagsCameraLog(1):,,,,,,48.118361,,12.260893,,2.744953,,,
91198:ApriltagsCameraLog(1):,,,,,,43.490370,,12.210675,,2.777873,,,
91218:ApriltagsCameraLog(1):,,,,,,38.812941,,12.157559,,2.823203,,,
91237:ApriltagsCameraLog(1):,,,,,,34.349745,,12.102211,,2.883010,,,
91258:ApriltagsCameraLog(1):,,,,,,30.147475,,12.060369,,2.926376,,,
91278:ApriltagsCameraLog(1):,,,,,,26.228102,,12.009569,,2.975982,,,
91298:ApriltagsCameraLog(1):,,,,,,22.522963,,11.962667,,3.028848,,,
91318:ApriltagsCameraLog(1):,,,,,,19.180373,,11.919098,,3.084496,,,
91338:ApriltagsCameraLog(1):,,,,,,16.109694,,11.871835,,3.151972,,,
91358:ApriltagsCameraLog(1):,,,,,,13.327406,,11.831439,,3.193869,,,
91378:ApriltagsCameraLog(1):,,,,,,10.808791,,11.792370,,3.252239,,,
91398:ApriltagsCameraLog(1):,,,,,,8.529128,,11.715782,,3.306327,,,
91418:ApriltagsCameraLog(1):,,,,,,6.540602,,11.651753,,3.356615,,,
91438:ApriltagsCameraLog(1):,,,,,,4.722365,,11.589694,,3.408867,,,
91458:ApriltagsCameraLog(1):,,,,,,3.137587,,11.527739,,3.463999,,,
91478:ApriltagsCameraLog(1):,,,,,,1.819228,,11.476580,,3.503033,,,
91498:ApriltagsCameraLog(1):,14,4.722365,40.584000,4.722365,4.722365,0.748061,10.999542,11.411169,2.496469,3.555244,213.856886,7531,6.203861
91517:ApriltagsCameraLog(1):,,,,,,-0.133148,,11.339944,,3.601155,,,
91538:ApriltagsCameraLog(1):,,,,,,-0.841766,,11.275046,,3.655327,,,
91558:ApriltagsCameraLog(1):,14,0.748061,29.633000,0.748061,0.748061,-1.380096,11.020708,11.211266,2.573518,3.709452,181.009476,7534,6.193753
91577:ApriltagsCameraLog(1):,,,,,,-1.767073,,11.141179,,3.755681,,,
91598:ApriltagsCameraLog(1):,14,-1.380096,28.200000,-1.380096,-1.380096,-2.143355,10.869281,11.054191,2.609003,3.823076,179.166908,7536,6.033365
91618:ApriltagsCameraLog(1):,14,-2.143355,-6.314000,-2.143355,-2.143355,-2.437659,10.542669,10.998435,2.775443,3.851067,60.042113,7538,5.671346
91638:ApriltagsCameraLog(1):,14,-2.437659,1.186000,-2.437659,-2.437659,-2.630793,10.717027,10.913123,2.766345,3.874235,59.572365,7539,5.840892
91658:ApriltagsCameraLog(1):,14,-2.630793,0.311000,-2.630793,-2.630793,-2.749680,10.613117,10.832935,2.854436,3.897123,55.307765,7540,5.716973
91678:ApriltagsCameraLog(1):,,,,,,-2.851855,,10.753314,,3.920669,,,
91698:ApriltagsCameraLog(1):,14,-2.749680,0.872000,-2.749680,-2.749680,-2.983691,10.536491,10.684632,2.943643,3.977487,57.156512,7542,5.619995
91718:ApriltagsCameraLog(1):,14,-2.983691,20.472000,-2.983691,-2.983691,-3.046793,10.465861,10.607117,2.976652,4.003112,138.312958,7543,5.542766
91737:ApriltagsCameraLog(1):,,,,,,-3.085395,,10.519493,,4.063011,,,
91758:ApriltagsCameraLog(1):,,,,,,-3.088142,,10.468619,,4.108580,,,
91777:ApriltagsCameraLog(1):,,,,,,-3.071662,,10.401196,,4.167822,,,
91798:ApriltagsCameraLog(1):,14,-3.088142,-0.572000,-3.088142,-3.088142,-3.079902,10.222069,10.337754,3.201617,4.230019,48.848043,7547,5.253504
91818:ApriltagsCameraLog(1):,14,-3.079902,-3.718000,-3.079902,-3.079902,-3.066189,10.105584,10.263664,3.256926,4.258474,40.449982,7548,5.127962
91837:ApriltagsCameraLog(1):,,,,,,-3.063475,,10.186072,,4.280391,,,
91858:ApriltagsCameraLog(1):,,,,,,-3.066222,,10.121745,,4.343412,,,
91883:ApriltagsCameraLog(1):,14,-3.066189,-3.465000,-3.066189,-3.465000,-3.101927,9.982818,10.024073,3.384209,4.445240,38.328269,7550,4.982290
91898:ApriltagsCameraLog(1):,,,,,,-3.098507,,9.963352,,4.455238,,,
91917:ApriltagsCameraLog(1):,,,,,,-3.076534,,9.914922,,4.505871,,,
91938:ApriltagsCameraLog(1):,14,-3.098507,-12.869000,-3.098507,-12.869000,-3.002377,9.551604,9.851798,3.646553,4.575877,65.438959,7554,4.512413
91939:ApriltagsCameraLog(1):,13,-3.101927,-2.256000,-3.101927,-2.256000,-3.032171,9.888419,9.842396,4.032324,4.550853,7.610936,7549,1.252165
91958:ApriltagsCameraLog(1):,13,-3.032171,-2.373000,-3.032171,-2.373000,-2.914867,9.829784,9.775713,4.074511,4.564116,7.857724,7550,1.296475
91978:ApriltagsCameraLog(1):,13,-2.914867,-1.526000,-2.914867,-1.526000,-2.843009,9.768545,9.700724,4.166344,4.567457,8.753215,7551,1.335721
91998:ApriltagsCameraLog(1):,13,-2.843009,-3.933000,-2.843009,-3.933000,-2.805314,9.707693,9.630578,4.220947,4.594199,8.978145,7552,1.386965
92018:ApriltagsCameraLog(1):,13,-2.805314,-1.022000,-2.805314,-1.022000,-2.847797,9.681276,9.564713,4.305164,4.625771,9.704736,7553,1.404500
92039:ApriltagsCameraLog(1):,13,-2.847797,-1.000000,-2.847797,-1.000000,-2.775446,9.618243,9.489654,4.365397,4.686601,10.329089,7554,1.464769
92058:ApriltagsCameraLog(1):,13,-2.775446,-1.648000,-2.775446,-1.648000,-2.617807,9.534731,9.428185,4.430981,4.733975,10.438539,7555,1.547612
92078:ApriltagsCameraLog(1):,7,-2.617807,-3.165000,-2.617807,-2.617807,-2.429075,9.109046,9.375296,3.961934,4.768318,77.428536,7561,9.551438
92080:ApriltagsCameraLog(1):,14,-2.617807,11.733000,-2.617807,11.733000,-2.428911,9.305137,9.366460,4.105412,4.750841,74.934012,7561,4.221588
92081:ApriltagsCameraLog(1):,13,-2.617807,-1.208000,-2.617807,-1.208000,-2.390543,9.488996,9.360816,4.502130,4.737427,11.138905,7556,1.595321
92098:ApriltagsCameraLog(1):,7,-2.390543,-4.953000,-2.390543,-2.390543,-2.248593,9.019888,9.312532,4.027632,4.821110,91.226245,7562,9.452269
92100:ApriltagsCameraLog(1):,14,-2.390543,8.896000,-2.390543,8.896000,-2.248256,9.279096,9.304200,4.168062,4.806902,65.027244,7562,4.193565
92102:ApriltagsCameraLog(1):,13,-2.390543,-2.664000,-2.390543,-2.664000,-2.213177,9.439328,9.298826,4.560823,4.791986,10.465104,7557,1.648318
92125:ApriltagsCameraLog(1):,7,-2.213177,-3.319000,-2.213177,-2.213177,-2.025137,9.009334,9.251639,4.122357,4.873710,80.409918,7563,9.425423
92127:ApriltagsCameraLog(1):,14,-2.213177,-0.908000,-2.213177,-0.908000,-2.024759,9.279189,9.243150,4.254018,4.858744,34.520950,7563,4.191941
92128:ApriltagsCameraLog(1):,13,-2.024759,0.121000,-2.024759,0.121000,-2.016364,9.347828,9.238821,4.702532,4.833302,13.420623,7559,1.756205
92139:ApriltagsCameraLog(1):,7,-2.016364,4.936000,-2.016364,-2.016364,-1.712508,9.245085,9.178176,4.142772,4.896125,125.851450,7564,9.654786
92158:ApriltagsCameraLog(1):,7,-1.712508,-3.901000,-1.712508,-1.712508,-1.539242,8.911177,9.113524,4.253048,4.953566,87.105539,7565,9.308174
92160:ApriltagsCameraLog(1):,14,-1.712508,0.695000,-1.712508,0.695000,-1.538780,9.171071,9.106880,4.375648,4.941076,36.829756,7565,4.085430
92161:ApriltagsCameraLog(1):,13,-1.712508,0.432000,-1.712508,0.432000,-1.524691,9.313569,9.103872,4.759316,4.918726,13.834332,7560,1.798929
92179:ApriltagsCameraLog(1):,13,-1.524691,-0.119000,-1.524691,-0.119000,-1.296109,9.241759,9.041207,4.808276,5.032953,13.718720,7561,1.878495
92199:ApriltagsCameraLog(1):,7,-1.296109,-0.387000,-1.296109,-1.296109,-1.116767,8.821087,8.974512,4.310204,5.086624,77.117614,7566,9.211379
92201:ApriltagsCameraLog(1):,14,-1.296109,0.162000,-1.296109,0.162000,-1.115928,9.133969,8.965532,4.427281,5.072282,33.695473,7566,4.050942
92203:ApriltagsCameraLog(1):,13,-1.115928,-0.277000,-1.115928,-0.277000,-1.105415,9.182260,8.963153,4.863799,5.048080,13.633202,7562,1.947250
92218:ApriltagsCameraLog(1):,13,-1.105415,-0.366000,-1.105415,-0.366000,-0.917869,9.140321,8.917744,4.935365,5.089901,14.011594,7563,2.005861
92238:ApriltagsCameraLog(1):,14,-0.917869,0.815000,-0.917869,0.815000,-0.737541,8.974039,8.855289,4.597232,5.146336,33.094698,7569,3.900853
92240:ApriltagsCameraLog(1):,13,-0.917869,-0.350000,-0.917869,-0.350000,-0.726455,9.075017,8.855261,4.985442,5.121135,14.428071,7564,2.081597
92259:ApriltagsCameraLog(1):,14,-0.726455,-0.278000,-0.726455,-0.278000,-0.634133,8.912128,8.793765,4.666082,5.200777,29.008628,7570,3.845445
92260:ApriltagsCameraLog(1):,13,-0.726455,0.942000,-0.726455,0.942000,-0.630252,9.004448,8.793348,5.052794,5.173761,16.736691,7565,2.167942
92278:ApriltagsCameraLog(1):,13,-0.630252,-0.387000,-0.630252,-0.387000,-0.546310,8.967861,8.725213,5.100261,5.255388,15.094562,7566,2.217013
92298:ApriltagsCameraLog(1):,14,-0.546310,0.349000,-0.546310,0.349000,-0.448760,8.854929,8.660412,4.726161,5.308654,29.811133,7571,3.795180
92300:ApriltagsCameraLog(1):,13,-0.448760,-1.241000,-0.448760,-1.241000,-0.441977,8.871280,8.660019,5.162435,5.282486,16.859665,7567,2.327753
92318:ApriltagsCameraLog(1):,14,-0.441977,-1.354000,-0.441977,-1.354000,-0.369717,8.730042,8.591424,4.824993,5.338856,28.883867,7573,3.683721
92319:ApriltagsCameraLog(1):,13,-0.441977,-0.795000,-0.441977,-0.795000,-0.375424,8.841029,8.591886,5.208111,5.313054,16.536067,7568,2.371526
92338:ApriltagsCameraLog(1):,13,-0.375424,0.358000,-0.375424,0.358000,-0.339772,8.776650,8.525085,5.266721,5.392086,17.834782,7569,2.452014
92358:ApriltagsCameraLog(1):,13,-0.339772,0.804000,-0.339772,0.804000,-0.289587,8.715285,8.439584,5.318901,5.459108,19.193071,7570,2.527892
92378:ApriltagsCameraLog(1):,13,-0.289587,1.577000,-0.289587,1.577000,-0.247331,8.648453,8.391223,5.370379,5.498332,21.206076,7571,2.608801
92398:ApriltagsCameraLog(1):,13,-0.247331,1.013000,-0.247331,1.013000,-0.207666,8.599492,8.322067,5.422030,5.549096,20.705445,7572,2.673494
92417:ApriltagsCameraLog(1):,,,,,,-0.168003,,8.255679,,5.598978,,,
92438:ApriltagsCameraLog(1):,14,-0.207666,-0.670000,-0.207666,-0.670000,-0.146030,8.448592,8.157580,5.093940,5.664816,25.790758,7578,3.456382
92458:ApriltagsCameraLog(1):,14,-0.146030,0.453000,-0.146030,0.453000,-0.146800,8.376517,8.103064,5.140665,5.676352,25.628186,7579,3.397468
92478:ApriltagsCameraLog(1):,14,-0.146800,-1.196000,-0.146800,-1.196000,-0.117085,8.310608,8.029832,5.186513,5.699963,26.254278,7580,3.345156
92498:ApriltagsCameraLog(1):,14,-0.117085,-0.345000,-0.117085,-0.345000,-0.064485,8.193430,7.957287,5.297522,5.725740,23.637471,7582,3.263843
92518:ApriltagsCameraLog(1):,14,-0.064485,2.291000,-0.064485,2.291000,0.043698,8.088226,7.887669,5.328216,5.751246,27.661775,7583,3.173532
92539:ApriltagsCameraLog(1):,14,0.043698,0.565000,0.043698,0.565000,0.291678,8.040151,7.775570,5.386744,5.805526,23.339734,7584,3.147914
92558:ApriltagsCameraLog(1):,14,0.291678,2.558000,0.291678,2.558000,0.673035,7.950553,7.745610,5.438715,5.806854,26.579126,7585,3.083547
92578:ApriltagsCameraLog(1):,14,0.673035,2.009000,0.673035,2.009000,1.237888,7.872656,7.674977,5.488401,5.835869,24.094895,7586,3.031908
92598:ApriltagsCameraLog(1):,,,,,,1.924420,,7.583534,,5.874037,,,
92618:ApriltagsCameraLog(1):,,,,,,2.773114,,7.506164,,5.918648,,,
92638:ApriltagsCameraLog(1):,,,,,,3.827801,,7.451883,,5.948240,,,
92658:ApriltagsCameraLog(1):,,,,,,4.995099,,7.374568,,5.989211,,,
92678:ApriltagsCameraLog(1):,,,,,,6.741925,,7.297267,,6.027559,,,
92698:ApriltagsCameraLog(1):,,,,,,7.939434,,7.219318,,6.063875,,,
92718:ApriltagsCameraLog(1):,,,,,,9.636822,,7.139360,,6.098659,,,
92739:ApriltagsCameraLog(1):,7,7.939434,14.261000,7.939434,7.939434,11.905499,7.082504,7.060066,5.611907,6.134844,91.594571,7594,7.389843
92758:ApriltagsCameraLog(1):,,,,,,13.272187,,6.977416,,6.158924,,,
92778:ApriltagsCameraLog(1):,,,,,,15.433747,,6.895265,,6.190606,,,
92798:ApriltagsCameraLog(1):,7,13.272187,28.288000,13.272187,13.272187,17.013032,6.707013,6.814561,5.728993,6.226749,133.161493,7597,7.028866
92818:ApriltagsCameraLog(1):,,,,,,18.404901,,6.729809,,6.254148,,,
92838:ApriltagsCameraLog(1):,7,17.013032,25.184000,17.013032,17.013032,19.544732,6.591358,6.648021,5.801310,6.286124,95.193925,7599,6.923490
92858:ApriltagsCameraLog(1):,,,,,,20.403538,,6.561708,,6.307817,,,
92878:ApriltagsCameraLog(1):,,,,,,21.087437,,6.480577,,6.343349,,,
92898:ApriltagsCameraLog(1):,7,20.403538,29.719000,20.403538,20.403538,21.570835,6.553330,6.399637,5.917683,6.377803,100.771905,7602,6.896453
92918:ApriltagsCameraLog(1):,7,21.570835,22.785000,21.570835,21.570835,21.924738,6.499933,6.317132,6.012444,6.403166,58.088216,7603,6.849871
92938:ApriltagsCameraLog(1):,,,,,,22.222531,,6.237717,,6.427390,,,
92958:ApriltagsCameraLog(1):,,,,,,22.423032,,6.156276,,6.462572,,,
92978:ApriltagsCameraLog(1):,7,21.924738,28.586000,21.924738,21.924738,22.593320,6.288548,6.073273,6.012750,6.497923,83.500436,7605,6.639564
92999:ApriltagsCameraLog(1):,7,22.593320,24.035000,22.593320,22.593320,22.705714,6.301060,5.994513,6.088683,6.530854,57.510755,7606,6.658032
93018:ApriltagsCameraLog(1):,7,22.705714,28.176000,22.705714,22.705714,22.802932,6.194662,5.917487,6.109361,6.562469,76.466822,7607,6.553524
93038:ApriltagsCameraLog(1):,,,,,,22.885901,,5.839471,,6.596337,,,
93058:ApriltagsCameraLog(1):,,,,,,22.935339,,5.760283,,6.638530,,,
93078:ApriltagsCameraLog(1):,7,22.802932,26.542000,22.802932,22.802932,22.968298,6.009925,5.677478,6.216260,6.679099,65.981132,7610,6.378057
93097:ApriltagsCameraLog(1):,,,,,,22.981955,,5.598483,,6.709125,,,
93118:ApriltagsCameraLog(1):,,,,,,23.006674,,5.478038,,6.769669,,,
93138:ApriltagsCameraLog(1):,,,,,,23.047873,,5.433044,,6.782408,,,
93159:ApriltagsCameraLog(1):,7,22.981955,21.436000,22.981955,22.981955,23.047873,5.746503,5.348326,6.369884,6.816385,53.178529,7614,6.132268
93179:ApriltagsCameraLog(1):,7,23.047873,29.053000,23.047873,23.047873,23.039601,5.636553,5.272022,6.399171,6.836777,72.366547,7615,6.026825
93198:ApriltagsCameraLog(1):,7,23.039601,24.047000,23.039601,23.039601,22.992988,5.556666,5.188607,6.411247,6.846252,49.084930,7616,5.949083
93218:ApriltagsCameraLog(1):,7,22.992988,24.934000,22.992988,22.992988,22.987461,5.495505,5.105345,6.454944,6.850383,52.723198,7617,5.894130
93238:ApriltagsCameraLog(1):,7,22.987461,24.556000,22.987461,22.987461,22.921342,5.409644,5.022700,6.481409,6.856157,50.325930,7618,5.812801
93258:ApriltagsCameraLog(1):,7,22.921342,23.248000,22.921342,22.921342,22.907450,5.319854,4.942413,6.513916,6.864213,44.227801,7619,5.728596
93278:ApriltagsCameraLog(1):,7,22.907450,24.332000,22.907450,22.907450,22.920869,5.250094,4.862269,6.521644,6.861839,48.310247,7620,5.660793
93279:ApriltagsCameraLog(1):,9,22.907450,31.641000,22.907450,22.907450,22.920597,5.225061,4.867923,6.516883,6.850223,107.889425,7620,7.573944
93299:ApriltagsCameraLog(1):,7,22.920597,23.558000,22.920597,22.920597,22.958927,5.183391,4.761058,6.569206,6.858222,44.485940,7621,5.602537
