472547:ApriltagsCameraLog(1):,tag,last yaw,cam yaw,calc yaw,update yaw, est yaw,x,est x,y,est y,adjust,frame,dist
472564:ApriltagsCameraLog(1):,,,,,,128.222169,,14.876771,,1.129643,,,
472584:ApriltagsCameraLog(1):,,,,,,128.117799,,14.877800,,1.125639,,,
472603:ApriltagsCameraLog(1):,,,,,,128.018922,,14.878692,,1.122221,,,
472623:ApriltagsCameraLog(1):,,,,,,127.944764,,14.878837,,1.119516,,,
472643:ApriltagsCameraLog(1):,,,,,,127.881593,,14.878973,,1.117414,,,
472663:ApriltagsCameraLog(1):,,,,,,127.854127,,14.878984,,1.114995,,,
472685:ApriltagsCameraLog(1):,,,,,,127.840394,,14.878993,,1.112878,,,
472703:ApriltagsCameraLog(1):,,,,,,127.870606,,14.878994,,1.112877,,,
472723:ApriltagsCameraLog(1):,,,,,,127.881593,,14.878972,,1.115901,,,
472744:ApriltagsCameraLog(1):,,,,,,127.895326,,14.878670,,1.122834,,,
472763:ApriltagsCameraLog(1):,,,,,,127.832154,,14.877626,,1.134518,,,
472783:ApriltagsCameraLog(1):,,,,,,127.768983,,14.876024,,1.151891,,,
472803:ApriltagsCameraLog(1):,,,,,,127.703065,,14.874064,,1.173161,,,
472823:ApriltagsCameraLog(1):,,,,,,127.587709,,14.867622,,1.195659,,,
472844:ApriltagsCameraLog(1):,,,,,,127.458619,,14.860686,,1.221385,,,
472864:ApriltagsCameraLog(1):,,,,,,127.431153,,14.843662,,1.252226,,,
472884:ApriltagsCameraLog(1):,,,,,,127.398194,,14.824982,,1.286701,,,
472903:ApriltagsCameraLog(1):,,,,,,127.329530,,14.807896,,1.321022,,,
472923:ApriltagsCameraLog(1):,,,,,,126.931275,,14.789275,,1.356843,,,
472943:ApriltagsCameraLog(1):,,,,,,126.799440,,14.759552,,1.394282,,,
472963:ApriltagsCameraLog(1):,,,,,,126.392945,,14.725226,,1.429197,,,
472984:ApriltagsCameraLog(1):,,,,,,126.170472,,14.690513,,1.464999,,,
473003:ApriltagsCameraLog(1):,,,,,,125.958985,,14.651939,,1.505059,,,
473024:ApriltagsCameraLog(1):,,,,,,125.720033,,14.612624,,1.545249,,,
473045:ApriltagsCameraLog(1):,11,126.170472,119.377000,126.170472,119.377000,125.475587,14.691936,14.571989,1.600816,1.587107,41.315557,59982,3.450269
473063:ApriltagsCameraLog(1):,,,,,,125.336762,,14.533352,,1.632548,,,
473085:ApriltagsCameraLog(1):,,,,,,125.040131,,14.490311,,1.676702,,,
473104:ApriltagsCameraLog(1):,,,,,,124.952240,,14.446145,,1.722294,,,
473124:ApriltagsCameraLog(1):,,,,,,124.729767,,14.402734,,1.767354,,,
473143:ApriltagsCameraLog(1):,,,,,,124.647370,,14.356906,,1.813844,,,
473163:ApriltagsCameraLog(1):,,,,,,124.515534,,14.308286,,1.862248,,,
473184:ApriltagsCameraLog(1):,1,124.952240,111.021000,124.952240,111.021000,124.320526,14.457252,14.260648,1.441506,1.909921,25.137021,59993,1.687982
473186:ApriltagsCameraLog(1):,2,124.952240,149.582000,124.952240,149.582000,124.211437,14.558074,14.265865,1.454503,1.889055,41.921493,59993,1.888203
473204:ApriltagsCameraLog(1):,,,,,,124.178367,,14.219154,,1.925418,,,
473224:ApriltagsCameraLog(1):,1,124.211437,110.757000,124.211437,110.757000,124.101463,14.403146,14.167103,1.524818,1.974998,26.378068,59995,1.780814
473225:ApriltagsCameraLog(1):,2,124.211437,149.463000,124.211437,149.463000,123.997665,14.495398,14.175090,1.549504,1.956112,45.517246,59995,1.989015
473244:ApriltagsCameraLog(1):,1,123.997665,110.174000,123.997665,110.174000,123.865403,14.319237,14.126727,1.595265,1.994332,28.519389,59997,1.871379
473246:ApriltagsCameraLog(1):,2,123.997665,149.157000,123.997665,149.157000,123.767260,14.416335,14.132898,1.613835,1.977853,48.223994,59997,2.089480
473263:ApriltagsCameraLog(1):,,,,,,123.645246,,14.083191,,2.013947,,,
473284:ApriltagsCameraLog(1):,1,123.767260,110.156000,123.767260,110.156000,123.420026,14.184796,14.026415,1.720727,2.064038,31.305092,60000,2.032318
473285:ApriltagsCameraLog(1):,2,123.767260,148.550000,123.767260,148.550000,123.333641,14.283686,14.033137,1.728541,2.049695,52.525273,60000,2.262620
473304:ApriltagsCameraLog(1):,,,,,,123.189036,,13.980656,,2.089681,,,
473344:ApriltagsCameraLog(1):,1,123.333641,110.632000,123.333641,110.632000,122.604014,14.136585,13.867821,1.771641,2.185847,31.246966,60001,2.095523
473352:ApriltagsCameraLog(1):,2,123.333641,147.992000,123.333641,147.992000,122.521883,14.225819,13.873714,1.782056,2.172537,54.442273,60001,2.338533
473384:ApriltagsCameraLog(1):,1,122.521883,110.276000,122.521883,110.276000,121.996426,14.119044,13.753335,1.813585,2.254029,31.388990,60002,2.138753
473386:ApriltagsCameraLog(1):,2,122.521883,148.035000,122.521883,148.035000,121.913972,14.200374,13.761241,1.844352,2.241637,57.286353,60002,2.391380
473403:ApriltagsCameraLog(1):,,,,,,121.695447,,13.704645,,2.278985,,,
473424:ApriltagsCameraLog(1):,1,121.913972,108.977000,121.913972,108.977000,121.390576,13.964288,13.639561,1.911829,2.323483,35.056750,60005,2.285494
473426:ApriltagsCameraLog(1):,2,121.913972,147.605000,121.913972,147.605000,121.314837,14.052210,13.648544,1.939375,2.310351,62.504175,60005,2.564072
473443:ApriltagsCameraLog(1):,,,,,,121.074350,,13.588063,,2.346600,,,
473464:ApriltagsCameraLog(1):,1,121.314837,109.001000,121.314837,109.001000,120.725534,13.863230,13.522659,1.991469,2.388426,36.098848,60007,2.397223
473466:ApriltagsCameraLog(1):,2,121.314837,147.056000,121.314837,147.056000,120.654890,13.948013,13.530400,2.021449,2.376773,66.294917,60007,2.693577
473483:ApriltagsCameraLog(1):,,,,,,120.384929,,13.468091,,2.412414,,,
473504:ApriltagsCameraLog(1):,1,120.654890,107.872000,120.654890,107.872000,119.983928,13.752380,13.400475,2.087333,2.456935,39.257863,60009,2.528911
473524:ApriltagsCameraLog(1):,1,119.983928,108.039000,119.983928,108.039000,119.710474,13.593408,13.341988,2.233277,2.491329,41.313678,60011,2.728259
473544:ApriltagsCameraLog(1):,1,119.710474,107.593000,119.710474,107.593000,119.013363,13.577931,13.276382,2.186945,2.525251,41.023077,60012,2.693477
473564:ApriltagsCameraLog(1):,1,119.013363,105.622000,119.013363,105.622000,118.499705,13.512840,13.207461,2.240086,2.551284,44.792409,60013,2.768640
473583:ApriltagsCameraLog(1):,,,,,,117.907020,,13.140938,,2.578287,,,
473604:ApriltagsCameraLog(1):,1,118.499705,133.284000,118.499705,133.284000,117.354957,13.359896,13.069329,2.329700,2.613689,50.463582,60015,2.920139
473623:ApriltagsCameraLog(1):,,,,,,116.918288,,12.994566,,2.634366,,,
473643:ApriltagsCameraLog(1):,,,,,,116.651869,,12.918830,,2.660762,,,
473663:ApriltagsCameraLog(1):,,,,,,116.102553,,12.840239,,2.676979,,,
473685:ApriltagsCameraLog(1):,1,117.354957,104.234000,117.354957,104.234000,115.347243,13.173416,12.761281,2.375249,2.694369,49.522126,60018,3.052340
473705:ApriltagsCameraLog(1):,,,,,,114.754748,,12.688394,,2.706125,,,
473726:ApriltagsCameraLog(1):,1,115.347243,104.090000,115.347243,104.090000,114.252123,13.082581,12.609787,2.421340,2.725038,46.890835,60020,3.132345
473744:ApriltagsCameraLog(1):,,,,,,113.700862,,12.539345,,2.730896,,,
473763:ApriltagsCameraLog(1):,1,114.252123,119.641000,114.252123,119.641000,113.200984,12.829936,12.456026,2.508788,2.737701,36.556239,60023,3.344372
473784:ApriltagsCameraLog(1):,1,113.200984,102.068000,113.200984,102.068000,112.751040,12.806301,12.382041,2.478863,2.734512,49.953677,60024,3.329722
473804:ApriltagsCameraLog(1):,1,112.751040,101.984000,112.751040,101.984000,112.242117,12.743769,12.309159,2.491618,2.736613,49.852846,60025,3.375719
473823:ApriltagsCameraLog(1):,,,,,,111.757080,,12.235543,,2.736256,,,
473844:ApriltagsCameraLog(1):,1,112.242117,101.623000,112.242117,101.623000,111.345093,12.671151,12.151753,2.491661,2.742447,50.199120,60026,3.418239
473863:ApriltagsCameraLog(1):,,,,,,111.099989,,12.077531,,2.739926,,,
473884:ApriltagsCameraLog(1):,1,111.345093,106.885000,111.345093,106.885000,110.490248,12.479559,11.993390,2.567886,2.745461,37.243541,60028,3.594511
473904:ApriltagsCameraLog(1):,,,,,,110.112196,,11.919488,,2.745088,,,
473924:ApriltagsCameraLog(1):,,,,,,109.755140,,11.835139,,2.751926,,,
473944:ApriltagsCameraLog(1):,,,,,,109.571119,,11.749504,,2.757512,,,
473965:ApriltagsCameraLog(1):,,,,,,109.060255,,11.663789,,2.761754,,,
473984:ApriltagsCameraLog(1):,,,,,,108.678480,,11.579618,,2.766598,,,
474004:ApriltagsCameraLog(1):,,,,,,108.302198,,11.492767,,2.772201,,,
474024:ApriltagsCameraLog(1):,,,,,,107.936903,,11.408246,,2.776146,,,
474043:ApriltagsCameraLog(1):,,,,,,107.538649,,11.322547,,2.780719,,,
474064:ApriltagsCameraLog(1):,,,,,,107.332655,,11.234964,,2.783965,,,
474083:ApriltagsCameraLog(1):,,,,,,106.744886,,11.148919,,2.787715,,,
474103:ApriltagsCameraLog(1):,,,,,,106.327406,,11.061704,,2.792336,,,
474125:ApriltagsCameraLog(1):,,,,,,105.940138,,10.973616,,2.797608,,,
474163:ApriltagsCameraLog(1):,,,,,,105.344130,,10.798505,,2.805818,,,
474185:ApriltagsCameraLog(1):,,,,,,104.731642,,10.707933,,2.810325,,,
474204:ApriltagsCameraLog(1):,,,,,,104.347120,,10.621931,,2.815343,,,
474223:ApriltagsCameraLog(1):,,,,,,104.157606,,10.534695,,2.819939,,,
474245:ApriltagsCameraLog(1):,,,,,,103.641249,,10.446886,,2.825103,,,
474264:ApriltagsCameraLog(1):,,,,,,103.275953,,10.359962,,2.829816,,,
474284:ApriltagsCameraLog(1):,,,,,,102.902418,,10.271866,,2.835184,,,
474304:ApriltagsCameraLog(1):,,,,,,102.567335,,10.184104,,2.841072,,,
474324:ApriltagsCameraLog(1):,,,,,,102.267958,,10.096981,,2.847394,,,
474343:ApriltagsCameraLog(1):,,,,,,101.971327,,10.008586,,2.852602,,,
474363:ApriltagsCameraLog(1):,,,,,,101.671949,,9.921938,,2.856700,,,
474383:ApriltagsCameraLog(1):,,,,,,101.367079,,9.833808,,2.861352,,,
474403:ApriltagsCameraLog(1):,,,,,,101.062208,,9.743588,,2.866564,,,
474425:ApriltagsCameraLog(1):,,,,,,100.746351,,9.655744,,2.870639,,,
474443:ApriltagsCameraLog(1):,,,,,,100.587050,,9.567014,,2.875146,,,
474463:ApriltagsCameraLog(1):,,,,,,100.254713,,9.475517,,2.878799,,,
474484:ApriltagsCameraLog(1):,,,,,,99.697157,,9.387372,,2.882977,,,
474503:ApriltagsCameraLog(1):,,,,,,99.340101,,9.297753,,2.887952,,,
474524:ApriltagsCameraLog(1):,,,,,,98.966566,,9.207564,,2.893547,,,
474544:ApriltagsCameraLog(1):,,,,,,98.590284,,9.117654,,2.898590,,,
474564:ApriltagsCameraLog(1):,,,,,,98.411757,,9.027696,,2.902810,,,
474583:ApriltagsCameraLog(1):,,,,,,98.038221,,8.937155,,2.907474,,,
474604:ApriltagsCameraLog(1):,,,,,,97.486158,,8.846654,,2.912891,,,
474624:ApriltagsCameraLog(1):,,,,,,97.131849,,8.757033,,2.917849,,,
474643:ApriltagsCameraLog(1):,,,,,,96.708876,,8.667748,,2.923387,,,
474663:ApriltagsCameraLog(1):,,,,,,96.480909,,8.580324,,2.929527,,,
474683:ApriltagsCameraLog(1):,,,,,,95.879408,,8.493249,,2.936282,,,
474704:ApriltagsCameraLog(1):,,,,,,94.341322,,8.407217,,2.944541,,,
474723:ApriltagsCameraLog(1):,,,,,,94.080397,,8.321019,,2.954154,,,
474745:ApriltagsCameraLog(1):,,,,,,91.734816,,8.239950,,2.956274,,,
474763:ApriltagsCameraLog(1):,,,,,,90.056654,,8.156592,,2.961273,,,
474784:ApriltagsCameraLog(1):,,,,,,88.573500,,8.075802,,2.968405,,,
474803:ApriltagsCameraLog(1):,,,,,,85.730787,,7.997716,,2.978182,,,
474823:ApriltagsCameraLog(1):,,,,,,83.231398,,7.920850,,2.992878,,,
474843:ApriltagsCameraLog(1):,,,,,,80.454603,,7.844993,,3.010841,,,
474863:ApriltagsCameraLog(1):,,,,,,77.331739,,7.772958,,3.033652,,,
474883:ApriltagsCameraLog(1):,,,,,,73.893019,,7.703012,,3.059841,,,
474903:ApriltagsCameraLog(1):,,,,,,70.193373,,7.635884,,3.089747,,,
474923:ApriltagsCameraLog(1):,,,,,,66.221815,,7.571173,,3.123953,,,
474944:ApriltagsCameraLog(1):,,,,,,64.087721,,7.506331,,3.151842,,,
474964:ApriltagsCameraLog(1):,,,,,,57.402540,,7.441643,,3.176077,,,
474983:ApriltagsCameraLog(1):,,,,,,52.719618,,7.380369,,3.205926,,,
475003:ApriltagsCameraLog(1):,,,,,,47.957045,,7.321054,,3.240583,,,
475024:ApriltagsCameraLog(1):,,,,,,43.466383,,7.260520,,3.277065,,,
475044:ApriltagsCameraLog(1):,,,,,,39.571730,,7.203924,,3.316786,,,
475083:ApriltagsCameraLog(1):,,,,,,31.895033,,7.087659,,3.401518,,,
475104:ApriltagsCameraLog(1):,,,,,,27.769667,,7.034756,,3.448522,,,
475124:ApriltagsCameraLog(1):,,,,,,23.718458,,6.984074,,3.500004,,,
475143:ApriltagsCameraLog(1):,,,,,,19.873243,,6.934091,,3.552429,,,
475163:ApriltagsCameraLog(1):,,,,,,16.154371,,6.882738,,3.601068,,,
475184:ApriltagsCameraLog(1):,,,,,,12.858473,,6.835651,,3.649537,,,
475204:ApriltagsCameraLog(1):,,,,,,9.878431,,6.791740,,3.701638,,,
475224:ApriltagsCameraLog(1):,,,,,,7.134596,,6.739836,,3.751092,,,
475245:ApriltagsCameraLog(1):,,,,,,4.621473,,6.689239,,3.802875,,,
475263:ApriltagsCameraLog(1):,,,,,,2.451674,,6.632419,,3.848444,,,
475283:ApriltagsCameraLog(1):,,,,,,0.526320,,6.576499,,3.896011,,,
475303:ApriltagsCameraLog(1):,,,,,,-1.206774,,6.522248,,3.945481,,,
475323:ApriltagsCameraLog(1):,,,,,,-2.624010,,6.468768,,3.996634,,,
475345:ApriltagsCameraLog(1):,,,,,,-3.936876,,6.410482,,4.044788,,,
475364:ApriltagsCameraLog(1):,,,,,,-5.065721,,6.346359,,4.086420,,,
475384:ApriltagsCameraLog(1):,,,,,,-6.068224,,6.282915,,4.129513,,,
475403:ApriltagsCameraLog(1):,,,,,,-7.046007,,6.220999,,4.172841,,,
475424:ApriltagsCameraLog(1):,,,,,,-7.999071,,6.153221,,4.210246,,,
475443:ApriltagsCameraLog(1):,,,,,,-8.886217,,6.086600,,4.248469,,,
475464:ApriltagsCameraLog(1):,14,-6.068224,-9.621000,-6.068224,-9.621000,-9.776110,6.763312,6.016060,3.930721,4.282197,14.476739,60107,1.710219
475483:ApriltagsCameraLog(1):,,,,,,-10.714299,,6.006701,,4.293090,,,
475504:ApriltagsCameraLog(1):,14,-9.776110,-11.290000,-9.776110,-11.290000,-11.620671,6.643958,5.941121,3.946109,4.327350,11.089360,60109,1.578911
475523:ApriltagsCameraLog(1):,,,,,,-12.609687,,5.943048,,4.327350,,,
475544:ApriltagsCameraLog(1):,7,-11.620671,-14.623000,-11.620671,-11.620671,-13.573737,6.380254,5.874775,4.338810,4.358145,66.545266,60111,6.772437
475546:ApriltagsCameraLog(1):,14,-11.620671,-13.524000,-11.620671,-13.524000,-13.577377,6.501157,5.882788,3.994010,4.360965,9.973382,60111,1.422331
475584:ApriltagsCameraLog(1):,,,,,,-14.943233,,5.804882,,4.374766,,,
475603:ApriltagsCameraLog(1):,,,,,,-16.201167,,5.734509,,4.402429,,,
475624:ApriltagsCameraLog(1):,,,,,,-16.610408,,5.660724,,4.425066,,,
475644:ApriltagsCameraLog(1):,,,,,,-17.645870,,5.587790,,4.448400,,,
475664:ApriltagsCameraLog(1):,7,-14.943233,-21.772000,-14.943233,-14.943233,-17.923274,6.040880,5.512239,4.763424,4.468148,80.375738,60117,6.345115
475705:ApriltagsCameraLog(1):,7,-17.923274,-9.838000,-17.923274,-17.923274,-19.124404,6.318114,5.369128,4.615227,4.518847,90.520881,60119,6.631532
475744:ApriltagsCameraLog(1):,,,,,,-20.024179,,5.233810,,4.565712,,,
475763:ApriltagsCameraLog(1):,,,,,,-20.430673,,5.158846,,4.585755,,,
475783:ApriltagsCameraLog(1):,,,,,,-20.881113,,5.083726,,4.606388,,,
475804:ApriltagsCameraLog(1):,,,,,,-21.073373,,5.008730,,4.627454,,,
475824:ApriltagsCameraLog(1):,,,,,,-21.224435,,4.934043,,4.648525,,,
475843:ApriltagsCameraLog(1):,,,,,,-21.370004,,4.860275,,4.669520,,,
475864:ApriltagsCameraLog(1):,,,,,,-21.471628,,4.787848,,4.692026,,,
475884:ApriltagsCameraLog(1):,,,,,,-21.565012,,4.715453,,4.714624,,,
475903:ApriltagsCameraLog(1):,,,,,,-21.683115,,4.643093,,4.737332,,,
475924:ApriltagsCameraLog(1):,7,-21.370004,-26.037000,-21.370004,-21.370004,-21.762766,5.165971,4.569341,4.948278,4.760666,59.243562,60130,5.424054
475944:ApriltagsCameraLog(1):,,,,,,-21.847636,,4.509460,,4.792261,,,
475964:ApriltagsCameraLog(1):,7,-21.762766,-23.960000,-21.762766,-21.762766,-21.924540,5.032471,4.436519,4.958754,4.816177,47.948559,60132,5.288876
475971:ApriltagsCameraLog(1):,8,-21.762766,-22.463000,-21.762766,-21.762766,-21.924970,4.916998,4.450773,4.967544,4.824743,40.526268,60132,5.109273
476003:ApriltagsCameraLog(1):,7,-21.924970,-24.783000,-21.924970,-21.924970,-21.963929,4.874838,4.315385,5.026337,4.882904,48.826028,60134,5.121648
476005:ApriltagsCameraLog(1):,8,-21.924970,-23.375000,-21.924970,-23.375000,-21.964387,4.780788,4.327301,5.030220,4.891454,42.082084,60134,4.969102
476044:ApriltagsCameraLog(1):,7,-21.964387,-24.504000,-21.964387,-21.964387,-21.804233,4.784053,4.190302,5.070381,4.949075,46.646852,60136,5.024949
476084:ApriltagsCameraLog(1):,7,-21.804233,-25.880000,-21.804233,-25.880000,-21.400546,4.659435,4.059333,5.104150,5.007756,50.924976,60137,4.897398
476085:ApriltagsCameraLog(1):,8,-21.804233,-25.018000,-21.804233,-25.018000,-21.415848,4.576921,4.069894,5.105475,5.015644,46.384355,60137,4.762881
476103:ApriltagsCameraLog(1):,,,,,,-21.288799,,4.004614,,5.048935,,,
476126:ApriltagsCameraLog(1):,7,-21.415848,-24.403000,-21.415848,-24.403000,-20.766949,4.496485,3.931652,5.179224,5.073569,45.217319,60140,4.727120
476128:ApriltagsCameraLog(1):,8,-21.415848,-24.389000,-21.415848,-24.389000,-20.778885,4.378048,3.945297,5.181647,5.081381,43.475086,60140,4.563948
476144:ApriltagsCameraLog(1):,7,-20.778885,-24.528000,-20.778885,-24.528000,-20.362711,4.337175,3.881040,5.250804,5.116725,46.060937,60142,4.562627
476146:ApriltagsCameraLog(1):,8,-20.778885,-23.863000,-20.778885,-23.863000,-20.376398,4.235611,3.892441,5.248516,5.125030,42.380902,60142,4.423889
476164:ApriltagsCameraLog(1):,7,-20.376398,-23.742000,-20.376398,-23.742000,-20.154621,4.275001,3.826631,5.262022,5.161555,44.121203,60143,4.501376
476184:ApriltagsCameraLog(1):,7,-20.154621,-22.818000,-20.154621,-22.818000,-19.372776,4.135455,3.764749,5.278923,5.196450,40.389345,60145,4.361826
476203:ApriltagsCameraLog(1):,,,,,,-19.096932,,3.703893,,5.228719,,,
476224:ApriltagsCameraLog(1):,7,-19.372776,-22.713000,-19.372776,-22.713000,-18.157601,4.061270,3.630760,5.314672,5.253292,41.753364,60146,4.287356
476264:ApriltagsCameraLog(1):,7,-18.157601,-23.004000,-18.157601,-23.004000,-17.204776,3.990591,3.493130,5.402103,5.303799,45.584160,60147,4.212981
476283:ApriltagsCameraLog(1):,,,,,,-16.592152,,3.426438,,5.331995,,,
476304:ApriltagsCameraLog(1):,7,-17.204776,-21.710000,-17.204776,-21.710000,-16.023609,3.887423,3.350296,5.421870,5.351516,43.372462,60149,4.112659
476330:ApriltagsCameraLog(1):,13,-16.023609,-20.476000,-16.023609,-16.023609,-15.157310,4.280100,3.285712,4.214055,5.376702,75.182121,60144,6.877568
476344:ApriltagsCameraLog(1):,7,-15.157310,-20.555000,-15.157310,-20.555000,-14.562767,3.760089,3.225379,5.502498,5.360315,44.503481,60151,3.987837
476345:ApriltagsCameraLog(1):,13,-14.562767,-7.302000,-14.562767,-14.562767,-14.579448,4.211295,3.236801,4.249029,5.369141,90.613488,60146,6.937099
476364:ApriltagsCameraLog(1):,7,-14.579448,-19.335000,-14.579448,-19.335000,-13.979153,3.606511,3.174532,5.494212,5.349695,40.878534,60153,3.837979
476384:ApriltagsCameraLog(1):,7,-13.979153,-18.475000,-13.979153,-18.475000,-13.468286,3.532358,3.106961,5.506452,5.360560,39.320707,60154,3.765687
476386:ApriltagsCameraLog(1):,8,-13.979153,-18.472000,-13.979153,-18.472000,-13.486729,3.431383,3.118059,5.503030,5.369810,38.100908,60154,3.661182
476404:ApriltagsCameraLog(1):,7,-13.486729,-20.930000,-13.486729,-20.930000,-13.090913,3.473604,3.043678,5.519939,5.379383,46.513233,60155,3.708179
476406:ApriltagsCameraLog(1):,8,-13.486729,-19.071000,-13.486729,-19.071000,-13.119155,3.370868,3.052675,5.517507,5.387590,40.260462,60155,3.604254
476408:ApriltagsCameraLog(1):,15,-13.119155,-14.729000,-13.119155,-14.729000,-13.142432,3.332889,3.057957,5.217968,5.394232,8.499236,60150,1.290089
476424:ApriltagsCameraLog(1):,7,-13.142432,-19.603000,-13.142432,-19.603000,-12.956692,3.425056,2.995717,5.500235,5.363599,43.296294,60156,3.662880
476426:ApriltagsCameraLog(1):,8,-13.142432,-17.767000,-13.142432,-17.767000,-12.983217,3.319518,3.005338,5.499649,5.370187,37.186011,60156,3.553385
476444:ApriltagsCameraLog(1):,15,-12.983217,-14.776000,-12.983217,-14.776000,-12.397119,3.188202,2.931379,5.250434,5.374938,10.020203,60152,1.437112
476484:ApriltagsCameraLog(1):,7,-12.983217,-17.747000,-12.983217,-17.747000,-11.604261,3.328847,2.788677,5.487756,5.345909,37.722133,60157,3.568807
476503:ApriltagsCameraLog(1):,15,-11.604261,-13.676000,-11.604261,-13.676000,-11.183816,3.113809,2.709206,5.229486,5.365378,10.821592,60153,1.495550
476525:ApriltagsCameraLog(1):,7,-11.183816,-15.292000,-11.183816,-15.292000,-10.866407,3.120543,2.649506,5.507868,5.337190,33.770385,60160,3.367092
476527:ApriltagsCameraLog(1):,8,-11.183816,-16.074000,-11.183816,-16.074000,-10.884781,3.029643,2.661097,5.504416,5.346298,34.533809,60160,3.274041
476529:ApriltagsCameraLog(1):,15,-10.884781,-14.618000,-10.884781,-14.618000,-10.907147,2.948183,2.666949,5.230007,5.354048,14.028840,60155,1.651907
476544:ApriltagsCameraLog(1):,7,-10.907147,-16.166000,-10.907147,-16.166000,-10.649605,2.997410,2.601501,5.487384,5.332533,35.065030,60162,3.247515
476545:ApriltagsCameraLog(1):,8,-10.907147,-15.758000,-10.907147,-15.758000,-10.676398,2.902265,2.612495,5.488955,5.340487,32.934870,60162,3.147136
476564:ApriltagsCameraLog(1):,15,-10.676398,-11.476000,-10.676398,-11.476000,-10.430378,2.852239,2.546489,5.236263,5.344877,11.839808,60157,1.745399
476584:ApriltagsCameraLog(1):,7,-10.430378,-15.084000,-10.430378,-15.084000,-10.200196,2.900721,2.490955,5.476281,5.324819,32.582097,60163,3.154355
476586:ApriltagsCameraLog(1):,8,-10.430378,-15.149000,-10.430378,-15.149000,-10.224305,2.825844,2.499997,5.472442,5.332921,31.755576,60163,3.071888
476588:ApriltagsCameraLog(1):,15,-10.224305,-10.540000,-10.224305,-10.540000,-10.249293,2.635148,2.504448,5.252497,5.340373,13.064255,60159,1.958056
476604:ApriltagsCameraLog(1):,7,-10.249293,-14.943000,-10.249293,-14.943000,-10.119048,2.764873,2.435838,5.461129,5.324773,31.111262,60165,3.021648
476605:ApriltagsCameraLog(1):,8,-10.249293,-15.505000,-10.249293,-15.505000,-10.146608,2.686174,2.444677,5.460002,5.332151,31.213415,60165,2.932519
476607:ApriltagsCameraLog(1):,15,-10.146608,-11.241000,-10.146608,-11.241000,-10.177480,2.635022,2.448325,5.254776,5.339358,14.052654,60160,1.958306
476624:ApriltagsCameraLog(1):,7,-10.177480,-14.079000,-10.177480,-14.079000,-9.934097,2.708695,2.392852,5.438618,5.326684,28.845906,60166,2.968773
476626:ApriltagsCameraLog(1):,8,-10.177480,-14.585000,-10.177480,-14.585000,-9.959224,2.624290,2.402383,5.438290,5.333645,28.752040,60166,2.869534
476627:ApriltagsCameraLog(1):,15,-9.959224,-11.809000,-9.959224,-11.809000,-9.987754,2.541924,2.406015,5.246073,5.340009,15.843755,60161,2.046314
476644:ApriltagsCameraLog(1):,7,-9.987754,-14.242000,-9.987754,-14.242000,-9.672814,2.625470,2.351644,5.441799,5.327606,28.639991,60167,2.886532
476645:ApriltagsCameraLog(1):,8,-9.987754,-14.085000,-9.987754,-14.085000,-9.700049,2.551702,2.359600,5.438985,5.334844,27.326825,60167,2.798064
476664:ApriltagsCameraLog(1):,15,-9.700049,-11.397000,-9.700049,-11.397000,-9.628368,2.483482,2.313925,5.245984,5.340368,16.161918,60162,2.102151
476704:ApriltagsCameraLog(1):,7,-9.628368,-13.390000,-9.628368,-13.390000,-9.114284,2.590084,2.235291,5.428547,5.327424,27.297669,60168,2.854509
476705:ApriltagsCameraLog(1):,8,-9.628368,-14.878000,-9.628368,-14.878000,-9.137767,2.506553,2.245125,5.434047,5.333696,29.027192,60168,2.754335
476724:ApriltagsCameraLog(1):,15,-9.137767,-7.684000,-9.137767,-7.684000,-8.730430,2.365591,2.220745,5.224563,5.338699,16.820645,60164,2.210711
476745:ApriltagsCameraLog(1):,7,-8.730430,-14.272000,-8.730430,-14.272000,-8.463970,2.449892,2.195805,5.450399,5.326076,29.107801,60170,2.716124
476747:ApriltagsCameraLog(1):,8,-8.730430,-13.701000,-8.730430,-13.701000,-8.495122,2.377512,2.202108,5.451435,5.333745,27.021231,60170,2.631196
476748:ApriltagsCameraLog(1):,15,-8.495122,-9.505000,-8.495122,-9.505000,-8.524237,2.255603,2.203668,5.203953,5.341411,17.061031,60166,2.312014
476766:ApriltagsCameraLog(1):,7,-8.524237,-13.404000,-8.524237,-13.404000,-8.295946,2.321494,2.181637,5.440122,5.326882,26.378580,60172,2.590978
476767:ApriltagsCameraLog(1):,8,-8.524237,-13.536000,-8.524237,-13.536000,-8.328017,2.244189,2.186286,5.438759,5.334667,25.498682,60172,2.498225
476769:ApriltagsCameraLog(1):,15,-8.328017,-9.055000,-8.328017,-9.055000,-8.361965,2.159524,2.185348,5.221024,5.341841,17.452851,60168,2.408756
476784:ApriltagsCameraLog(1):,7,-8.361965,-12.925000,-8.361965,-12.925000,-7.794349,2.217503,2.174742,5.418491,5.329659,24.661288,60174,2.491771
476786:ApriltagsCameraLog(1):,8,-8.361965,-13.043000,-8.361965,-13.043000,-7.828801,2.146510,2.175478,5.418311,5.336033,23.782633,60174,2.399945
476804:ApriltagsCameraLog(1):,15,-7.828801,-8.452000,-7.828801,-8.452000,-7.324136,2.069497,2.164256,5.223718,5.341704,18.020704,60170,2.495442
476824:ApriltagsCameraLog(1):,7,-7.828801,-12.482000,-7.828801,-12.482000,-7.087213,2.167686,2.139910,5.423412,5.329548,24.250897,60175,2.443737
476826:ApriltagsCameraLog(1):,8,-7.828801,-12.646000,-7.828801,-12.646000,-7.119888,2.101504,2.149018,5.421163,5.346737,23.502954,60175,2.357743
476828:ApriltagsCameraLog(1):,13,-7.119888,4.458000,-7.119888,-7.119888,-7.153969,2.712904,2.142449,4.586723,5.352031,138.427248,60171,8.394045
476829:ApriltagsCameraLog(1):,15,-7.119888,-7.933000,-7.119888,-7.933000,-7.152755,2.010625,2.150147,5.200659,5.341135,18.782777,60171,2.546296
476844:ApriltagsCameraLog(1):,7,-7.152755,-11.505000,-7.152755,-11.505000,-6.528995,2.090854,2.130640,5.418295,5.327676,22.918164,60177,2.371043
476845:ApriltagsCameraLog(1):,8,-7.152755,-12.129000,-7.152755,-12.129000,-6.562032,2.023391,2.125643,5.417114,5.334408,22.855232,60177,2.282624
476847:ApriltagsCameraLog(1):,15,-6.562032,-6.131000,-6.562032,-6.131000,-6.600285,1.973520,2.115793,5.221973,5.340337,18.429689,60172,2.583517
476884:ApriltagsCameraLog(1):,7,-6.600285,-11.211000,-6.600285,-11.211000,-5.958636,2.082578,2.092052,5.401565,5.327395,23.289473,60178,2.367499
476886:ApriltagsCameraLog(1):,8,-6.600285,-10.897000,-6.600285,-10.897000,-5.991811,2.015603,2.089668,5.406693,5.332803,21.747894,60178,2.276477
476904:ApriltagsCameraLog(1):,15,-5.991811,-7.375000,-5.991811,-7.375000,-5.735762,1.945446,2.076882,5.189930,5.338062,20.293665,60173,2.603469
476925:ApriltagsCameraLog(1):,7,-5.735762,-9.751000,-5.735762,-9.751000,-5.464722,2.010480,2.060423,5.407832,5.324948,21.564911,60180,2.298345
476926:ApriltagsCameraLog(1):,8,-5.735762,-10.657000,-5.735762,-10.657000,-5.494481,1.942237,2.055062,5.408596,5.331583,21.872981,60180,2.207370
476944:ApriltagsCameraLog(1):,15,-5.494481,-6.209000,-5.494481,-6.209000,-5.317530,1.892286,2.043947,5.232291,5.336622,19.586813,60176,2.660078
476964:ApriltagsCameraLog(1):,7,-5.317530,-9.701000,-5.317530,-9.701000,-5.261180,1.974393,2.029677,5.408381,5.327060,21.737294,60182,2.264086
476965:ApriltagsCameraLog(1):,8,-5.317530,-9.895000,-5.317530,-9.895000,-5.295516,1.907079,2.024469,5.408161,5.333381,20.981711,60182,2.174156
476967:ApriltagsCameraLog(1):,15,-5.295516,-5.564000,-5.295516,-5.564000,-5.332585,1.869570,2.013930,5.252671,5.339173,18.975001,60178,2.684859
476984:ApriltagsCameraLog(1):,7,-5.332585,-9.333000,-5.332585,-9.333000,-5.310425,1.955473,2.001143,5.396860,5.331570,20.970643,60184,2.247323
476986:ApriltagsCameraLog(1):,8,-5.332585,-9.760000,-5.332585,-9.760000,-5.346715,1.898659,1.997141,5.398242,5.336901,20.658320,60184,2.164849
476987:ApriltagsCameraLog(1):,15,-5.346715,-5.041000,-5.346715,-5.041000,-5.387295,1.872849,1.988635,5.282966,5.341763,19.062424,60179,2.687118
477004:ApriltagsCameraLog(1):,7,-5.387295,-8.967000,-5.387295,-8.967000,-5.379775,1.946072,1.978273,5.377970,5.336034,20.274052,60185,2.241209
477006:ApriltagsCameraLog(1):,8,-5.387295,-9.008000,-5.387295,-9.008000,-5.414406,1.894618,1.975443,5.376401,5.339537,19.437960,60185,2.158861
477007:ApriltagsCameraLog(1):,15,-5.414406,-4.903000,-5.414406,-4.903000,-5.450576,1.870770,1.968189,5.281418,5.342585,19.460538,60180,2.689217
477024:ApriltagsCameraLog(1):,7,-5.450576,-9.005000,-5.450576,-9.005000,-5.469444,1.949377,1.959771,5.385652,5.337360,20.254390,60186,2.242876
477027:ApriltagsCameraLog(1):,8,-5.450576,-9.288000,-5.450576,-9.288000,-5.504117,1.896017,1.958801,5.384380,5.341478,19.766284,60186,2.160582
477029:ApriltagsCameraLog(1):,15,-5.504117,-4.866000,-5.504117,-4.866000,-5.542124,1.868161,1.953216,5.298884,5.345058,19.747530,60181,2.695374
477044:ApriltagsCameraLog(1):,7,-5.542124,-8.850000,-5.542124,-8.850000,-5.557496,1.950662,1.946669,5.372119,5.340624,19.922097,60187,2.246269
477046:ApriltagsCameraLog(1):,8,-5.542124,-9.110000,-5.542124,-9.110000,-5.590671,1.900731,1.947045,5.370686,5.343344,19.416934,60187,2.163870
477064:ApriltagsCameraLog(1):,15,-5.590671,-5.082000,-5.590671,-5.082000,-5.648985,1.881271,1.943656,5.294251,5.346185,19.395281,60182,2.682057
477084:ApriltagsCameraLog(1):,7,-5.648985,-9.137000,-5.648985,-9.137000,-5.709811,1.958414,1.938424,5.372715,5.341360,20.268985,60188,2.253425
477091:ApriltagsCameraLog(1):,8,-5.648985,-9.062000,-5.648985,-9.062000,-5.744492,1.909785,1.940244,5.373902,5.344080,19.289661,60188,2.172663
477103:ApriltagsCameraLog(1):,15,-5.744492,-5.139000,-5.744492,-5.139000,-5.818242,1.888472,1.937651,5.301150,5.347104,19.531039,60184,2.676996
477143:ApriltagsCameraLog(1):,7,-5.818242,-9.033000,-5.818242,-9.033000,-5.793434,1.960415,1.933592,5.366560,5.343300,19.885107,60190,2.255956
477145:ApriltagsCameraLog(1):,8,-5.818242,-9.169000,-5.818242,-9.169000,-5.826632,1.910932,1.935943,5.368146,5.345455,19.200127,60190,2.172663
477147:ApriltagsCameraLog(1):,15,-5.826632,-5.213000,-5.826632,-5.213000,-5.862062,1.894422,1.933698,5.302053,5.347489,19.501202,60186,2.671716
477164:ApriltagsCameraLog(1):,7,-5.862062,-8.952000,-5.862062,-8.952000,-5.836401,1.966107,1.930209,5.372093,5.343520,19.743700,60193,2.260389
477165:ApriltagsCameraLog(1):,8,-5.862062,-9.256000,-5.862062,-9.256000,-5.867181,1.914272,1.933319,5.371450,5.346133,19.298326,60193,2.176032
477184:ApriltagsCameraLog(1):,7,-5.867181,-9.194000,-5.867181,-9.194000,-5.838295,1.965832,1.931566,5.369388,5.348372,20.103197,60194,2.260596
477186:ApriltagsCameraLog(1):,8,-5.867181,-9.347000,-5.867181,-9.347000,-5.870375,1.914047,1.934492,5.368748,5.350283,19.417382,60194,2.175597
477188:ApriltagsCameraLog(1):,15,-5.870375,-5.224000,-5.870375,-5.224000,-5.904810,1.897303,1.932631,5.301364,5.351886,19.537967,60190,2.668969
477204:ApriltagsCameraLog(1):,7,-5.870375,-9.115000,-5.870375,-9.115000,-5.869755,1.963555,1.929467,5.372062,5.347423,19.950191,60195,2.257857
477205:ApriltagsCameraLog(1):,8,-5.870375,-9.372000,-5.870375,-9.372000,-5.908480,1.914328,1.935278,5.371166,5.353717,19.453484,60195,2.176032
477223:ApriltagsCameraLog(1):,7,-5.908480,-9.029000,-5.908480,-9.029000,-5.945447,1.962915,1.933555,5.365678,5.354984,19.767633,60196,2.258274
477226:ApriltagsCameraLog(1):,8,-5.908480,-8.984000,-5.908480,-8.984000,-5.975800,1.914063,1.936126,5.364815,5.355971,18.830485,60196,2.175166
477228:ApriltagsCameraLog(1):,15,-5.975800,-5.096000,-5.975800,-5.096000,-6.006856,1.896788,1.934102,5.311728,5.356708,19.992154,60191,2.671935
477245:ApriltagsCameraLog(1):,15,-6.006856,-5.144000,-6.006856,-5.144000,-6.002988,1.894703,1.930646,5.313481,5.353033,19.983009,60192,2.674465
477264:ApriltagsCameraLog(1):,7,-6.002988,-9.325000,-6.002988,-9.325000,-5.978040,1.962612,1.927256,5.362378,5.349426,20.071204,60198,2.258274
477266:ApriltagsCameraLog(1):,8,-6.002988,-9.130000,-6.002988,-9.130000,-6.010965,1.914691,1.930258,5.361594,5.350631,18.904639,60198,2.175166
477275:ApriltagsCameraLog(1):,15,-6.010965,-5.231000,-6.010965,-5.231000,-6.043515,1.895027,1.928779,5.316205,5.351587,19.832429,60193,2.674686
477304:ApriltagsCameraLog(1):,7,-6.043515,-8.973000,-6.043515,-8.973000,-6.032550,1.964738,1.925764,5.358169,5.348511,19.508195,60199,2.261018
477306:ApriltagsCameraLog(1):,8,-6.043515,-9.133000,-6.043515,-9.133000,-6.062228,1.914691,1.929174,5.357687,5.349452,18.846107,60199,2.174737
477324:ApriltagsCameraLog(1):,15,-6.062228,-5.088000,-6.062228,-5.088000,-6.110786,1.897750,1.927796,5.313341,5.350165,20.163751,60194,2.671716
477344:ApriltagsCameraLog(1):,7,-6.110786,-8.934000,-6.110786,-8.934000,-6.106223,1.961989,1.925148,5.356088,5.346999,19.321889,60201,2.258487
477345:ApriltagsCameraLog(1):,8,-6.110786,-9.295000,-6.110786,-9.295000,-6.135464,1.915129,1.928428,5.355394,5.347894,18.982497,60201,2.174737
477364:ApriltagsCameraLog(1):,15,-6.135464,-5.120000,-6.135464,-5.120000,-6.152201,1.901862,1.927200,5.321627,5.348543,20.221092,60196,2.669626
477384:ApriltagsCameraLog(1):,7,-6.152201,-9.091000,-6.152201,-9.091000,-6.133981,1.962122,1.924997,5.357168,5.346244,19.493848,60203,2.258274
477386:ApriltagsCameraLog(1):,8,-6.152201,-9.269000,-6.152201,-9.269000,-6.163851,1.915671,1.928273,5.356507,5.347299,18.889932,60203,2.175166
477404:ApriltagsCameraLog(1):,15,-6.163851,-5.088000,-6.163851,-5.088000,-6.196218,1.901998,1.927099,5.320459,5.348110,20.329985,60199,2.669404
477424:ApriltagsCameraLog(1):,7,-6.196218,-9.174000,-6.196218,-9.174000,-6.185189,1.961975,1.924924,5.355631,5.345760,19.552581,60205,2.258274
477426:ApriltagsCameraLog(1):,8,-6.196218,-9.282000,-6.196218,-9.282000,-6.215372,1.915957,1.928187,5.355006,5.346720,18.845263,60205,2.175166
477444:ApriltagsCameraLog(1):,15,-6.215372,-5.086000,-6.215372,-5.086000,-6.244747,1.900213,1.927047,5.323197,5.347449,20.450754,60201,2.671935
477464:ApriltagsCameraLog(1):,7,-6.244747,-8.835000,-6.244747,-8.835000,-6.233498,1.961811,1.924738,5.353937,5.345404,18.968722,60207,2.258274
477466:ApriltagsCameraLog(1):,8,-6.244747,-9.143000,-6.244747,-9.143000,-6.260612,1.916272,1.928095,5.353351,5.346256,18.575196,60207,2.175166
477468:ApriltagsCameraLog(1):,15,-6.260612,-5.064000,-6.260612,-5.064000,-6.291287,1.901142,1.926983,5.327886,5.346887,20.576291,60203,2.672156
477484:ApriltagsCameraLog(1):,7,-6.291287,-8.932000,-6.291287,-8.932000,-6.271208,1.964178,1.924965,5.352035,5.345065,19.070342,60209,2.260806
477486:ApriltagsCameraLog(1):,8,-6.291287,-9.223000,-6.291287,-9.223000,-6.298722,1.916572,1.928521,5.351763,5.345757,18.623382,60209,2.175166
477497:ApriltagsCameraLog(1):,15,-6.298722,-5.153000,-6.298722,-5.153000,-6.329690,1.904219,1.927420,5.329430,5.346264,20.460208,60204,2.669626
477505:ApriltagsCameraLog(1):,7,-6.329690,-8.961000,-6.329690,-8.961000,-6.260533,1.961241,1.927155,5.348448,5.344643,19.032730,60210,2.258487
477506:ApriltagsCameraLog(1):,8,-6.329690,-9.173000,-6.329690,-9.173000,-6.287929,1.916819,1.930414,5.350453,5.345024,18.496072,60210,2.175166
477508:ApriltagsCameraLog(1):,15,-6.287929,-5.145000,-6.287929,-5.145000,-6.318087,1.901538,1.929315,5.329192,5.345463,20.477636,60205,2.672156
477524:ApriltagsCameraLog(1):,7,-6.318087,-8.887000,-6.318087,-8.887000,-6.270397,1.961561,1.928661,5.351378,5.344533,18.936571,60211,2.258274
477526:ApriltagsCameraLog(1):,8,-6.318087,-9.264000,-6.318087,-9.264000,-6.296729,1.916745,1.931953,5.350849,5.345243,18.643833,60211,2.175166
477528:ApriltagsCameraLog(1):,15,-6.296729,-4.979000,-6.296729,-4.979000,-6.327192,1.903912,1.930846,5.326810,5.345749,20.773958,60206,2.669404
477564:ApriltagsCameraLog(1):,7,-6.327192,-8.963000,-6.327192,-8.963000,-6.137649,1.964055,1.940895,5.350780,5.340743,19.062943,60212,2.260806
477565:ApriltagsCameraLog(1):,8,-6.327192,-9.182000,-6.327192,-9.182000,-6.164548,1.919328,1.944275,5.350258,5.341444,18.538374,60212,2.177669
477584:ApriltagsCameraLog(1):,15,-6.164548,-5.082000,-6.164548,-5.082000,-6.018469,1.900028,1.954142,5.325816,5.339041,20.368652,60207,2.672379
477603:ApriltagsCameraLog(1):,7,-6.018469,-8.867000,-6.018469,-8.867000,-5.626486,1.962029,1.965690,5.356785,5.333803,19.362252,60214,2.258703
477606:ApriltagsCameraLog(1):,8,-6.018469,-9.240000,-6.018469,-9.240000,-5.652365,1.919312,1.968351,5.355482,5.335238,19.084701,60214,2.179320
477624:ApriltagsCameraLog(1):,13,-5.652365,-11.370000,-5.652365,-5.652365,-5.369107,2.429554,1.984697,4.954768,5.330326,104.488276,60210,8.684797
477627:ApriltagsCameraLog(1):,15,-5.652365,-4.955000,-5.652365,-4.955000,-5.368006,1.898296,1.993723,5.305833,5.323065,19.621311,60210,2.667774
477644:ApriltagsCameraLog(1):,7,-5.368006,-8.603000,-5.368006,-8.603000,-5.099734,1.971180,2.009942,5.373733,5.315246,20.029665,60216,2.266734
477646:ApriltagsCameraLog(1):,8,-5.368006,-8.812000,-5.368006,-8.812000,-5.124339,1.919537,2.011429,5.372146,5.318956,19.450667,60216,2.183490
477648:ApriltagsCameraLog(1):,15,-5.124339,-4.669000,-5.124339,-4.669000,-5.151545,1.896938,2.008226,5.290185,5.322178,19.142927,60211,2.663655
477664:ApriltagsCameraLog(1):,7,-5.151545,-8.151000,-5.151545,-8.151000,-4.937042,1.987936,2.029251,5.362021,5.320347,19.874155,60218,2.286057
477674:ApriltagsCameraLog(1):,8,-5.151545,-8.315000,-5.151545,-8.315000,-4.963116,1.939451,2.030328,5.362308,5.323858,19.256778,60218,2.203621
477677:ApriltagsCameraLog(1):,15,-4.963116,-3.952000,-4.963116,-3.952000,-4.991436,1.917601,2.027080,5.311067,5.326698,20.009395,60213,2.646499
477710:ApriltagsCameraLog(1):,7,-4.991436,-7.578000,-4.991436,-7.578000,-4.688091,2.012425,2.091554,5.350291,5.332275,19.512373,60220,2.312818
477711:ApriltagsCameraLog(1):,8,-4.991436,-7.688000,-4.991436,-7.688000,-4.713672,1.969951,2.091492,5.349778,5.332528,18.881911,60220,2.233959
477717:ApriltagsCameraLog(1):,15,-4.991436,-3.833000,-4.991436,-3.833000,-4.740983,1.932865,2.087689,5.336612,5.334711,20.189734,60214,2.636712
477730:ApriltagsCameraLog(1):,7,-4.740983,-7.160000,-4.740983,-7.160000,-4.487890,2.033729,2.125257,5.360108,5.335493,19.451027,60221,2.332787
477731:ApriltagsCameraLog(1):,8,-4.740983,-7.399000,-4.740983,-7.399000,-4.510850,1.986256,2.125470,5.359614,5.338536,19.006458,60221,2.251919
477733:ApriltagsCameraLog(1):,15,-4.740983,-3.263000,-4.740983,-3.263000,-4.536591,1.940402,2.121355,5.336581,5.341221,20.689181,60215,2.628138
477738:ApriltagsCameraLog(1):,15,-4.536591,-3.642000,-4.536591,-3.642000,-4.424633,1.966286,2.147140,5.337391,5.337387,19.409816,60216,2.602001
477764:ApriltagsCameraLog(1):,7,-4.424633,-7.357000,-4.424633,-7.357000,-4.239297,2.049733,2.197815,5.367842,5.347105,20.414540,60222,2.348202
477765:ApriltagsCameraLog(1):,8,-4.424633,-7.326000,-4.424633,-7.326000,-4.264711,2.004208,2.197563,5.366685,5.350201,19.575538,60222,2.271654
477785:ApriltagsCameraLog(1):,15,-4.264711,-3.209000,-4.264711,-3.209000,-4.197248,1.983920,2.242854,5.340908,5.360694,19.539431,60217,2.584201
477825:ApriltagsCameraLog(1):,7,-4.197248,-7.098000,-4.197248,-7.098000,-3.983952,2.096400,2.336630,5.377849,5.375797,20.829237,60224,2.393219
477828:ApriltagsCameraLog(1):,8,-4.197248,-7.014000,-4.197248,-7.014000,-4.009822,2.051170,2.332151,5.376321,5.377698,19.944326,60224,2.320142
477829:ApriltagsCameraLog(1):,15,-4.009822,-2.592000,-4.009822,-2.592000,-4.035738,2.056342,2.323966,5.361934,5.379766,19.564142,60220,2.516843
477844:ApriltagsCameraLog(1):,7,-4.035738,-6.743000,-4.035738,-6.743000,-3.960819,2.153327,2.366506,5.390069,5.387606,21.073093,60226,2.447938
477846:ApriltagsCameraLog(1):,8,-4.035738,-7.052000,-4.035738,-7.052000,-3.984407,2.106509,2.362406,5.388411,5.389613,20.845832,60226,2.376903
477864:ApriltagsCameraLog(1):,15,-3.984407,-2.284000,-3.984407,-2.284000,-3.747291,2.121247,2.411695,5.384247,5.397006,19.504139,60222,2.458703
477884:ApriltagsCameraLog(1):,7,-3.747291,-6.975000,-3.747291,-6.975000,-3.579881,2.274049,2.457221,5.405974,5.404151,23.183808,60229,2.565837
477886:ApriltagsCameraLog(1):,8,-3.747291,-6.727000,-3.747291,-6.727000,-3.605136,2.222192,2.454142,5.409309,5.405365,22.014475,60229,2.495086
477888:ApriltagsCameraLog(1):,15,-3.605136,-1.760000,-3.605136,-1.760000,-3.629260,2.186118,2.447020,5.398723,5.406724,19.166313,60224,2.397593
477905:ApriltagsCameraLog(1):,15,-3.629260,-2.230000,-3.629260,-2.230000,-3.495681,2.221826,2.492973,5.394971,5.413905,18.122051,60225,2.362196
477924:ApriltagsCameraLog(1):,7,-3.495681,-5.594000,-3.495681,-5.594000,-3.371786,2.340876,2.541138,5.417173,5.420500,21.837831,60231,2.631288
477926:ApriltagsCameraLog(1):,8,-3.495681,-6.527000,-3.495681,-6.527000,-3.389379,2.291439,2.536790,5.417429,5.421406,22.839601,60231,2.565837
477928:ApriltagsCameraLog(1):,15,-3.389379,-2.300000,-3.389379,-2.300000,-3.414153,2.275377,2.529118,5.406885,5.422084,17.188051,60226,2.312445
477945:ApriltagsCameraLog(1):,7,-3.414153,-5.347000,-3.414153,-5.347000,-3.299709,2.383407,2.581089,5.405309,5.424005,21.959475,60232,2.675318
477947:ApriltagsCameraLog(1):,8,-3.414153,-6.014000,-3.414153,-6.014000,-3.315832,2.335701,2.577754,5.405343,5.423363,22.522163,60232,2.609369
477964:ApriltagsCameraLog(1):,15,-3.315832,-2.558000,-3.315832,-2.558000,-3.232914,2.305229,2.634128,5.412227,5.424600,16.435897,60227,2.284759
477984:ApriltagsCameraLog(1):,7,-3.232914,-5.860000,-3.232914,-5.860000,-3.168620,2.432315,2.686265,5.415320,5.426732,23.719142,60233,2.723042
477986:ApriltagsCameraLog(1):,8,-3.232914,-5.717000,-3.232914,-5.717000,-3.188540,2.382965,2.684029,5.417736,5.426443,22.803082,60233,2.658215
478004:ApriltagsCameraLog(1):,15,-3.188540,-2.213000,-3.188540,-2.213000,-3.152906,2.364494,2.747216,5.411253,5.428515,16.260491,60228,2.226901
478024:ApriltagsCameraLog(1):,7,-3.152906,-8.693000,-3.152906,-8.693000,-3.071471,2.607493,2.805774,5.409130,5.429105,31.364028,60235,2.897831
478026:ApriltagsCameraLog(1):,8,-3.152906,-7.443000,-3.152906,-7.443000,-3.105786,2.524938,2.807301,5.423438,5.428232,27.728976,60235,2.800542
478044:ApriltagsCameraLog(1):,15,-3.105786,-0.983000,-3.105786,-0.983000,-3.116143,2.504874,2.871783,5.440975,5.429193,16.737605,60231,2.100841
478084:ApriltagsCameraLog(1):,7,-3.116143,-5.286000,-3.116143,-5.286000,-3.050883,2.632667,2.998790,5.404375,5.432656,24.812192,60237,2.923530
478086:ApriltagsCameraLog(1):,8,-3.116143,-5.297000,-3.116143,-5.297000,-3.067628,2.584558,2.994296,5.404015,5.430771,24.203352,60237,2.858749
478088:ApriltagsCameraLog(1):,15,-3.067628,-0.840000,-3.067628,-0.840000,-3.084744,2.613718,2.986494,5.441316,5.428891,15.870911,60233,1.997444
478123:ApriltagsCameraLog(1):,7,-3.084744,-4.960000,-3.084744,-4.960000,-3.056104,2.736871,3.115665,5.402770,5.432426,25.196746,60239,3.027232
478125:ApriltagsCameraLog(1):,8,-3.084744,-5.303000,-3.084744,-5.303000,-3.070730,2.698735,3.111446,5.404374,5.430415,25.392692,60239,2.972823
478144:ApriltagsCameraLog(1):,7,-3.070730,-4.808000,-3.070730,-4.808000,-3.082318,2.848642,3.180703,5.399999,5.428032,25.949403,60241,3.138569
478146:ApriltagsCameraLog(1):,8,-3.070730,-4.949000,-3.070730,-4.949000,-3.095365,2.805294,3.175539,5.401865,5.426043,25.695622,60241,3.079058
478148:ApriltagsCameraLog(1):,15,-3.070730,-2.146000,-3.070730,-2.146000,-3.109528,2.723241,3.167666,5.443184,5.424248,13.282112,60235,1.894730
478164:ApriltagsCameraLog(1):,15,-3.109528,-1.677000,-3.109528,-1.677000,-3.037710,2.843223,3.236426,5.440543,5.428370,12.864650,60237,1.781584
478184:ApriltagsCameraLog(1):,7,-3.037710,-4.325000,-3.037710,-4.325000,-2.986257,3.037230,3.289679,5.406920,5.428076,26.640168,60244,3.325239
478187:ApriltagsCameraLog(1):,8,-3.037710,-5.343000,-3.037710,-5.343000,-2.995761,2.985947,3.285738,5.409165,5.426594,28.400132,60244,3.259951
478189:ApriltagsCameraLog(1):,15,-2.995761,-1.739000,-2.995761,-1.739000,-3.011732,2.958169,3.279003,5.433401,5.425031,11.677376,60239,1.671707
478204:ApriltagsCameraLog(1):,7,-3.011732,-7.162000,-3.011732,-7.162000,-2.926097,3.146497,3.335488,5.405113,5.424138,34.630186,60245,3.434146
478207:ApriltagsCameraLog(1):,8,-3.011732,-6.000000,-3.011732,-6.000000,-2.949794,3.080137,3.335870,5.415745,5.423133,30.958593,60245,3.354477
478209:ApriltagsCameraLog(1):,15,-2.949794,-0.864000,-2.949794,-0.864000,-2.968671,3.006661,3.332315,5.449860,5.422255,12.165853,60240,1.633280
478224:ApriltagsCameraLog(1):,7,-2.968671,-4.840000,-2.968671,-4.840000,-2.878096,3.184389,3.389010,5.400460,5.419966,29.416849,60246,3.472468
478225:ApriltagsCameraLog(1):,8,-2.968671,-5.709000,-2.968671,-5.709000,-2.890465,3.145367,3.387878,5.407058,5.418175,31.027753,60246,3.419246
478227:ApriltagsCameraLog(1):,15,-2.890465,-1.889000,-2.890465,-1.889000,-2.907683,3.073400,3.384572,5.429488,5.416882,10.462396,60241,1.563750
478244:ApriltagsCameraLog(1):,7,-2.907683,-4.476000,-2.907683,-4.476000,-2.867077,3.221089,3.441510,5.422380,5.411863,28.984779,60247,3.506914
478245:ApriltagsCameraLog(1):,8,-2.907683,-5.075000,-2.907683,-5.075000,-2.877422,3.168517,3.439434,5.424507,5.411668,29.869944,60247,3.443666
478263:ApriltagsCameraLog(1):,,,,,,-2.894123,,3.512846,,5.399777,,,
478284:ApriltagsCameraLog(1):,7,-2.877422,-4.445000,-2.877422,-4.445000,-2.951801,3.291037,3.591061,5.397700,5.388080,29.651181,60248,3.579126
478285:ApriltagsCameraLog(1):,8,-2.877422,-5.356000,-2.877422,-5.356000,-2.961953,3.243240,3.588944,5.399544,5.387531,31.365315,60248,3.516916
478304:ApriltagsCameraLog(1):,,,,,,-3.012967,,3.663522,,5.374244,,,
478324:ApriltagsCameraLog(1):,7,-2.961953,-4.866000,-2.961953,-4.866000,-3.026700,3.427264,3.741122,5.375555,5.362501,31.823202,60250,3.716637
478325:ApriltagsCameraLog(1):,8,-2.961953,-4.743000,-2.961953,-4.743000,-3.038864,3.370157,3.739168,5.377994,5.362128,30.793100,60250,3.642229
478343:ApriltagsCameraLog(1):,,,,,,-3.132959,,3.810396,,5.343033,,,
478364:ApriltagsCameraLog(1):,7,-3.038864,-4.141000,-3.038864,-4.141000,-3.300500,3.554389,3.889822,5.374316,5.318868,30.801037,60252,3.842918
478365:ApriltagsCameraLog(1):,8,-3.038864,-4.977000,-3.038864,-4.977000,-3.307670,3.498179,3.884743,5.379368,5.318767,32.422658,60252,3.769862
478384:ApriltagsCameraLog(1):,7,-3.307670,-5.306000,-3.307670,-5.306000,-3.456893,3.704070,3.955195,5.320777,5.294785,34.762457,60254,3.996593
478386:ApriltagsCameraLog(1):,8,-3.307670,-7.977000,-3.307670,-7.977000,-3.469404,3.592065,3.952231,5.326921,5.294339,40.905025,60254,3.860591
478404:ApriltagsCameraLog(1):,7,-3.469404,-5.780000,-3.469404,-5.780000,-3.517699,3.753352,4.019419,5.294464,5.269717,36.173810,60255,4.048036
478406:ApriltagsCameraLog(1):,8,-3.469404,-4.370000,-3.469404,-4.370000,-3.531536,3.703809,4.016262,5.297233,5.269071,31.357611,60255,3.970860
478424:ApriltagsCameraLog(1):,7,-3.531536,-5.165000,-3.531536,-5.165000,-3.596139,3.798395,4.086561,5.282466,5.239391,34.611652,60256,4.093975
478425:ApriltagsCameraLog(1):,8,-3.531536,-4.594000,-3.531536,-4.594000,-3.606059,3.754539,4.081613,5.284975,5.238159,32.267685,60256,4.021078
478444:ApriltagsCameraLog(1):,,,,,,-3.692769,,4.152801,,5.208629,,,
478464:ApriltagsCameraLog(1):,7,-3.606059,-5.109000,-3.606059,-5.109000,-3.690022,3.878687,4.228533,5.264759,5.177706,34.974128,60257,4.175564
478483:ApriltagsCameraLog(1):,,,,,,-3.696179,,4.300831,,5.145723,,,
478504:ApriltagsCameraLog(1):,7,-3.690022,-5.486000,-3.690022,-5.486000,-3.712659,3.992577,4.377938,5.216014,5.114172,36.986625,60259,4.294411
478505:ApriltagsCameraLog(1):,8,-3.690022,-4.696000,-3.690022,-4.696000,-3.722491,3.952825,4.372289,5.218479,5.113657,33.837144,60259,4.218042
478524:ApriltagsCameraLog(1):,,,,,,-3.712054,,4.440864,,5.082005,,,
478544:ApriltagsCameraLog(1):,7,-3.722491,-3.805000,-3.722491,-3.805000,-3.712054,4.160230,4.517755,5.172265,5.047654,33.000268,60261,4.466277
478564:ApriltagsCameraLog(1):,7,-3.712054,-6.344000,-3.712054,-6.344000,-3.731832,4.273604,4.588472,5.114772,5.011804,42.560610,60263,4.586605
478584:ApriltagsCameraLog(1):,7,-3.731832,-1.193000,-3.731832,-1.193000,-3.757832,4.389440,4.658703,5.057356,4.975794,43.480765,60264,4.709611
478604:ApriltagsCameraLog(1):,7,-3.757832,-5.043000,-3.757832,-5.043000,-3.798424,4.403425,4.731542,5.039141,4.939398,39.282785,60265,4.726152
478606:ApriltagsCameraLog(1):,8,-3.757832,-5.771000,-3.757832,-5.771000,-3.805097,4.354208,4.724652,5.042319,4.940431,40.818039,60265,4.622218
478624:ApriltagsCameraLog(1):,7,-3.805097,-5.364000,-3.805097,-5.364000,-3.831516,4.523144,4.792720,4.966392,4.905182,41.435299,60267,4.855886
478625:ApriltagsCameraLog(1):,13,-3.805097,7.889000,-3.805097,-3.805097,-3.839094,4.906273,4.785915,4.858555,4.905308,101.055092,60261,6.197730
478644:ApriltagsCameraLog(1):,13,-3.839094,5.025000,-3.839094,-3.839094,-3.804139,4.931384,4.875330,4.850463,4.866940,87.488227,60262,6.172272
478665:ApriltagsCameraLog(1):,7,-3.804139,-6.588000,-3.804139,-6.588000,-3.790484,4.626566,4.960160,4.913771,4.833820,46.960311,60268,4.966757
478666:ApriltagsCameraLog(1):,13,-3.790484,-2.279000,-3.790484,-3.790484,-3.802208,4.977413,4.954506,4.780943,4.833151,52.920344,60263,6.121473
478704:ApriltagsCameraLog(1):,7,-3.802208,-5.691000,-3.802208,-3.802208,-3.876179,4.664435,5.119196,4.908868,4.767284,44.035220,60269,5.004909
478724:ApriltagsCameraLog(1):,13,-3.876179,-3.620000,-3.876179,-3.876179,-4.005139,5.076920,5.190703,4.778514,4.737670,46.336940,60264,6.022442
478744:ApriltagsCameraLog(1):,7,-4.005139,-5.032000,-4.005139,-4.005139,-4.082286,4.744565,5.280003,4.832974,4.712005,41.652374,60270,5.096694
478747:ApriltagsCameraLog(1):,8,-4.005139,-7.472000,-4.005139,-7.472000,-4.083230,4.655081,5.271328,4.844443,4.710502,49.102656,60270,4.932730
478764:ApriltagsCameraLog(1):,7,-4.083230,-5.533000,-4.083230,-4.083230,-4.133796,4.927814,5.342966,4.767469,4.696792,45.008995,60273,5.288744
478766:ApriltagsCameraLog(1):,8,-4.083230,-5.535000,-4.083230,-4.083230,-4.134099,4.892140,5.332605,4.772727,4.698177,43.969905,60273,5.174466
478768:ApriltagsCameraLog(1):,13,-4.083230,-2.714000,-4.083230,-4.083230,-4.134408,5.262717,5.320938,4.729054,4.699757,49.662012,60266,5.835134
478784:ApriltagsCameraLog(1):,7,-4.134408,-5.888000,-4.134408,-4.134408,-4.269171,5.021919,5.432750,4.735808,4.681431,47.127359,60274,5.387017
478804:ApriltagsCameraLog(1):,7,-4.269171,-5.565000,-4.269171,-4.269171,-4.409478,5.093072,5.506930,4.713359,4.666566,45.958185,60275,5.460747
478806:ApriltagsCameraLog(1):,8,-4.269171,-5.879000,-4.269171,-4.269171,-4.410130,5.016378,5.498035,4.724477,4.665065,45.759540,60275,5.301810
478824:ApriltagsCameraLog(1):,7,-4.410130,-7.985000,-4.410130,-4.410130,-4.567336,5.168345,5.570945,4.712606,4.659005,56.029359,60276,5.534290
478844:ApriltagsCameraLog(1):,,,,,,-4.650445,,5.648868,,4.652512,,,
478863:ApriltagsCameraLog(1):,,,,,,-4.878412,,5.735233,,4.649350,,,
478885:ApriltagsCameraLog(1):,,,,,,-4.988275,,5.820382,,4.645992,,,
478903:ApriltagsCameraLog(1):,,,,,,-5.056939,,5.906127,,4.642443,,,
478924:ApriltagsCameraLog(1):,,,,,,-5.136590,,5.992773,,4.638762,,,
478943:ApriltagsCameraLog(1):,,,,,,-5.210748,,6.078245,,4.635944,,,
478963:ApriltagsCameraLog(1):,,,,,,-5.328851,,6.164962,,4.633993,,,
478983:ApriltagsCameraLog(1):,,,,,,-5.411248,,6.252584,,4.631874,,,
479003:ApriltagsCameraLog(1):,,,,,,-5.493646,,6.338084,,4.629676,,,
479023:ApriltagsCameraLog(1):,,,,,,-5.534845,,6.426008,,4.627590,,,
479043:ApriltagsCameraLog(1):,,,,,,-5.592523,,6.513628,,4.625446,,,
479064:ApriltagsCameraLog(1):,,,,,,-5.677667,,6.599675,,4.622185,,,
479083:ApriltagsCameraLog(1):,,,,,,-5.691400,,6.688136,,4.618774,,,
479103:ApriltagsCameraLog(1):,,,,,,-5.738092,,6.776293,,4.615344,,,
479123:ApriltagsCameraLog(1):,,,,,,-5.765558,,6.863240,,4.611886,,,
479144:ApriltagsCameraLog(1):,14,-5.677667,-6.315000,-5.677667,-6.315000,-5.762811,6.494496,6.950667,4.460034,4.604621,8.704581,60291,1.397881
479164:ApriltagsCameraLog(1):,,,,,,-5.776915,,7.009192,,4.566069,,,
479184:ApriltagsCameraLog(1):,14,-5.762811,-7.991000,-5.762811,-7.991000,-5.760435,6.632254,7.095580,4.452099,4.554982,11.340048,60293,1.534212
479204:ApriltagsCameraLog(1):,14,-5.760435,-7.546000,-5.760435,-7.546000,-5.768661,6.784125,7.157796,4.439384,4.524514,12.350708,60295,1.684940
479224:ApriltagsCameraLog(1):,14,-5.768661,-7.264000,-5.768661,-7.264000,-5.771520,6.859477,7.222570,4.426461,4.493414,12.731855,60296,1.759458
479243:ApriltagsCameraLog(1):,14,-5.771520,-7.215000,-5.771520,-7.215000,-5.672763,6.926959,7.288458,4.411906,4.463738,13.285688,60297,1.826229
479271:ApriltagsCameraLog(1):,14,-5.672763,-7.720000,-5.672763,-7.720000,-5.676773,6.999978,7.355865,4.409921,4.430180,14.693215,60298,1.899542
479304:ApriltagsCameraLog(1):,14,-5.676773,-7.289000,-5.676773,-7.289000,-5.650049,7.076845,7.506977,4.386849,4.380058,14.869875,60299,1.975670
479324:ApriltagsCameraLog(1):,13,-5.650049,-4.472000,-5.650049,-4.472000,-5.551942,7.265958,7.577252,4.460616,4.350295,30.910913,60294,3.831653
479344:ApriltagsCameraLog(1):,14,-5.551942,-6.561000,-5.551942,-6.561000,-5.477717,7.243643,7.664059,4.353985,4.326299,15.566680,60301,2.142485
479345:ApriltagsCameraLog(1):,13,-5.477717,-5.642000,-5.477717,-5.642000,-5.488504,7.421772,7.649653,4.408161,4.320779,26.830442,60296,3.674599
479364:ApriltagsCameraLog(1):,14,-5.488504,-6.114000,-5.488504,-6.114000,-5.446752,7.373482,7.734215,4.302785,4.293655,16.132432,60303,2.272845
479366:ApriltagsCameraLog(1):,13,-5.446752,-4.837000,-5.446752,-4.837000,-5.453267,7.561518,7.716131,4.374907,4.288357,26.820301,60298,3.534864
479384:ApriltagsCameraLog(1):,14,-5.453267,-5.500000,-5.453267,-5.500000,-5.434180,7.457398,7.800492,4.275612,4.262055,15.933925,60304,2.357476
479404:ApriltagsCameraLog(1):,14,-5.434180,-5.716000,-5.434180,-5.716000,-5.406440,7.540063,7.868896,4.260800,4.228798,16.990679,60305,2.440621
479425:ApriltagsCameraLog(1):,14,-5.406440,-5.328000,-5.406440,-5.328000,-5.379086,7.597804,7.940690,4.225786,4.195405,17.131684,60306,2.499794
479464:ApriltagsCameraLog(1):,14,-5.379086,-6.021000,-5.379086,-6.021000,-5.276121,7.674711,8.094985,4.204319,4.129588,18.753325,60307,2.577767
479484:ApriltagsCameraLog(1):,13,-5.276121,-4.974000,-5.276121,-4.974000,-5.186285,7.927818,8.167743,4.251036,4.095129,23.047622,60303,3.171466
479506:ApriltagsCameraLog(1):,14,-5.186285,-4.601000,-5.186285,-4.601000,-5.034416,7.829366,8.254050,4.149712,4.068493,19.995200,60309,2.736202
479508:ApriltagsCameraLog(1):,13,-5.034416,-4.794000,-5.034416,-4.794000,-5.026807,7.988035,8.243043,4.203741,4.066053,22.428835,60304,3.112784
479544:ApriltagsCameraLog(1):,14,-5.026807,-12.333000,-5.026807,-12.333000,-4.898349,7.996169,8.409013,4.083365,4.007619,35.073401,60311,2.908298
479546:ApriltagsCameraLog(1):,13,-4.898349,-2.945000,-4.898349,-2.945000,-4.938780,8.113840,8.402019,4.149574,4.005513,25.013464,60306,2.990738
479565:ApriltagsCameraLog(1):,14,-4.938780,-3.682000,-4.938780,-3.682000,-4.877076,8.137943,8.480103,4.016590,3.977981,24.145133,60313,3.056177
479584:ApriltagsCameraLog(1):,14,-4.877076,-4.386000,-4.877076,-4.386000,-4.797659,8.203190,8.551175,4.006416,3.943855,23.058184,60314,3.122357
479586:ApriltagsCameraLog(1):,13,-4.877076,-1.281000,-4.877076,-1.281000,-4.792982,8.237125,8.540606,4.099661,3.942726,27.167896,60308,2.872770
479605:ApriltagsCameraLog(1):,13,-4.792982,-6.157000,-4.792982,-6.157000,-4.628054,8.427591,8.626545,4.056373,3.917822,21.031255,60310,2.688360
479625:ApriltagsCameraLog(1):,14,-4.628054,-2.620000,-4.628054,-2.620000,-4.354721,8.350576,8.704003,3.945887,3.891048,27.873291,60316,3.276520
479627:ApriltagsCameraLog(1):,13,-4.354721,-4.490000,-4.354721,-4.490000,-4.339027,8.540691,8.694437,3.975489,3.889566,17.928398,60312,2.586138
479643:ApriltagsCameraLog(1):,,,,,,-3.911348,,8.767968,,3.862114,,,
479664:ApriltagsCameraLog(1):,13,-4.339027,-6.028000,-4.339027,-6.028000,-3.631197,8.597249,8.845385,3.947541,3.832179,20.200712,60313,2.535232
479683:ApriltagsCameraLog(1):,,,,,,-2.935876,,8.917052,,3.807000,,,
479704:ApriltagsCameraLog(1):,13,-3.631197,-4.296000,-3.631197,-4.296000,-1.897668,8.714111,8.993448,3.918050,3.779499,17.466445,60314,2.422207
479724:ApriltagsCameraLog(1):,,,,,,0.042993,,9.062562,,3.760048,,,
479745:ApriltagsCameraLog(1):,13,-1.897668,-4.509000,-1.897668,-4.509000,1.424524,8.857834,9.136951,3.832705,3.741273,19.336572,60316,2.291587
479764:ApriltagsCameraLog(1):,13,1.424524,-3.393000,1.424524,-3.393000,2.957896,8.948374,9.204046,3.710727,3.722519,21.867972,60317,2.219773
479784:ApriltagsCameraLog(1):,13,2.957896,-1.452000,2.957896,-1.452000,4.755587,9.077259,9.273026,3.689212,3.698690,19.838754,60319,2.095931
479804:ApriltagsCameraLog(1):,13,4.755587,0.261000,4.755587,0.261000,5.849764,9.136508,9.342545,3.661631,3.677928,19.302664,60320,2.039644
479824:ApriltagsCameraLog(1):,13,5.849764,1.801000,5.849764,1.801000,9.566582,9.200107,9.407160,3.660724,3.653238,17.976290,60321,1.974455
479844:ApriltagsCameraLog(1):,13,9.566582,3.828000,9.566582,3.828000,10.889965,9.267725,9.470632,3.585472,3.633518,19.456087,60322,1.920254
479863:ApriltagsCameraLog(1):,,,,,,15.426613,,9.536989,,3.611637,,,
479884:ApriltagsCameraLog(1):,13,10.889965,5.819000,10.889965,5.819000,18.986183,9.328883,9.606847,3.583500,3.602659,17.879961,60323,1.857981
479903:ApriltagsCameraLog(1):,,,,,,22.769510,,9.669584,,3.592862,,,
479944:ApriltagsCameraLog(1):,13,18.986183,11.262000,18.986183,11.262000,30.737344,9.452014,9.809838,3.459185,3.594545,19.645476,60325,1.760499
479964:ApriltagsCameraLog(1):,13,30.737344,18.837000,30.737344,18.837000,32.644953,9.627882,9.871489,3.294234,3.578429,22.164379,60327,1.640070
479984:ApriltagsCameraLog(1):,13,32.644953,24.972000,32.644953,24.972000,36.144469,9.676643,9.936938,3.420968,3.555578,16.143127,60329,1.516796
480004:ApriltagsCameraLog(1):,13,36.144469,28.696000,36.144469,28.696000,39.868031,9.720358,9.993907,3.415420,3.544599,15.229171,60330,1.466011
480024:ApriltagsCameraLog(1):,13,39.868031,32.982000,39.868031,32.982000,44.124867,9.771144,10.042663,3.411186,3.528861,13.961026,60331,1.408474
480044:ApriltagsCameraLog(1):,13,44.124867,37.130000,44.124867,37.130000,50.863160,9.826200,10.090523,3.393565,3.517738,13.311421,60332,1.354077
480064:ApriltagsCameraLog(1):,13,50.863160,40.753000,50.863160,40.753000,53.133961,9.916793,10.137608,3.312294,3.497567,14.940565,60333,1.303670
480083:ApriltagsCameraLog(1):,,,,,,59.932168,,10.183988,,3.478960,,,
480103:ApriltagsCameraLog(1):,,,,,,64.502480,,10.245326,,3.484289,,,
480124:ApriltagsCameraLog(1):,,,,,,68.990395,,10.308851,,3.492837,,,
480144:ApriltagsCameraLog(1):,,,,,,74.357216,,10.373197,,3.497833,,,
480163:ApriltagsCameraLog(1):,,,,,,78.441384,,10.442876,,3.496561,,,
480184:ApriltagsCameraLog(1):,,,,,,82.509072,,10.511608,,3.499991,,,
480204:ApriltagsCameraLog(1):,,,,,,86.532814,,10.578737,,3.507995,,,
480223:ApriltagsCameraLog(1):,,,,,,87.549050,,10.644569,,3.506298,,,
480243:ApriltagsCameraLog(1):,,,,,,94.536355,,10.710376,,3.508550,,,
480264:ApriltagsCameraLog(1):,,,,,,98.431008,,10.770618,,3.504186,,,
480283:ApriltagsCameraLog(1):,,,,,,100.337136,,10.831653,,3.503154,,,
480303:ApriltagsCameraLog(1):,,,,,,105.822060,,10.892753,,3.505313,,,
480323:ApriltagsCameraLog(1):,,,,,,109.189370,,10.954685,,3.512483,,,
480344:ApriltagsCameraLog(1):,,,,,,112.328713,,11.021089,,3.508561,,,
480364:ApriltagsCameraLog(1):,,,,,,115.286782,,11.092397,,3.493972,,,
480383:ApriltagsCameraLog(1):,,,,,,118.014138,,11.163705,,3.482787,,,
480404:ApriltagsCameraLog(1):,,,,,,120.395424,,11.235437,,3.474668,,,
480426:ApriltagsCameraLog(1):,,,,,,122.518532,,11.308702,,3.458582,,,
480443:ApriltagsCameraLog(1):,,,,,,123.515542,,11.384225,,3.444467,,,
480464:ApriltagsCameraLog(1):,,,,,,126.045144,,11.459680,,3.427162,,,
480483:ApriltagsCameraLog(1):,,,,,,127.580483,,11.538387,,3.412339,,,
480503:ApriltagsCameraLog(1):,,,,,,129.058144,,11.615186,,3.400325,,,
480524:ApriltagsCameraLog(1):,,,,,,130.439675,,11.693206,,3.390399,,,
480545:ApriltagsCameraLog(1):,,,,,,131.705849,,11.768237,,3.358346,,,
480564:ApriltagsCameraLog(1):,,,,,,132.862160,,11.842191,,3.328353,,,
480584:ApriltagsCameraLog(1):,,,,,,133.362038,,11.917413,,3.299146,,,
480604:ApriltagsCameraLog(1):,1,131.705849,124.901000,131.705849,124.901000,134.551308,11.672717,11.989740,2.924766,3.272461,55.438858,60365,4.498725
480605:ApriltagsCameraLog(1):,2,131.705849,159.485000,131.705849,131.705849,134.525097,11.735794,11.986293,3.025022,3.257718,144.301757,60365,5.149517
480624:ApriltagsCameraLog(1):,1,134.525097,99.778000,134.525097,99.778000,134.862289,11.640196,12.054427,2.840276,3.221423,146.792245,60366,4.475608
480644:ApriltagsCameraLog(1):,1,134.862289,131.670000,134.862289,131.670000,135.833206,11.723142,12.121792,2.854866,3.183299,42.757339,60367,4.426357
480665:ApriltagsCameraLog(1):,1,135.833206,104.849000,135.833206,104.849000,136.342277,11.783232,12.178216,2.807379,3.132782,130.453443,60368,4.353772
480683:ApriltagsCameraLog(1):,,,,,,136.491658,,12.241405,,3.096018,,,
480724:ApriltagsCameraLog(1):,,,,,,137.447469,,12.374575,,3.032894,,,
480744:ApriltagsCameraLog(1):,1,136.491658,119.180000,136.491658,119.180000,137.771565,12.070087,12.437966,2.792098,3.000467,82.307305,60372,4.142041
480764:ApriltagsCameraLog(1):,,,,,,138.030965,,12.499149,,2.956487,,,
480785:ApriltagsCameraLog(1):,1,137.771565,128.606000,137.771565,128.606000,138.390767,12.185889,12.564443,2.686076,2.920408,55.423678,60374,3.989795
480787:ApriltagsCameraLog(1):,2,137.771565,48.825000,137.771565,48.825000,138.358431,12.331809,12.557966,2.732462,2.909358,327.765392,60374,4.515687
480804:ApriltagsCameraLog(1):,1,138.358431,129.542000,138.358431,129.542000,138.625665,12.269485,12.623434,2.597894,2.872267,52.614936,60375,3.870279
480807:ApriltagsCameraLog(1):,2,138.358431,164.707000,138.358431,164.707000,138.594246,12.397626,12.617441,2.670941,2.859384,117.926766,60375,4.430413
480824:ApriltagsCameraLog(1):,1,138.594246,133.315000,138.594246,133.315000,138.862263,12.285761,12.678555,2.624652,2.818024,42.833309,60376,3.879207
480826:ApriltagsCameraLog(1):,2,138.594246,165.787000,138.594246,165.787000,138.839806,12.426637,12.668840,2.670249,2.805183,119.941592,60376,4.406081
480844:ApriltagsCameraLog(1):,,,,,,139.102835,,12.730293,,2.764806,,,
480864:ApriltagsCameraLog(1):,1,138.839806,129.472000,138.839806,129.472000,139.297842,12.512873,12.792185,2.503330,2.726435,50.537587,60379,3.636701
480903:ApriltagsCameraLog(1):,,,,,,139.625645,,12.912664,,2.637680,,,
480924:ApriltagsCameraLog(1):,1,139.297842,130.756000,139.297842,130.756000,139.749241,12.561960,12.975136,2.465778,2.599671,47.502534,60380,3.577388
480926:ApriltagsCameraLog(1):,2,139.297842,167.103000,139.297842,167.103000,139.713994,12.750904,12.968456,2.505976,2.588784,111.039718,60380,4.046447
480944:ApriltagsCameraLog(1):,11,139.713994,137.252000,139.713994,137.252000,139.882395,12.431453,13.030157,2.417664,2.546622,7.664631,60375,1.143801
480964:ApriltagsCameraLog(1):,1,139.882395,129.523000,139.882395,129.523000,139.891612,12.602416,13.030353,2.407515,2.451589,51.042867,60381,3.508864
480966:ApriltagsCameraLog(1):,11,139.891612,137.900000,139.891612,137.900000,139.853097,12.544666,13.025016,2.343926,2.443156,8.552437,60377,1.266502
480984:ApriltagsCameraLog(1):,1,139.853097,131.690000,139.853097,131.690000,140.053476,12.803428,13.035732,2.326525,2.366609,42.721441,60384,3.315126
481005:ApriltagsCameraLog(1):,1,140.053476,131.194000,140.053476,131.194000,140.125879,12.794528,13.095466,2.353291,2.321155,44.762745,60385,3.341860
481006:ApriltagsCameraLog(1):,11,140.053476,138.162000,140.053476,138.162000,140.087714,12.650472,13.088459,2.273616,2.318486,9.601137,60379,1.384246
481027:ApriltagsCameraLog(1):,1,140.087714,131.538000,140.087714,131.538000,140.157019,12.895780,13.147267,2.252969,2.237065,41.921832,60386,3.199965
481029:ApriltagsCameraLog(1):,11,140.157019,138.720000,140.157019,138.720000,140.117402,12.751565,13.144554,2.202704,2.232304,10.304369,60381,1.501208
481044:ApriltagsCameraLog(1):,1,140.117402,132.487000,140.117402,132.487000,140.132760,12.950935,13.141318,2.247946,2.192735,39.292863,60387,3.160874
481064:ApriltagsCameraLog(1):,1,140.132760,131.525000,140.132760,131.525000,140.127764,13.013736,13.202633,2.204424,2.151598,40.378399,60388,3.087470
481065:ApriltagsCameraLog(1):,11,140.127764,138.935000,140.127764,138.935000,140.085891,12.855763,13.200773,2.137758,2.149508,11.120915,60383,1.616976
481084:ApriltagsCameraLog(1):,1,140.085891,131.873000,140.085891,131.873000,140.138571,13.078772,13.232892,2.162928,2.097326,38.454335,60389,3.014225
481104:ApriltagsCameraLog(1):,11,140.138571,139.178000,140.138571,139.178000,140.159622,12.911314,13.295339,2.105037,2.057082,11.421197,60384,1.677532
481125:ApriltagsCameraLog(1):,1,140.159622,131.548000,140.159622,131.548000,140.255475,13.137270,13.332168,2.122806,2.007836,38.289983,60390,2.946645
481144:ApriltagsCameraLog(1):,11,140.255475,139.505000,140.255475,139.505000,140.250029,12.970573,13.396382,2.067152,1.967431,11.775741,60385,1.744212
481164:ApriltagsCameraLog(1):,1,140.250029,131.757000,140.250029,131.757000,140.316551,13.247348,13.437281,2.065478,1.919183,36.382483,60392,2.834203
481166:ApriltagsCameraLog(1):,2,140.250029,53.230000,140.250029,53.230000,140.271041,13.323894,13.437740,2.182898,1.920092,234.244412,60392,3.392990
481185:ApriltagsCameraLog(1):,11,140.271041,139.808000,140.271041,139.808000,140.306851,13.131810,13.501026,1.966841,1.881255,12.983318,60388,1.926093
481204:ApriltagsCameraLog(1):,1,140.306851,132.420000,140.306851,132.420000,140.354844,13.365566,13.539262,1.993816,1.838934,33.359305,60394,2.706273
481206:ApriltagsCameraLog(1):,2,140.306851,53.050000,140.306851,53.050000,140.309066,13.421124,13.541431,2.127894,1.840044,226.146397,60394,3.281561
481209:ApriltagsCameraLog(1):,11,140.309066,139.845000,140.309066,139.845000,140.232188,13.232610,13.540907,1.904763,1.841449,13.937606,60390,2.039937
481225:ApriltagsCameraLog(1):,1,140.232188,132.197000,140.232188,132.197000,140.371825,13.482195,13.577448,1.930536,1.800264,31.912776,60396,2.586841
481227:ApriltagsCameraLog(1):,2,140.232188,167.606000,140.232188,167.606000,140.322452,13.529624,13.580318,2.069124,1.802270,83.208164,60396,3.157970
481228:ApriltagsCameraLog(1):,11,140.322452,139.716000,140.322452,139.716000,140.388467,13.285149,13.583615,1.868441,1.805764,14.656977,60391,2.102366
481244:ApriltagsCameraLog(1):,1,140.388467,132.154000,140.388467,132.154000,140.500143,13.537871,13.618872,1.896267,1.766600,31.398434,60397,2.527410
481246:ApriltagsCameraLog(1):,2,140.388467,167.535000,140.388467,167.535000,140.449159,13.595757,13.622605,2.030566,1.768533,80.447432,60397,3.082098
481248:ApriltagsCameraLog(1):,11,140.449159,139.572000,140.449159,139.572000,140.517052,13.343380,13.626523,1.833363,1.771847,15.596914,60392,2.167393
481265:ApriltagsCameraLog(1):,1,140.517052,132.134000,140.517052,132.134000,140.601948,13.583490,13.660571,1.865490,1.729822,30.908077,60398,2.476669
481266:ApriltagsCameraLog(1):,2,140.517052,167.841000,140.517052,167.841000,140.549279,13.658178,13.663908,1.984142,1.732804,78.536568,60398,3.005234
481268:ApriltagsCameraLog(1):,11,140.549279,140.267000,140.549279,140.267000,140.619303,13.396963,13.667991,1.801068,1.735996,15.237842,60393,2.227440
481284:ApriltagsCameraLog(1):,1,140.619303,132.623000,140.619303,132.623000,140.744007,13.643417,13.697652,1.827811,1.698013,29.332704,60399,2.412412
481304:ApriltagsCameraLog(1):,11,140.744007,139.646000,140.744007,139.646000,140.754070,13.505007,13.745847,1.729720,1.666533,17.563774,60395,2.353258
481324:ApriltagsCameraLog(1):,1,140.744007,132.120000,140.744007,132.120000,140.938998,13.697281,13.771222,1.791125,1.636097,29.465398,60400,2.352649
481326:ApriltagsCameraLog(1):,2,140.744007,168.641000,140.744007,168.641000,140.892491,13.804400,13.789045,1.890036,1.640500,74.502983,60400,2.832417
481344:ApriltagsCameraLog(1):,11,140.892491,140.770000,140.892491,140.770000,141.009147,13.548696,13.828053,1.692713,1.614282,16.476312,60396,2.409617
481363:ApriltagsCameraLog(1):,1,141.009147,132.759000,141.009147,132.759000,141.034361,13.788767,13.839529,1.718273,1.585998,27.271403,60402,2.242889
481365:ApriltagsCameraLog(1):,11,141.034361,140.830000,141.034361,140.830000,140.976083,13.626214,13.843027,1.608735,1.588885,17.536145,60398,2.523119
481384:ApriltagsCameraLog(1):,1,140.976083,132.292000,140.976083,132.292000,140.999898,13.884030,13.851923,1.645727,1.563062,26.255315,60404,2.131530
481385:ApriltagsCameraLog(1):,11,140.999898,140.533000,140.999898,140.533000,140.934572,13.669598,13.858898,1.578080,1.565263,18.427320,60399,2.575666
481404:ApriltagsCameraLog(1):,1,140.934572,132.401000,140.934572,132.401000,140.944511,13.913369,13.864567,1.600651,1.544953,25.245993,60405,2.077720
481423:ApriltagsCameraLog(1):,1,140.944511,133.220000,140.944511,133.220000,140.828312,13.964880,13.884949,1.571559,1.534978,23.421894,60406,2.026801
481427:ApriltagsCameraLog(1):,11,140.944511,141.803000,140.944511,141.803000,140.763692,13.699351,13.894170,1.530933,1.535382,19.591124,60400,2.630277
481444:ApriltagsCameraLog(1):,1,140.763692,132.277000,140.763692,132.277000,140.892995,13.993253,13.885465,1.535422,1.519969,23.752260,60407,1.981038
481448:ApriltagsCameraLog(1):,11,140.763692,141.933000,140.763692,141.933000,140.821158,13.732163,13.896121,1.489574,1.519614,20.628336,60401,2.683596
481464:ApriltagsCameraLog(1):,11,140.821158,141.187000,140.821158,141.187000,140.829008,13.798856,13.885447,1.425766,1.507195,19.907356,60403,2.775596
481484:ApriltagsCameraLog(1):,,,,,,140.758171,,13.886208,,1.493999,,,
481504:ApriltagsCameraLog(1):,11,140.829008,140.897000,140.829008,140.897000,140.785637,13.830821,13.890151,1.416619,1.491698,19.569419,60404,2.804658
481525:ApriltagsCameraLog(1):,2,140.785637,168.570000,140.785637,168.570000,141.115236,14.154440,13.887679,1.579055,1.483840,60.434550,60410,2.374324
481564:ApriltagsCameraLog(1):,11,141.115236,141.191000,141.115236,141.191000,141.621376,13.911407,13.898325,1.354198,1.485174,20.389184,60407,2.904484
481583:ApriltagsCameraLog(1):,,,,,,141.957977,,13.900117,,1.473568,,,
481603:ApriltagsCameraLog(1):,,,,,,142.408417,,13.902272,,1.473377,,,
481623:ApriltagsCameraLog(1):,,,,,,143.402679,,13.903568,,1.473004,,,
481644:ApriltagsCameraLog(1):,,,,,,143.740509,,13.904033,,1.468677,,,
481664:ApriltagsCameraLog(1):,,,,,,144.418915,,13.904666,,1.465811,,,
481683:ApriltagsCameraLog(1):,,,,,,145.374725,,13.903915,,1.463695,,,
481703:ApriltagsCameraLog(1):,,,,,,145.594452,,13.902073,,1.461497,,,
481723:ApriltagsCameraLog(1):,,,,,,145.924042,,13.898680,,1.459338,,,
481744:ApriltagsCameraLog(1):,,,,,,146.080597,,13.893384,,1.460671,,,
481764:ApriltagsCameraLog(1):,2,145.374725,172.300000,145.374725,172.300000,146.154755,14.285247,13.882758,1.403094,1.467261,53.834914,60422,2.197428
481766:ApriltagsCameraLog(1):,11,146.154755,144.140000,146.154755,144.140000,146.253814,14.068458,13.895490,1.225511,1.462055,26.030400,60417,3.083170
481783:ApriltagsCameraLog(1):,,,,,,146.254745,,13.892169,,1.454869,,,
481804:ApriltagsCameraLog(1):,2,146.253814,172.968000,146.253814,172.968000,146.202560,14.276999,13.874657,1.403456,1.464471,53.860710,60425,2.208784
481824:ApriltagsCameraLog(1):,,,,,,146.260362,,13.863161,,1.464026,,,
481844:ApriltagsCameraLog(1):,2,146.202560,173.191000,146.202560,173.191000,146.216417,14.267007,13.830941,1.403069,1.470372,54.518214,60427,2.217407
481864:ApriltagsCameraLog(1):,2,146.216417,172.544000,146.216417,172.544000,146.185525,14.249932,13.803187,1.395588,1.470814,53.901016,60428,2.229686
481905:ApriltagsCameraLog(1):,,,,,,145.884022,,13.739086,,1.477811,,,
481924:ApriltagsCameraLog(1):,,,,,,145.738453,,13.692008,,1.484775,,,
481944:ApriltagsCameraLog(1):,,,,,,145.738453,,13.641166,,1.495231,,,
481964:ApriltagsCameraLog(1):,11,146.185525,145.759000,146.185525,145.759000,145.653309,13.935987,13.592043,1.245984,1.506827,21.688826,60426,2.975198
481985:ApriltagsCameraLog(1):,,,,,,145.489476,,13.555014,,1.500590,,,
482007:ApriltagsCameraLog(1):,,,,,,145.349400,,13.486440,,1.516687,,,
482025:ApriltagsCameraLog(1):,1,145.653309,136.515000,145.653309,136.515000,145.231297,13.967765,13.444054,1.306567,1.526547,21.961580,60436,1.809399
482027:ApriltagsCameraLog(1):,11,145.231297,145.417000,145.231297,145.417000,145.149648,13.774358,13.476423,1.261971,1.514111,20.228463,60431,2.857458
482046:ApriltagsCameraLog(1):,1,145.149648,136.440000,145.149648,136.440000,145.012170,13.937388,13.433949,1.318460,1.508668,21.859775,60437,1.835461
482064:ApriltagsCameraLog(1):,1,145.012170,136.438000,145.012170,136.438000,144.881981,13.902381,13.405187,1.328698,1.512809,22.121732,60438,1.863743
482066:ApriltagsCameraLog(1):,11,144.881981,145.768000,144.881981,145.768000,144.804121,13.685976,13.434668,1.274293,1.503150,21.042921,60433,2.791278
482084:ApriltagsCameraLog(1):,1,144.804121,136.250000,144.804121,136.250000,144.602450,13.857441,13.385061,1.332946,1.501226,22.535076,60439,1.893199
482104:ApriltagsCameraLog(1):,11,144.602450,145.546000,144.602450,145.546000,144.449050,13.632700,13.349106,1.273207,1.508375,20.869499,60434,2.758767
482124:ApriltagsCameraLog(1):,1,144.449050,136.404000,144.449050,136.404000,144.313026,13.822725,13.291227,1.363380,1.508945,22.557100,60440,1.937555
482144:ApriltagsCameraLog(1):,11,144.313026,145.061000,144.313026,145.061000,144.077462,13.546608,13.251418,1.292457,1.520068,19.909023,60436,2.690439
