495267:ApriltagsCameraLog(1):,tag,last yaw,cam yaw,calc yaw,update yaw, est yaw,x,est x,y,est y,adjust,frame,dist
495284:ApriltagsCameraLog(1):,7,9.844915,9.042000,9.844915,9.042000,9.663046,3.057827,3.304825,6.380945,6.099549,26.445370,61098,3.434981
495286:ApriltagsCameraLog(1):,8,9.844915,10.606000,9.844915,10.606000,9.655865,3.042799,3.295446,6.377761,6.108083,27.524699,61098,3.572250
495304:ApriltagsCameraLog(1):,,,,,,9.627339,,3.319548,,6.062065,,,
495324:ApriltagsCameraLog(1):,7,9.655865,9.326000,9.655865,9.326000,9.641072,3.100884,3.353438,6.300291,6.008411,25.510793,61100,3.462019
495326:ApriltagsCameraLog(1):,8,9.655865,10.230000,9.655865,10.230000,9.637512,3.095223,3.344453,6.298432,6.016486,27.235737,61100,3.594618
495344:ApriltagsCameraLog(1):,7,9.637512,8.242000,9.637512,8.242000,9.720443,3.166469,3.368971,6.233091,5.968041,28.635826,61102,3.516130
495346:ApriltagsCameraLog(1):,8,9.637512,9.003000,9.637512,9.003000,9.710722,3.172659,3.361363,6.238368,5.976130,27.859762,61102,3.649687
495364:ApriltagsCameraLog(1):,7,9.710722,9.970000,9.710722,9.970000,9.796863,3.188752,3.389035,6.192187,5.925685,25.916598,61103,3.532703
495365:ApriltagsCameraLog(1):,8,9.710722,10.517000,9.710722,10.517000,9.799551,3.177117,3.381196,6.191969,5.934241,28.232268,61103,3.640725
495384:ApriltagsCameraLog(1):,7,9.799551,16.694000,9.799551,16.694000,9.943178,3.326640,3.408523,6.154161,5.882830,44.465662,61104,3.664961
495386:ApriltagsCameraLog(1):,8,9.799551,9.588000,9.799551,9.588000,9.974587,3.195625,3.409290,6.138611,5.888459,26.705412,61104,3.644020
495404:ApriltagsCameraLog(1):,7,9.974587,9.091000,9.974587,9.091000,10.179668,3.231005,3.436803,6.096367,5.834953,27.766248,61105,3.564005
495406:ApriltagsCameraLog(1):,8,9.974587,10.208000,9.974587,10.208000,10.174565,3.226774,3.428934,6.097849,5.842883,26.926009,61105,3.663982
495425:ApriltagsCameraLog(1):,,,,,,10.372584,,3.457145,,5.789411,,,
495444:ApriltagsCameraLog(1):,7,10.174565,10.345000,10.174565,10.345000,10.564845,3.283686,3.493943,6.047900,5.727568,26.339607,61106,3.612276
495445:ApriltagsCameraLog(1):,8,10.174565,11.186000,10.174565,11.186000,10.568176,3.264528,3.488279,6.049620,5.734902,29.195386,61106,3.689212
495464:ApriltagsCameraLog(1):,,,,,,10.777384,,3.521354,,5.678703,,,
495484:ApriltagsCameraLog(1):,7,10.568176,11.339000,10.568176,11.339000,10.966898,3.348875,3.561093,5.951751,5.615498,28.400396,61108,3.670987
495485:ApriltagsCameraLog(1):,8,10.568176,12.490000,10.568176,12.490000,10.974156,3.330818,3.556136,5.954258,5.623427,32.029965,61108,3.733333
495504:ApriltagsCameraLog(1):,7,10.974156,10.241000,10.974156,10.241000,11.185449,3.442266,3.590910,5.839182,5.567183,29.064896,61110,3.759943
495506:ApriltagsCameraLog(1):,8,10.974156,12.104000,10.974156,12.104000,11.182257,3.276604,3.587431,5.821466,5.574341,29.205729,61110,3.655115
495525:ApriltagsCameraLog(1):,7,11.182257,11.880000,11.182257,11.880000,11.331850,3.441070,3.614087,5.800015,5.517838,28.954309,61111,3.758226
495527:ApriltagsCameraLog(1):,8,11.182257,12.947000,11.182257,12.947000,11.338643,3.414930,3.609708,5.799311,5.525521,32.122548,61111,3.788010
495544:ApriltagsCameraLog(1):,7,11.338643,12.130000,11.338643,12.130000,11.447460,3.458846,3.649086,5.717364,5.471927,29.355674,61112,3.775369
495546:ApriltagsCameraLog(1):,8,11.338643,12.573000,11.338643,12.573000,11.454346,3.451588,3.643848,5.718092,5.477632,30.886458,61112,3.811607
495564:ApriltagsCameraLog(1):,7,11.454346,9.682000,11.454346,9.682000,11.573563,3.533846,3.688803,5.672311,5.424521,32.735166,61113,3.850854
495565:ApriltagsCameraLog(1):,8,11.454346,5.202000,11.454346,5.202000,11.563813,3.344158,3.686601,5.659615,5.429715,43.195198,61113,3.697228
495584:ApriltagsCameraLog(1):,,,,,,11.560530,,3.726174,,5.374895,,,
495626:ApriltagsCameraLog(1):,7,11.563813,11.253000,11.563813,11.253000,11.392989,3.559283,3.836481,5.616982,5.269261,28.890842,61114,3.877493
495634:ApriltagsCameraLog(1):,8,11.563813,-2.698000,11.563813,-2.698000,11.392078,3.525878,3.832599,5.620559,5.274800,67.886721,61114,3.872612
495664:ApriltagsCameraLog(1):,7,11.392078,12.447000,11.392078,12.447000,11.125492,3.660837,3.945422,5.437476,5.176063,31.942000,61117,3.986740
495666:ApriltagsCameraLog(1):,8,11.392078,13.434000,11.392078,13.434000,11.131694,3.639598,3.939393,5.440668,5.179307,34.607527,61117,3.967401
495685:ApriltagsCameraLog(1):,7,11.131694,12.565000,11.131694,12.565000,11.156790,3.742789,3.997648,5.356649,5.133253,33.834086,61119,4.074071
495687:ApriltagsCameraLog(1):,8,11.131694,12.060000,11.131694,12.060000,11.164377,3.724624,3.991240,5.357440,5.139535,32.095492,61119,4.046142
495705:ApriltagsCameraLog(1):,7,11.164377,10.977000,11.164377,10.977000,11.224131,3.799030,4.045298,5.297393,5.096703,30.649098,61120,4.135671
495706:ApriltagsCameraLog(1):,8,11.164377,12.329000,11.164377,12.329000,11.222765,3.793494,4.038250,5.298140,5.100598,33.381151,61120,4.112380
495724:ApriltagsCameraLog(1):,,,,,,11.149921,,4.093083,,5.057181,,,
495746:ApriltagsCameraLog(1):,7,11.222765,11.800000,11.222765,11.800000,11.020831,3.846562,4.159892,5.271841,5.013537,32.245325,61121,4.185699
495765:ApriltagsCameraLog(1):,7,11.020831,11.313000,11.020831,11.313000,10.906627,3.950240,4.222735,5.172441,4.974145,32.314607,61123,4.299660
495767:ApriltagsCameraLog(1):,8,11.020831,11.553000,11.020831,11.553000,10.907349,3.935663,4.216742,5.173752,4.978952,32.661296,61123,4.251373
495784:ApriltagsCameraLog(1):,7,10.907349,11.144000,10.907349,11.144000,10.670566,3.998916,4.276166,5.109399,4.940047,32.601395,61124,4.355964
495803:ApriltagsCameraLog(1):,,,,,,10.591250,,4.335086,,4.897967,,,
495824:ApriltagsCameraLog(1):,7,10.670566,12.705000,10.670566,12.705000,10.451174,4.062619,4.405117,5.074054,4.852584,38.977238,61125,4.423512
495826:ApriltagsCameraLog(1):,8,10.670566,11.664000,10.670566,11.664000,10.460053,4.033092,4.400033,5.077143,4.855911,34.943911,61125,4.348271
495843:ApriltagsCameraLog(1):,,,,,,10.288194,,4.461713,,4.814776,,,
495883:ApriltagsCameraLog(1):,7,10.460053,12.055000,10.460053,12.055000,9.898180,4.176249,4.600389,4.979561,4.724652,38.725306,61127,4.549804
495885:ApriltagsCameraLog(1):,8,10.460053,12.817000,10.460053,12.817000,9.905471,4.153805,4.594682,4.983677,4.727497,40.489662,61127,4.470840
495924:ApriltagsCameraLog(1):,7,9.905471,11.794000,9.905471,11.794000,9.443744,4.354480,4.728481,4.860043,4.637861,41.559506,61130,4.744707
495943:ApriltagsCameraLog(1):,,,,,,9.248152,,4.792504,,4.594274,,,
495964:ApriltagsCameraLog(1):,7,9.443744,9.685000,9.443744,9.685000,9.091597,4.468203,4.862333,4.772432,4.548036,36.843131,61132,4.871901
495984:ApriltagsCameraLog(1):,,,,,,8.923790,,4.924146,,4.504967,,,
496004:ApriltagsCameraLog(1):,7,9.091597,8.939000,9.091597,9.091597,8.750755,4.701424,4.994209,4.623364,4.457986,38.620030,61136,5.129945
496006:ApriltagsCameraLog(1):,13,9.091597,3.216000,9.091597,9.091597,8.751167,5.136121,4.985276,5.217698,4.462504,70.782491,61130,5.948215
496024:ApriltagsCameraLog(1):,7,8.751167,9.797000,8.751167,8.751167,8.569437,4.781783,5.073052,4.587889,4.428716,42.773056,61137,5.215406
496026:ApriltagsCameraLog(1):,13,8.751167,21.335000,8.751167,8.751167,8.569015,5.103837,5.065035,5.173296,4.432521,101.183481,61131,5.975438
496043:ApriltagsCameraLog(1):,,,,,,8.406985,,5.146711,,4.394155,,,
496065:ApriltagsCameraLog(1):,7,8.569015,9.579000,8.569015,8.569015,8.239444,4.865410,5.218575,4.508575,4.346610,43.504945,61138,5.314260
496067:ApriltagsCameraLog(1):,13,8.239444,8.107000,8.239444,8.239444,8.239029,5.232736,5.210933,5.114237,4.348363,44.315733,61133,5.842059
496084:ApriltagsCameraLog(1):,7,8.239029,32.335000,8.239029,8.239029,8.072633,4.900655,5.288925,4.478634,4.329364,135.833820,61139,5.354834
496104:ApriltagsCameraLog(1):,7,8.072633,8.434000,8.072633,8.072633,7.926689,4.981178,5.357038,4.417155,4.282168,42.044690,61140,5.447290
496124:ApriltagsCameraLog(1):,,,,,,7.785439,,5.420133,,4.234285,,,
496164:ApriltagsCameraLog(1):,7,7.926689,7.495000,7.926689,7.926689,7.510780,5.015954,5.564824,4.391668,4.139013,42.660771,61141,5.486920
496183:ApriltagsCameraLog(1):,,,,,,7.377886,,5.627970,,4.092686,,,
496203:ApriltagsCameraLog(1):,,,,,,7.237810,,5.700134,,4.045049,,,
496224:ApriltagsCameraLog(1):,13,7.510780,13.071000,7.510780,7.510780,7.119707,5.745393,5.772803,4.725804,3.997627,61.271969,61141,5.297165
496243:ApriltagsCameraLog(1):,,,,,,7.045961,,5.849181,,3.969704,,,
496264:ApriltagsCameraLog(1):,,,,,,7.032228,,5.922023,,3.922547,,,
496284:ApriltagsCameraLog(1):,,,,,,7.054200,,5.995106,,3.875234,,,
496304:ApriltagsCameraLog(1):,8,7.045961,-2.907000,7.045961,7.045961,7.054200,5.492231,6.067687,3.991819,3.828263,88.404283,61150,5.913294
496323:ApriltagsCameraLog(1):,,,,,,7.067949,,6.133122,,3.781214,,,
496348:ApriltagsCameraLog(1):,,,,,,7.065202,,6.207202,,3.733780,,,
496363:ApriltagsCameraLog(1):,,,,,,7.087175,,6.281577,,3.686811,,,
496383:ApriltagsCameraLog(1):,,,,,,7.147600,,6.356755,,3.639416,,,
496404:ApriltagsCameraLog(1):,,,,,,7.142107,,6.431186,,3.592541,,,
496424:ApriltagsCameraLog(1):,,,,,,7.065202,,6.507661,,3.546164,,,
496443:ApriltagsCameraLog(1):,,,,,,7.087175,,6.584420,,3.499669,,,
496463:ApriltagsCameraLog(1):,,,,,,7.062456,,6.661414,,3.456795,,,
496483:ApriltagsCameraLog(1):,,,,,,6.977312,,6.739937,,3.412931,,,
496503:ApriltagsCameraLog(1):,,,,,,6.933366,,6.819466,,3.368394,,,
496524:ApriltagsCameraLog(1):,,,,,,6.804277,,6.894722,,3.326112,,,
496564:ApriltagsCameraLog(1):,,,,,,6.482927,,7.051357,,3.248494,,,
496583:ApriltagsCameraLog(1):,,,,,,6.282426,,7.132262,,3.209714,,,
496604:ApriltagsCameraLog(1):,,,,,,6.167070,,7.211690,,3.171346,,,
496624:ApriltagsCameraLog(1):,,,,,,6.065446,,7.290387,,3.133506,,,
496644:ApriltagsCameraLog(1):,10,6.282426,7.656000,6.282426,6.282426,5.928117,6.871328,7.369568,3.401258,3.095282,54.852758,61167,6.403531
496664:ApriltagsCameraLog(1):,13,5.928117,-10.370000,5.928117,-10.370000,5.730552,7.190598,7.438654,3.809305,3.059220,73.948671,61163,3.889922
496683:ApriltagsCameraLog(1):,,,,,,5.477425,,7.512828,,3.032504,,,
496704:ApriltagsCameraLog(1):,,,,,,5.265938,,7.588652,,2.990336,,,
496724:ApriltagsCameraLog(1):,13,5.730552,7.224000,5.730552,7.224000,5.087411,7.356185,7.664029,3.740361,2.947994,30.925888,61165,3.738426
496744:ApriltagsCameraLog(1):,,,,,,4.828194,,7.732420,,2.938059,,,
496764:ApriltagsCameraLog(1):,,,,,,4.685372,,7.799419,,2.882379,,,
496784:ApriltagsCameraLog(1):,,,,,,4.526070,,7.865894,,2.827018,,,
496804:ApriltagsCameraLog(1):,13,4.828194,5.121000,4.828194,5.121000,4.504097,7.613349,7.931967,3.591462,2.771637,25.901793,61169,3.520619
496823:ApriltagsCameraLog(1):,,,,,,4.459813,,7.985239,,2.757754,,,
496844:ApriltagsCameraLog(1):,13,4.504097,4.205000,4.504097,4.205000,4.418614,7.726287,8.045814,3.468121,2.698062,25.279616,61171,3.443183
496863:ApriltagsCameraLog(1):,,,,,,4.578167,,8.091233,,2.678175,,,
496883:ApriltagsCameraLog(1):,13,4.418614,5.884000,4.418614,5.884000,4.742962,7.874594,8.147069,3.388060,2.615957,27.049613,61173,3.324052
496904:ApriltagsCameraLog(1):,13,4.742962,6.171000,4.742962,6.171000,4.934738,7.941338,8.195791,3.320806,2.594446,26.556988,61174,3.279806
496924:ApriltagsCameraLog(1):,13,4.934738,6.218000,4.934738,6.218000,5.477867,8.054818,8.246582,3.207229,2.569953,25.603168,61176,3.211410
496948:ApriltagsCameraLog(1):,,,,,,6.551693,,8.317739,,2.510178,,,
496965:ApriltagsCameraLog(1):,13,5.477867,6.496000,5.477867,6.496000,7.051571,8.158894,8.340948,3.086901,2.482743,24.540412,61178,3.159094
496984:ApriltagsCameraLog(1):,,,,,,8.914728,,8.388185,,2.456425,,,
497005:ApriltagsCameraLog(1):,13,7.051571,6.930000,7.051571,6.930000,9.664545,8.189572,8.440070,2.990609,2.398803,22.576697,61179,3.163191
497025:ApriltagsCameraLog(1):,,,,,,11.467161,,8.476809,,2.371277,,,
497044:ApriltagsCameraLog(1):,13,9.664545,7.692000,9.664545,7.692000,13.587523,8.319986,8.520974,2.843435,2.310545,26.112258,61181,3.101264
497084:ApriltagsCameraLog(1):,13,13.587523,9.586000,13.587523,9.586000,18.946483,8.433614,8.597391,2.671222,2.214802,30.202498,61182,3.071358
497104:ApriltagsCameraLog(1):,13,18.946483,11.822000,18.946483,11.822000,22.191827,8.519225,8.642003,2.444811,2.171676,37.359210,61184,3.102032
497124:ApriltagsCameraLog(1):,,,,,,25.680948,,8.688075,,2.123589,,,
497144:ApriltagsCameraLog(1):,,,,,,29.388833,,8.737481,,2.073263,,,
497163:ApriltagsCameraLog(1):,,,,,,32.997842,,8.786719,,2.022295,,,
497183:ApriltagsCameraLog(1):,,,,,,36.705728,,8.837068,,1.975784,,,
497204:ApriltagsCameraLog(1):,,,,,,41.146951,,8.890063,,1.932697,,,
497223:ApriltagsCameraLog(1):,,,,,,48.686319,,8.936696,,1.887478,,,
497244:ApriltagsCameraLog(1):,,,,,,51.339517,,8.984367,,1.847408,,,
497265:ApriltagsCameraLog(1):,,,,,,59.406228,,9.020196,,1.804860,,,
497284:ApriltagsCameraLog(1):,,,,,,64.940591,,9.059087,,1.765950,,,
497304:ApriltagsCameraLog(1):,,,,,,67.717386,,9.097309,,1.731048,,,
497343:ApriltagsCameraLog(1):,,,,,,78.874002,,9.172102,,1.668826,,,
497363:ApriltagsCameraLog(1):,,,,,,84.622598,,9.206985,,1.638063,,,
497383:ApriltagsCameraLog(1):,,,,,,90.346475,,9.243842,,1.611883,,,
497403:ApriltagsCameraLog(1):,,,,,,98.734537,,9.285383,,1.589966,,,
497424:ApriltagsCameraLog(1):,,,,,,101.321817,,9.322409,,1.564321,,,
497444:ApriltagsCameraLog(1):,,,,,,106.048685,,9.358414,,1.542810,,,
497463:ApriltagsCameraLog(1):,,,,,,110.174051,,9.388383,,1.524047,,,
497484:ApriltagsCameraLog(1):,,,,,,113.736368,,9.418081,,1.509488,,,
497503:ApriltagsCameraLog(1):,,,,,,116.595560,,9.448541,,1.497604,,,
497523:ApriltagsCameraLog(1):,,,,,,118.880716,,9.476610,,1.488746,,,
497543:ApriltagsCameraLog(1):,,,,,,120.561624,,9.498680,,1.477577,,,
497565:ApriltagsCameraLog(1):,,,,,,122.319436,,9.516761,,1.464626,,,
497583:ApriltagsCameraLog(1):,,,,,,122.808328,,9.531232,,1.454694,,,
497603:ApriltagsCameraLog(1):,,,,,,123.635049,,9.542721,,1.448276,,,
497624:ApriltagsCameraLog(1):,,,,,,124.285989,,9.551991,,1.444455,,,
497644:ApriltagsCameraLog(1):,,,,,,124.887491,,9.556877,,1.443176,,,
497664:ApriltagsCameraLog(1):,,,,,,125.480752,,9.563535,,1.440926,,,
497683:ApriltagsCameraLog(1):,,,,,,125.958658,,9.568548,,1.439439,,,
497703:ApriltagsCameraLog(1):,,,,,,126.255289,,9.571840,,1.438581,,,
497724:ApriltagsCameraLog(1):,,,,,,126.472269,,9.573429,,1.438328,,,
497743:ApriltagsCameraLog(1):,,,,,,126.719461,,9.575697,,1.437837,,,
497763:ApriltagsCameraLog(1):,,,,,,126.856790,,9.577033,,1.436377,,,
497785:ApriltagsCameraLog(1):,,,,,,126.804605,,9.578407,,1.434614,,,
497803:ApriltagsCameraLog(1):,,,,,,126.716714,,9.580574,,1.431684,,,
497824:ApriltagsCameraLog(1):,,,,,,126.708475,,9.581731,,1.427819,,,
497844:ApriltagsCameraLog(1):,,,,,,126.670022,,9.582937,,1.423653,,,
497864:ApriltagsCameraLog(1):,,,,,,126.557413,,9.583981,,1.418735,,,
497884:ApriltagsCameraLog(1):,,,,,,126.510721,,9.585098,,1.413217,,,
497903:ApriltagsCameraLog(1):,,,,,,126.527200,,9.586182,,1.407999,,,
497923:ApriltagsCameraLog(1):,,,,,,126.549173,,9.588545,,1.401500,,,
497944:ApriltagsCameraLog(1):,,,,,,126.557413,,9.595408,,1.395309,,,
497963:ApriltagsCameraLog(1):,,,,,,126.634317,,9.603800,,1.391033,,,
497983:ApriltagsCameraLog(1):,,,,,,126.705728,,9.611783,,1.386400,,,
498003:ApriltagsCameraLog(1):,,,,,,126.741434,,9.621117,,1.380529,,,
498024:ApriltagsCameraLog(1):,,,,,,126.755166,,9.636898,,1.376131,,,
498043:ApriltagsCameraLog(1):,,,,,,126.757913,,9.655400,,1.371697,,,
498064:ApriltagsCameraLog(1):,,,,,,126.782632,,9.676861,,1.371499,,,
498084:ApriltagsCameraLog(1):,,,,,,126.757913,,9.700739,,1.371247,,,
498104:ApriltagsCameraLog(1):,,,,,,126.727701,,9.728848,,1.370953,,,
498143:ApriltagsCameraLog(1):,,,,,,126.653543,,9.788092,,1.370551,,,
498163:ApriltagsCameraLog(1):,,,,,,126.700235,,9.819508,,1.371237,,,
498204:ApriltagsCameraLog(1):,,,,,,127.208352,,9.889879,,1.373146,,,
498224:ApriltagsCameraLog(1):,,,,,,127.763162,,9.929433,,1.373849,,,
498243:ApriltagsCameraLog(1):,,,,,,128.532205,,9.967771,,1.374847,,,
498264:ApriltagsCameraLog(1):,,,,,,129.710489,,10.002586,,1.371739,,,
498283:ApriltagsCameraLog(1):,,,,,,131.278787,,10.038299,,1.369307,,,
498303:ApriltagsCameraLog(1):,,,,,,133.077798,,10.077685,,1.368163,,,
498323:ApriltagsCameraLog(1):,,,,,,135.102029,,10.116722,,1.367848,,,
498344:ApriltagsCameraLog(1):,,,,,,137.247110,,10.156695,,1.364853,,,
498364:ApriltagsCameraLog(1):,,,,,,139.400430,,10.199784,,1.361004,,,
498383:ApriltagsCameraLog(1):,,,,,,141.496072,,10.242033,,1.358100,,,
498404:ApriltagsCameraLog(1):,,,,,,143.440652,,10.286104,,1.356357,,,
498425:ApriltagsCameraLog(1):,,,,,,146.019693,,10.330477,,1.347984,,,
498444:ApriltagsCameraLog(1):,,,,,,146.753030,,10.375091,,1.340850,,,
498464:ApriltagsCameraLog(1):,,,,,,147.972513,,10.420289,,1.329901,,,
498483:ApriltagsCameraLog(1):,,,,,,148.958536,,10.467687,,1.319564,,,
498504:ApriltagsCameraLog(1):,,,,,,149.722085,,10.515298,,1.309979,,,
498524:ApriltagsCameraLog(1):,1,146.753030,138.105000,146.753030,146.753030,150.323587,10.176903,10.564448,1.386610,1.300805,70.029977,61260,5.069194
498543:ApriltagsCameraLog(1):,,,,,,150.727997,,10.607308,,1.290381,,,
498564:ApriltagsCameraLog(1):,1,150.323587,139.806000,150.323587,139.806000,151.035615,10.260829,10.655158,1.230009,1.267962,75.243202,61262,4.959067
498584:ApriltagsCameraLog(1):,14,151.035615,151.551000,151.035615,151.035615,151.229970,9.680293,10.698522,1.160904,1.242390,39.668646,61258,5.090548
498604:ApriltagsCameraLog(1):,1,151.229970,141.368000,151.229970,141.368000,151.362920,10.369546,10.707565,1.200351,1.213067,71.114235,61264,4.850528
498625:ApriltagsCameraLog(1):,14,151.362920,154.430000,151.362920,151.362920,151.438867,9.832983,10.752389,1.016121,1.185853,51.426759,61260,5.294496
498643:ApriltagsCameraLog(1):,,,,,,151.489875,,10.773389,,1.152480,,,
498665:ApriltagsCameraLog(1):,14,151.438867,-146.712000,151.438867,151.438867,151.511848,9.917018,10.826214,0.935209,1.127429,289.297332,61263,5.408069
498684:ApriltagsCameraLog(1):,,,,,,151.511857,,10.871759,,1.101832,,,
498704:ApriltagsCameraLog(1):,,,,,,151.522843,,10.924315,,1.076917,,,
498723:ApriltagsCameraLog(1):,,,,,,151.531083,,10.977165,,1.051913,,,
498743:ApriltagsCameraLog(1):,,,,,,151.473405,,11.032552,,1.031222,,,
498763:ApriltagsCameraLog(1):,,,,,,151.437699,,11.090054,,1.014507,,,
498784:ApriltagsCameraLog(1):,1,151.522843,142.034000,151.522843,142.034000,151.448686,10.758621,11.148388,1.078709,0.997428,63.444061,61273,4.444255
498804:ApriltagsCameraLog(1):,,,,,,151.451807,,11.200184,,0.980448,,,
498824:ApriltagsCameraLog(1):,1,151.448686,141.761000,151.448686,141.761000,151.440820,10.858420,11.260331,1.042020,0.967438,62.415124,61275,4.337828
498844:ApriltagsCameraLog(1):,1,151.440820,142.669000,151.440820,142.669000,151.426481,10.952217,11.313257,1.023402,0.954415,58.080771,61277,4.242551
498864:ApriltagsCameraLog(1):,1,151.426481,142.493000,151.426481,142.493000,151.451413,10.999484,11.367322,1.004558,0.945985,57.812570,61278,4.191821
498884:ApriltagsCameraLog(1):,1,151.451413,141.590000,151.451413,141.590000,151.503159,11.048974,11.422028,0.998855,0.936340,59.867870,61279,4.142851
498905:ApriltagsCameraLog(1):,1,151.503159,141.586000,151.503159,141.586000,151.487119,11.096851,11.478926,0.989179,0.927466,59.264403,61280,4.094431
498944:ApriltagsCameraLog(1):,1,151.487119,141.880000,151.487119,141.880000,151.476216,11.176368,11.598594,0.981868,0.912487,57.112884,61281,4.016081
498984:ApriltagsCameraLog(1):,1,151.476216,141.776000,151.476216,141.776000,151.475980,11.219079,11.719281,0.997035,0.912574,56.809130,61283,3.979601
499024:ApriltagsCameraLog(1):,1,151.475980,142.810000,151.475980,142.810000,151.513537,11.373167,11.839480,0.982688,0.918837,51.566835,61285,3.828263
499044:ApriltagsCameraLog(1):,1,151.513537,140.955000,151.513537,140.955000,151.581850,11.393011,11.893415,1.012644,0.924436,56.638659,61287,3.818743
499064:ApriltagsCameraLog(1):,1,151.581850,142.245000,151.581850,142.245000,151.616431,11.535371,11.943831,0.979942,0.935924,51.027645,61288,3.673601
499084:ApriltagsCameraLog(1):,1,151.616431,141.005000,151.616431,141.005000,151.660247,11.580991,11.999004,0.999169,0.945863,53.781776,61289,3.636647
499103:ApriltagsCameraLog(1):,,,,,,151.673684,,12.054230,,0.957331,,,
499124:ApriltagsCameraLog(1):,1,151.660247,142.126000,151.660247,142.126000,151.797280,11.699564,12.120400,1.030431,0.967341,49.388525,61291,3.535381
499143:ApriltagsCameraLog(1):,,,,,,151.896489,,12.175504,,0.982974,,,
499164:ApriltagsCameraLog(1):,1,151.797280,142.957000,151.797280,142.957000,152.011845,11.772415,12.242313,1.022875,0.998587,46.572491,61292,3.464955
499183:ApriltagsCameraLog(1):,,,,,,152.016057,,12.299125,,1.016049,,,
499204:ApriltagsCameraLog(1):,1,152.011845,143.451000,152.011845,143.451000,151.933660,11.862243,12.365352,1.056523,1.031503,44.825019,61294,3.393789
499224:ApriltagsCameraLog(1):,,,,,,151.775643,,12.420249,,1.048622,,,
499265:ApriltagsCameraLog(1):,1,151.933660,144.265000,151.933660,144.265000,151.734444,12.052218,12.557432,1.106871,1.079082,40.451399,61297,3.236804
499303:ApriltagsCameraLog(1):,,,,,,151.888996,,12.682567,,1.111382,,,
499324:ApriltagsCameraLog(1):,,,,,,152.084004,,12.751956,,1.126485,,,
499344:ApriltagsCameraLog(1):,1,151.734444,144.601000,151.734444,144.601000,152.380635,12.324133,12.821053,1.203158,1.139959,36.403546,61302,3.030884
499363:ApriltagsCameraLog(1):,,,,,,152.530538,,12.874749,,1.156689,,,
499384:ApriltagsCameraLog(1):,1,152.380635,143.353000,152.380635,143.353000,152.873860,12.513435,12.945114,1.246327,1.169943,38.237455,61305,2.886969
499403:ApriltagsCameraLog(1):,,,,,,153.106801,,12.999130,,1.187045,,,
499423:ApriltagsCameraLog(1):,1,152.873860,145.221000,152.873860,145.221000,153.375966,12.583555,13.067757,1.241903,1.197866,34.608786,61306,2.825650
499444:ApriltagsCameraLog(1):,1,153.375966,144.589000,153.375966,144.589000,153.613404,12.640904,13.118732,1.241839,1.211599,36.113870,61307,2.777854
499464:ApriltagsCameraLog(1):,,,,,,153.888849,,13.169080,,1.221488,,,
499484:ApriltagsCameraLog(1):,1,153.613404,146.954000,153.613404,146.954000,154.284357,12.702089,13.234619,1.262160,1.229975,31.476441,61308,2.736762
499504:ApriltagsCameraLog(1):,1,154.284357,149.756000,154.284357,149.756000,154.679094,12.771753,13.281435,1.320371,1.242008,27.155415,61310,2.711415
499505:ApriltagsCameraLog(1):,14,154.284357,157.847000,154.284357,154.284357,154.650339,12.123559,13.258203,1.031889,1.248414,75.414057,61304,7.325531
499525:ApriltagsCameraLog(1):,14,154.650339,158.449000,154.650339,154.650339,155.104104,12.203214,13.319938,1.024417,1.247233,77.551741,61306,7.400296
499544:ApriltagsCameraLog(1):,1,155.104104,146.120000,155.104104,146.120000,155.588590,12.898287,13.357893,1.321091,1.245905,33.935961,61312,2.609498
499564:ApriltagsCameraLog(1):,1,155.588590,147.676000,155.588590,147.676000,156.133085,12.990626,13.401837,1.302193,1.247848,30.803231,61313,2.524552
499567:ApriltagsCameraLog(1):,14,156.133085,155.484000,156.133085,156.133085,156.086904,12.159164,13.386532,1.198951,1.250386,58.895011,61308,7.288154
499585:ApriltagsCameraLog(1):,1,156.086904,147.835000,156.086904,147.835000,156.802273,13.058078,13.405285,1.303822,1.248057,30.624530,61314,2.472352
499604:ApriltagsCameraLog(1):,1,156.802273,148.790000,156.802273,148.790000,157.808894,13.098877,13.444798,1.306607,1.251371,29.802826,61315,2.443230
499624:ApriltagsCameraLog(1):,1,157.808894,148.125000,157.808894,148.125000,158.114283,13.131917,13.477622,1.304879,1.248153,32.178014,61316,2.418423
499644:ApriltagsCameraLog(1):,,,,,,158.840432,,13.506381,,1.243754,,,
499664:ApriltagsCameraLog(1):,1,158.114283,150.842000,158.114283,150.842000,159.650673,13.209177,13.543502,1.319310,1.233742,27.527832,61317,2.367197
499704:ApriltagsCameraLog(1):,1,159.650673,153.505000,159.650673,153.505000,160.234094,13.285792,13.594903,1.330712,1.222035,25.104010,61319,2.318555
499724:ApriltagsCameraLog(1):,1,160.234094,152.049000,160.234094,152.049000,160.444373,13.334485,13.607236,1.340804,1.221826,27.847656,61320,2.289181
499743:ApriltagsCameraLog(1):,,,,,,160.292765,,13.618529,,1.223367,,,
499763:ApriltagsCameraLog(1):,,,,,,159.971415,,13.632908,,1.216251,,,
499786:ApriltagsCameraLog(1):,,,,,,159.581400,,13.638768,,1.212534,,,
499803:ApriltagsCameraLog(1):,,,,,,159.040323,,13.642502,,1.209889,,,
499845:ApriltagsCameraLog(1):,,,,,,158.309733,,13.652087,,1.201666,,,
499864:ApriltagsCameraLog(1):,,,,,,157.952677,,13.662501,,1.194920,,,
499884:ApriltagsCameraLog(1):,,,,,,157.779642,,13.666950,,1.191922,,,
499904:ApriltagsCameraLog(1):,,,,,,157.433573,,13.669528,,1.190447,,,
499924:ApriltagsCameraLog(1):,2,157.952677,-175.183000,157.952677,-175.183000,157.263285,13.905032,13.671084,1.352421,1.190262,65.020399,61331,2.579720
499943:ApriltagsCameraLog(1):,,,,,,157.005540,,13.680708,,1.194558,,,
499963:ApriltagsCameraLog(1):,,,,,,156.590806,,13.682570,,1.194713,,,
499983:ApriltagsCameraLog(1):,,,,,,155.821763,,13.682708,,1.196252,,,
500005:ApriltagsCameraLog(1):,,,,,,154.050218,,13.681676,,1.197388,,,
500023:ApriltagsCameraLog(1):,,,,,,152.470933,,13.680163,,1.198339,,,
500043:ApriltagsCameraLog(1):,,,,,,151.556321,,13.678189,,1.198266,,,
500063:ApriltagsCameraLog(1):,,,,,,149.457932,,13.678191,,1.199252,,,
500083:ApriltagsCameraLog(1):,,,,,,145.879136,,13.678241,,1.200239,,,
500106:ApriltagsCameraLog(1):,1,152.470933,134.935000,152.470933,134.935000,144.590989,13.831217,13.678506,1.207846,1.200331,32.001505,61339,1.827716
500124:ApriltagsCameraLog(1):,1,144.590989,141.392000,144.590989,141.392000,141.893846,13.904864,13.688099,1.287644,1.201413,15.343826,61341,1.828125
500144:ApriltagsCameraLog(1):,1,141.893846,139.049000,141.893846,139.049000,139.208005,13.916177,13.714774,1.297584,1.211723,14.884041,61342,1.823445
500164:ApriltagsCameraLog(1):,1,139.208005,136.744000,139.208005,136.744000,136.666261,13.928247,13.742644,1.303678,1.221871,14.358508,61343,1.814997
500184:ApriltagsCameraLog(1):,,,,,,134.310036,,13.770284,,1.231317,,,
500204:ApriltagsCameraLog(1):,1,136.666261,131.546000,136.666261,131.546000,132.184182,13.893986,13.777562,1.264512,1.230295,17.186301,61345,1.795801
500224:ApriltagsCameraLog(1):,1,132.184182,129.334000,132.184182,129.334000,130.047380,13.944684,13.799685,1.303006,1.226506,14.505009,61346,1.785973
500245:ApriltagsCameraLog(1):,11,130.047380,140.840000,130.047380,140.840000,127.558055,13.232896,13.829571,0.940831,1.232888,41.404555,61341,2.864138
500265:ApriltagsCameraLog(1):,1,127.558055,127.851000,127.558055,127.851000,127.007368,14.015365,13.821941,1.333621,1.213034,11.414774,61347,1.761238
500283:ApriltagsCameraLog(1):,,,,,,125.984515,,13.865197,,1.220345,,,
500306:ApriltagsCameraLog(1):,1,127.007368,124.046000,127.007368,124.046000,125.264911,13.967724,13.883328,1.281582,1.212409,14.145461,61349,1.739194
500324:ApriltagsCameraLog(1):,11,125.264911,134.883000,125.264911,134.883000,124.672303,13.316344,13.919788,0.969035,1.210160,39.731772,61344,2.906578
500344:ApriltagsCameraLog(1):,1,124.672303,121.318000,124.672303,121.318000,124.391001,13.990518,13.914709,1.261567,1.189778,14.180066,61351,1.702294
500364:ApriltagsCameraLog(1):,11,124.391001,133.193000,124.391001,133.193000,124.150825,13.403067,13.958630,1.020556,1.191060,38.219626,61346,2.915928
500384:ApriltagsCameraLog(1):,1,124.150825,119.935000,124.150825,119.935000,124.065796,14.008170,13.964557,1.241074,1.178062,14.771023,61353,1.673819
500404:ApriltagsCameraLog(1):,11,124.065796,129.999000,124.065796,129.999000,123.931604,13.491042,14.008967,1.054337,1.178447,32.708957,61348,2.941100
500424:ApriltagsCameraLog(1):,1,123.931604,119.352000,123.931604,119.352000,123.964806,14.038578,14.015522,1.228429,1.166289,14.832420,61355,1.646675
500444:ApriltagsCameraLog(1):,1,123.964806,118.958000,123.964806,118.958000,123.941385,14.078828,14.061044,1.221779,1.164695,14.959248,61357,1.621039
500446:ApriltagsCameraLog(1):,11,123.964806,128.114000,123.964806,128.114000,123.876000,13.581371,14.070470,1.069612,1.170050,29.531966,61351,2.983980
500464:ApriltagsCameraLog(1):,1,123.876000,119.063000,123.876000,119.063000,124.051781,14.103784,14.068892,1.220325,1.150030,14.604906,61358,1.607440
500466:ApriltagsCameraLog(1):,11,123.876000,128.030000,123.876000,128.030000,123.986057,13.606854,14.081184,1.068522,1.156647,29.735095,61352,3.001033
500484:ApriltagsCameraLog(1):,11,123.986057,127.597000,123.986057,127.597000,124.167077,13.659188,14.079022,1.060769,1.135886,29.009604,61354,3.039180
500504:ApriltagsCameraLog(1):,1,123.986057,119.162000,123.986057,119.162000,124.282421,14.128471,14.090322,1.215388,1.121808,14.430536,61359,1.591817
500506:ApriltagsCameraLog(1):,11,124.282421,128.762000,124.282421,128.762000,124.191875,13.698353,14.126760,1.059575,1.134225,31.140440,61355,3.063307
500524:ApriltagsCameraLog(1):,1,124.191875,119.467000,124.191875,119.467000,124.290896,14.185972,14.137378,1.199017,1.121422,13.862487,61361,1.551792
500526:ApriltagsCameraLog(1):,11,124.290896,128.518000,124.290896,128.518000,124.225180,13.719255,14.152503,1.052306,1.128543,30.812387,61356,3.082191
500564:ApriltagsCameraLog(1):,1,124.225180,118.785000,124.225180,118.785000,124.391306,14.204335,14.190588,1.202295,1.102833,14.474639,61362,1.546832
500566:ApriltagsCameraLog(1):,11,124.391306,128.837000,124.391306,128.837000,124.318200,13.751500,14.203755,1.046669,1.110921,31.568714,61357,3.106672
500604:ApriltagsCameraLog(1):,1,124.318200,119.397000,124.318200,119.397000,124.488020,14.238753,14.235831,1.179702,1.086474,13.572746,61363,1.512035
500624:ApriltagsCameraLog(1):,1,124.488020,119.258000,124.488020,119.258000,124.492776,14.293579,14.273421,1.165125,1.082869,13.426439,61365,1.476972
500626:ApriltagsCameraLog(1):,11,124.488020,128.303000,124.488020,128.303000,124.419523,13.803478,14.286242,1.030019,1.089460,30.697004,61359,3.152511
500644:ApriltagsCameraLog(1):,11,124.419523,128.591000,124.419523,128.591000,124.618088,13.843534,14.269506,1.005053,1.070566,32.004217,61361,3.197943
500664:ApriltagsCameraLog(1):,1,124.618088,119.647000,124.618088,119.647000,124.734628,14.381145,14.263689,1.136290,1.058022,12.493560,61368,1.418141
500684:ApriltagsCameraLog(1):,1,124.734628,125.321000,124.734628,125.321000,124.726644,14.397070,14.295678,1.153856,1.060523,8.930933,61369,1.429532
500685:ApriltagsCameraLog(1):,11,124.726644,128.986000,124.726644,128.986000,124.744343,13.921500,14.318927,0.972949,1.072886,33.045430,61364,3.271820
500704:ApriltagsCameraLog(1):,11,124.744343,129.917000,124.744343,129.917000,124.831421,13.930055,14.306683,0.975827,1.062896,35.203662,61365,3.275255
500724:ApriltagsCameraLog(1):,,,,,,124.896585,,14.292644,,1.056262,,,
500744:ApriltagsCameraLog(1):,,,,,,124.913065,,14.295968,,1.053744,,,
500763:ApriltagsCameraLog(1):,,,,,,124.874613,,14.297121,,1.051329,,,
500803:ApriltagsCameraLog(1):,,,,,,124.734537,,14.298807,,1.047652,,,
500825:ApriltagsCameraLog(1):,11,124.896585,128.922000,124.896585,128.922000,124.696085,13.992155,14.299072,0.920366,1.046542,33.460905,61369,3.357167
500844:ApriltagsCameraLog(1):,11,124.696085,128.307000,124.696085,128.307000,124.684199,14.000843,14.281949,0.904244,1.039712,32.677691,61372,3.376056
500864:ApriltagsCameraLog(1):,11,124.684199,128.575000,124.684199,128.575000,124.650865,13.996726,14.265972,0.904452,1.032849,33.318169,61373,3.373222
500884:ApriltagsCameraLog(1):,11,124.650865,128.748000,124.650865,128.748000,124.657205,13.995737,14.250918,0.906769,1.027181,33.788177,61374,3.371015
500903:ApriltagsCameraLog(1):,,,,,,124.700061,,14.236821,,1.021186,,,
500924:ApriltagsCameraLog(1):,11,124.657205,128.533000,124.657205,128.533000,124.711047,13.998137,14.236807,0.908445,1.021791,33.261161,61375,3.371329
500944:ApriltagsCameraLog(1):,11,124.711047,128.413000,124.711047,128.413000,124.753134,14.002860,14.223439,0.911860,1.016065,32.847922,61376,3.371646
500963:ApriltagsCameraLog(1):,,,,,,124.789300,,14.210950,,1.010690,,,
500984:ApriltagsCameraLog(1):,11,124.753134,128.621000,124.753134,128.621000,124.772820,14.003469,14.210950,0.915489,1.010690,33.217711,61378,3.369126
501004:ApriltagsCameraLog(1):,,,,,,124.771244,,14.199325,,1.004919,,,
501024:ApriltagsCameraLog(1):,11,124.772820,128.541000,124.772820,128.541000,124.757511,14.004430,14.199413,0.916210,1.000996,32.978932,61379,3.369126
501043:ApriltagsCameraLog(1):,,,,,,124.780052,,14.188575,,0.989118,,,
501065:ApriltagsCameraLog(1):,11,124.757511,128.437000,124.757511,128.437000,124.862450,14.005770,14.190824,0.917097,0.979632,32.769981,61382,3.369445
501084:ApriltagsCameraLog(1):,,,,,,124.923006,,14.183648,,0.961012,,,
501104:ApriltagsCameraLog(1):,11,124.862450,128.444000,124.862450,128.444000,124.972445,14.012339,14.186461,0.918866,0.944741,32.562740,61384,3.371965
501123:ApriltagsCameraLog(1):,,,,,,124.989159,,14.179788,,0.922632,,,
501144:ApriltagsCameraLog(1):,11,124.972445,128.751000,124.972445,128.751000,124.810632,14.011661,14.191185,0.909394,0.903765,33.101091,61386,3.377954
501163:ApriltagsCameraLog(1):,,,,,,124.624733,,14.198936,,0.888382,,,
501184:ApriltagsCameraLog(1):,11,124.810632,128.772000,124.810632,128.772000,124.429726,14.030111,14.216048,0.887765,0.874363,33.867433,61389,3.407245
501206:ApriltagsCameraLog(1):,11,124.429726,128.627000,124.429726,128.627000,124.238457,14.030254,14.231260,0.877465,0.860951,34.551168,61390,3.417060
501224:ApriltagsCameraLog(1):,11,124.238457,128.264000,124.238457,128.264000,124.208934,14.045391,14.247399,0.874848,0.846934,34.280198,61391,3.430158
501264:ApriltagsCameraLog(1):,,,,,,124.175865,,14.291122,,0.824508,,,
501283:ApriltagsCameraLog(1):,,,,,,124.186851,,14.316734,,0.814616,,,
501303:ApriltagsCameraLog(1):,,,,,,124.214317,,14.339272,,0.805965,,,
501323:ApriltagsCameraLog(1):,,,,,,124.261009,,14.358722,,0.798529,,,
501343:ApriltagsCameraLog(1):,,,,,,124.329673,,14.374301,,0.792823,,,
501363:ApriltagsCameraLog(1):,,,,,,124.387352,,14.384654,,0.789661,,,
501383:ApriltagsCameraLog(1):,,,,,,124.346153,,14.391323,,0.787793,,,
501404:ApriltagsCameraLog(1):,11,124.329673,128.093000,124.329673,128.093000,124.337913,14.233670,14.396251,0.825359,0.786421,35.443924,61399,3.594055
501424:ApriltagsCameraLog(1):,,,,,,124.315068,,14.393228,,0.788154,,,
501444:ApriltagsCameraLog(1):,,,,,,124.229924,,14.396000,,0.788170,,,
501464:ApriltagsCameraLog(1):,,,,,,124.128300,,14.398702,,0.787855,,,
501483:ApriltagsCameraLog(1):,,,,,,124.040410,,14.401708,,0.787535,,,
501503:ApriltagsCameraLog(1):,,,,,,123.933293,,14.405599,,0.787119,,,
501544:ApriltagsCameraLog(1):,,,,,,124.122807,,14.395931,,0.787288,,,
501564:ApriltagsCameraLog(1):,,,,,,124.317814,,14.385661,,0.787528,,,
501584:ApriltagsCameraLog(1):,,,,,,124.507329,,14.369045,,0.787858,,,
501623:ApriltagsCameraLog(1):,,,,,,125.062138,,14.323674,,0.790265,,,
501645:ApriltagsCameraLog(1):,,,,,,125.119816,,14.298185,,0.791819,,,
501663:ApriltagsCameraLog(1):,,,,,,125.045659,,14.266857,,0.797533,,,
501684:ApriltagsCameraLog(1):,,,,,,125.007206,,14.229697,,0.804403,,,
501703:ApriltagsCameraLog(1):,,,,,,124.952275,,14.191154,,0.810524,,,
501723:ApriltagsCameraLog(1):,,,,,,124.817692,,14.150075,,0.817554,,,
501743:ApriltagsCameraLog(1):,,,,,,124.669377,,14.107927,,0.831439,,,
501763:ApriltagsCameraLog(1):,,,,,,124.573247,,14.062688,,0.851188,,,
501784:ApriltagsCameraLog(1):,11,124.817692,128.695000,124.817692,128.695000,124.537541,14.221103,14.017043,0.831888,0.870703,35.559122,61418,3.577992
501803:ApriltagsCameraLog(1):,,,,,,124.507083,,13.973864,,0.891391,,,
501824:ApriltagsCameraLog(1):,11,124.537541,128.903000,124.537541,128.903000,124.449405,14.149275,13.923081,0.864129,0.916809,35.991087,61420,3.506738
501844:ApriltagsCameraLog(1):,,,,,,124.426493,,13.875836,,0.942876,,,
501863:ApriltagsCameraLog(1):,,,,,,124.322123,,13.826669,,0.968847,,,
501884:ApriltagsCameraLog(1):,11,124.449405,129.812000,124.449405,129.812000,124.247966,14.017932,13.770864,0.924518,0.998437,36.854998,61424,3.373761
501904:ApriltagsCameraLog(1):,1,124.247966,108.538000,124.247966,108.538000,124.211052,14.420607,13.722040,1.159036,1.026822,21.608528,61430,1.425591
501925:ApriltagsCameraLog(1):,1,124.211052,107.657000,124.211052,107.657000,123.922782,14.381786,13.712251,1.163220,1.078208,22.670273,61431,1.442176
501943:ApriltagsCameraLog(1):,,,,,,123.687718,,13.695979,,1.127152,,,
501984:ApriltagsCameraLog(1):,1,123.922782,107.449000,123.922782,107.449000,123.437779,14.353141,13.578204,1.179823,1.191487,23.125548,61432,1.466908
502026:ApriltagsCameraLog(1):,1,123.437779,106.817000,123.437779,106.817000,123.027094,14.232674,13.496742,1.232984,1.273996,25.246531,61435,1.560471
502028:ApriltagsCameraLog(1):,11,123.027094,128.113000,123.027094,128.113000,122.896115,13.749571,13.533706,1.010488,1.284956,33.375940,61430,3.140490
502044:ApriltagsCameraLog(1):,1,122.896115,107.839000,122.896115,107.839000,122.784693,14.150855,13.472843,1.288538,1.310176,25.430101,61437,1.643607
502047:ApriltagsCameraLog(1):,11,122.784693,127.133000,122.784693,127.133000,122.666145,13.674129,13.509895,1.055151,1.319524,30.812932,61432,3.059370
502064:ApriltagsCameraLog(1):,1,122.666145,106.529000,122.666145,106.529000,122.575794,14.103821,13.450261,1.315756,1.342179,27.455749,61438,1.688062
502084:ApriltagsCameraLog(1):,1,122.575794,106.063000,122.575794,106.063000,122.293048,14.062830,13.420703,1.322794,1.385997,28.374957,61439,1.712795
502086:ApriltagsCameraLog(1):,11,122.575794,127.051000,122.575794,127.051000,122.176932,13.621914,13.451234,1.072796,1.392408,30.559686,61433,3.013968
502104:ApriltagsCameraLog(1):,1,122.176932,106.007000,122.176932,106.007000,122.194937,14.000506,13.357550,1.374231,1.409403,29.546219,61440,1.786267
502106:ApriltagsCameraLog(1):,11,122.176932,127.261000,122.176932,127.261000,122.083821,13.550085,13.387329,1.093325,1.417167,31.139995,61434,2.955537
502124:ApriltagsCameraLog(1):,11,122.083821,126.824000,122.083821,126.824000,122.067921,13.504324,13.292197,1.118598,1.434121,29.870545,61435,2.908089
502144:ApriltagsCameraLog(1):,1,122.067921,106.761000,122.067921,106.761000,121.934528,13.969222,13.227807,1.381848,1.457822,29.007141,61441,1.807767
502146:ApriltagsCameraLog(1):,11,121.934528,127.533000,121.934528,127.533000,121.827070,13.403672,13.259908,1.178634,1.465695,30.265942,61437,2.800393
502184:ApriltagsCameraLog(1):,1,121.827070,103.888000,121.827070,103.888000,121.557566,13.851351,13.128232,1.434913,1.525902,34.367753,61443,1.912621
502204:ApriltagsCameraLog(1):,11,121.557566,126.840000,121.557566,126.840000,121.281847,13.338734,13.086484,1.198821,1.570634,29.009852,61438,2.747810
502225:ApriltagsCameraLog(1):,1,121.281847,106.478000,121.281847,106.478000,121.156078,13.752574,13.017542,1.481349,1.593955,32.302027,61445,2.002874
502244:ApriltagsCameraLog(1):,11,121.156078,126.198000,121.156078,126.198000,120.897506,13.231564,12.977879,1.253440,1.637313,27.299319,61440,2.643603
502264:ApriltagsCameraLog(1):,1,120.897506,106.294000,120.897506,106.294000,120.747281,13.646744,12.907639,1.532785,1.659682,34.019448,61447,2.103384
502284:ApriltagsCameraLog(1):,11,120.747281,127.000000,120.747281,127.000000,120.456142,13.117079,12.865833,1.307565,1.702437,28.111443,61442,2.537057
502304:ApriltagsCameraLog(1):,1,120.456142,105.059000,120.456142,105.059000,120.302449,13.525626,12.795005,1.591573,1.725349,37.488916,61449,2.220135
502324:ApriltagsCameraLog(1):,11,120.302449,127.867000,120.302449,127.867000,120.001139,12.992819,12.749732,1.363046,1.768715,28.821735,61444,2.426130
502344:ApriltagsCameraLog(1):,1,120.001139,103.305000,120.001139,103.305000,119.863191,13.389539,12.677099,1.675592,1.791874,42.554885,61451,2.367558
502346:ApriltagsCameraLog(1):,11,119.863191,124.794000,119.863191,124.794000,119.782533,12.832803,12.697851,1.448995,1.796105,22.676950,61447,2.273503
502365:ApriltagsCameraLog(1):,1,119.782533,102.048000,119.782533,102.048000,119.639079,13.248000,12.626332,1.714055,1.814186,46.829778,61453,2.485626
502366:ApriltagsCameraLog(1):,11,119.639079,124.767000,119.639079,124.767000,119.562371,12.755958,12.644669,1.482683,1.816982,22.188476,61448,2.208404
502384:ApriltagsCameraLog(1):,1,119.562371,104.228000,119.562371,104.228000,119.423988,13.208806,12.570222,1.738536,1.836698,43.648991,61454,2.528645
502404:ApriltagsCameraLog(1):,1,119.423988,104.652000,119.423988,104.652000,119.193283,13.141573,12.519383,1.755014,1.879875,43.785298,61455,2.584416
502406:ApriltagsCameraLog(1):,11,119.193283,123.937000,119.193283,123.937000,119.125156,12.637761,12.538495,1.542001,1.881679,20.398398,61450,2.104415
502424:ApriltagsCameraLog(1):,11,119.125156,123.794000,119.125156,123.794000,119.011478,12.580372,12.460206,1.571655,1.900849,19.697128,61451,2.053483
502446:ApriltagsCameraLog(1):,1,119.011478,104.334000,119.011478,104.334000,118.842222,13.012275,12.385664,1.823082,1.919126,46.283814,61457,2.719436
502468:ApriltagsCameraLog(1):,11,118.842222,121.927000,118.842222,121.927000,118.698177,12.525484,12.333362,1.596141,1.961610,17.115823,61452,2.010089
502487:ApriltagsCameraLog(1):,1,118.698177,102.241000,118.698177,102.241000,118.323405,12.927651,12.222074,1.883367,1.998688,51.742107,61458,2.819616
502504:ApriltagsCameraLog(1):,11,118.323405,123.413000,118.323405,123.413000,118.036040,12.441940,12.203612,1.613633,2.022880,19.186300,61453,1.964365
502524:ApriltagsCameraLog(1):,1,118.036040,103.464000,118.036040,103.464000,117.518780,12.821262,12.128862,1.933597,2.041337,50.145126,61460,2.925924
502544:ApriltagsCameraLog(1):,1,117.518780,102.789000,117.518780,102.789000,116.675294,12.673211,12.077300,2.004185,2.086060,53.459345,61462,3.077175
502546:ApriltagsCameraLog(1):,11,117.518780,121.707000,117.518780,121.707000,116.618210,12.292903,12.093050,1.687240,2.088566,16.721484,61455,1.848184
502568:ApriltagsCameraLog(1):,11,116.618210,120.580000,116.618210,120.580000,115.014638,12.097337,11.967003,1.792558,2.117230,14.775843,61458,1.697882
502585:ApriltagsCameraLog(1):,1,115.014638,100.715000,115.014638,100.715000,114.369717,12.472931,11.932368,2.127196,2.110905,56.737113,61465,3.293619
502586:ApriltagsCameraLog(1):,11,115.014638,120.041000,115.014638,120.041000,114.316111,11.999169,11.948026,1.828892,2.117025,15.317962,61459,1.649257
502605:ApriltagsCameraLog(1):,11,114.316111,119.050000,114.316111,119.050000,112.837788,11.943475,11.860031,1.863269,2.130125,14.546788,61460,1.609127
502624:ApriltagsCameraLog(1):,1,112.837788,93.554000,112.837788,93.554000,110.943795,12.387831,11.790442,2.251749,2.148562,71.591341,61466,3.430929
502627:ApriltagsCameraLog(1):,11,110.943795,117.927000,110.943795,117.927000,110.884205,11.807290,11.801404,1.899980,2.156156,16.251692,61461,1.571159
502643:ApriltagsCameraLog(1):,,,,,,108.681654,,11.726864,,2.179002,,,
502664:ApriltagsCameraLog(1):,11,110.884205,116.607000,110.884205,116.607000,106.146558,11.790012,11.670618,1.940426,2.224019,14.525512,61462,1.529813
502683:ApriltagsCameraLog(1):,,,,,,103.415670,,11.606724,,2.254882,,,
502704:ApriltagsCameraLog(1):,11,106.146558,114.968000,106.146558,114.968000,100.380697,11.633387,11.557134,1.992554,2.302935,16.840186,61463,1.493418
502724:ApriltagsCameraLog(1):,,,,,,97.211324,,11.493772,,2.341921,,,
502745:ApriltagsCameraLog(1):,11,100.380697,110.871000,100.380697,110.871000,93.885213,11.478851,11.445990,2.091017,2.395230,17.283035,61465,1.429342
502764:ApriltagsCameraLog(1):,11,93.885213,105.811000,93.885213,105.811000,90.510574,11.335522,11.383491,2.197975,2.430920,17.522237,61467,1.373951
502785:ApriltagsCameraLog(1):,11,90.510574,100.189000,90.510574,100.189000,87.120800,11.302875,11.320614,2.270164,2.472086,14.957224,61469,1.325103
502805:ApriltagsCameraLog(1):,11,87.120800,97.123000,87.120800,97.123000,83.655882,11.252219,11.265955,2.319301,2.513605,14.882717,61470,1.305068
502824:ApriltagsCameraLog(1):,11,83.655882,94.006000,83.655882,94.006000,80.139865,11.195534,11.208980,2.368575,2.557193,14.891755,61471,1.289722
502844:ApriltagsCameraLog(1):,11,80.139865,90.898000,80.139865,90.898000,76.678110,11.143237,11.155531,2.417322,2.602736,14.975765,61472,1.276801
502863:ApriltagsCameraLog(1):,,,,,,73.253437,,11.098961,,2.649916,,,
502884:ApriltagsCameraLog(1):,11,76.678110,87.137000,76.678110,87.137000,69.787251,11.109435,11.058338,2.471132,2.707179,14.400676,61473,1.254854
502904:ApriltagsCameraLog(1):,,,,,,66.571603,,11.010974,,2.761009,,,
502924:ApriltagsCameraLog(1):,11,69.787251,84.502000,69.787251,84.502000,63.371835,10.981583,10.976039,2.580668,2.824297,17.159698,61474,1.242888
502964:ApriltagsCameraLog(1):,11,63.371835,72.839000,63.371835,72.839000,57.503734,10.945998,10.882570,2.679455,2.939815,12.937219,61478,1.205708
502984:ApriltagsCameraLog(1):,11,57.503734,70.350000,57.503734,70.350000,54.937495,10.851567,10.842239,2.787952,2.981134,15.040195,61479,1.197902
503004:ApriltagsCameraLog(1):,,,,,,52.526457,,10.796298,,3.037382,,,
503024:ApriltagsCameraLog(1):,,,,,,50.147917,,10.753045,,3.098419,,,
503044:ApriltagsCameraLog(1):,,,,,,48.019316,,10.711202,,3.162222,,,
503084:ApriltagsCameraLog(1):,,,,,,44.424040,,10.611652,,3.285089,,,
503105:ApriltagsCameraLog(1):,,,,,,43.017790,,10.562922,,3.350782,,,
503143:ApriltagsCameraLog(1):,,,,,,40.872709,,10.468689,,3.480813,,,
503164:ApriltagsCameraLog(1):,,,,,,40.092680,,10.419219,,3.545356,,,
503184:ApriltagsCameraLog(1):,,,,,,39.438993,,10.370988,,3.609708,,,
503205:ApriltagsCameraLog(1):,,,,,,38.870451,,10.317211,,3.671413,,,
503225:ApriltagsCameraLog(1):,,,,,,38.387052,,10.263037,,3.734759,,,
503243:ApriltagsCameraLog(1):,,,,,,38.024504,,10.210895,,3.796673,,,
503263:ApriltagsCameraLog(1):,,,,,,37.705900,,10.153469,,3.857561,,,
503284:ApriltagsCameraLog(1):,,,,,,37.403776,,10.095736,,3.919408,,,
503304:ApriltagsCameraLog(1):,,,,,,37.145597,,10.039151,,3.980670,,,
503323:ApriltagsCameraLog(1):,,,,,,36.890165,,9.981830,,4.043306,,,
503343:ApriltagsCameraLog(1):,,,,,,36.670439,,9.923765,,4.105272,,,
503363:ApriltagsCameraLog(1):,,,,,,36.467192,,9.866817,,4.164996,,,
503383:ApriltagsCameraLog(1):,,,,,,36.225492,,9.807398,,4.227795,,,
503404:ApriltagsCameraLog(1):,,,,,,35.950834,,9.747228,,4.291964,,,
503424:ApriltagsCameraLog(1):,,,,,,35.692655,,9.688787,,4.355261,,,
503444:ApriltagsCameraLog(1):,13,36.467192,31.109000,36.467192,31.109000,35.401518,9.682006,9.629833,3.754760,4.419728,11.818566,61501,1.336911
503464:ApriltagsCameraLog(1):,13,35.401518,35.712000,35.401518,35.712000,35.019140,9.654335,9.556875,3.839876,4.420863,7.946562,61502,1.338408
503484:ApriltagsCameraLog(1):,13,35.019140,36.290000,35.019140,36.290000,34.663482,9.617193,9.484309,3.918567,4.415366,8.823151,61503,1.353536
503504:ApriltagsCameraLog(1):,,,,,,34.318626,,9.417035,,4.431985,,,
503524:ApriltagsCameraLog(1):,,,,,,33.928611,,9.359311,,4.498360,,,
503544:ApriltagsCameraLog(1):,,,,,,33.607261,,9.302006,,4.565095,,,
503564:ApriltagsCameraLog(1):,,,,,,33.365562,,9.243257,,4.633776,,,
503584:ApriltagsCameraLog(1):,,,,,,33.063438,,9.185030,,4.702508,,,
503605:ApriltagsCameraLog(1):,,,,,,32.805259,,9.129290,,4.768985,,,
503624:ApriltagsCameraLog(1):,,,,,,32.580039,,9.072634,,4.836275,,,
503663:ApriltagsCameraLog(1):,,,,,,32.206504,,8.959642,,4.971120,,,
503683:ApriltagsCameraLog(1):,,,,,,32.027976,,8.902699,,5.039351,,,
503703:ApriltagsCameraLog(1):,,,,,,31.876914,,8.845945,,5.107739,,,
503723:ApriltagsCameraLog(1):,,,,,,31.731345,,8.788791,,5.176972,,,
503744:ApriltagsCameraLog(1):,,,,,,31.599509,,8.732195,,5.244300,,,
503763:ApriltagsCameraLog(1):,,,,,,31.470420,,8.674861,,5.311803,,,
503783:ApriltagsCameraLog(1):,,,,,,31.355064,,8.617269,,5.379882,,,
503804:ApriltagsCameraLog(1):,,,,,,31.220481,,8.559434,,5.448542,,,
503823:ApriltagsCameraLog(1):,,,,,,31.083152,,8.501936,,5.515908,,,
503843:ApriltagsCameraLog(1):,,,,,,30.954063,,8.444195,,5.583862,,,
503863:ApriltagsCameraLog(1):,,,,,,30.827720,,8.385202,,5.652734,,,
503884:ApriltagsCameraLog(1):,,,,,,30.701377,,8.327927,,5.719895,,,
503903:ApriltagsCameraLog(1):,,,,,,30.566795,,8.270417,,5.787651,,,
503925:ApriltagsCameraLog(1):,,,,,,30.391013,,8.212308,,5.856485,,,
503944:ApriltagsCameraLog(1):,,,,,,30.206992,,8.154108,,5.925238,,,
503964:ApriltagsCameraLog(1):,14,30.566795,33.945000,30.566795,33.945000,30.011985,8.377771,8.096680,4.912835,5.992665,32.960784,61533,3.454709
503984:ApriltagsCameraLog(1):,14,30.011985,31.798000,30.011985,31.798000,29.865677,8.336583,8.045802,4.957636,6.008899,28.741866,61534,3.423302
504004:ApriltagsCameraLog(1):,,,,,,29.733167,,7.997178,,6.021148,,,
504024:ApriltagsCameraLog(1):,14,29.865677,33.521000,29.865677,33.521000,29.590344,8.227858,7.939463,5.097141,6.089122,32.533906,61536,3.353134
504043:ApriltagsCameraLog(1):,,,,,,29.450157,,7.888059,,6.111222,,,
504064:ApriltagsCameraLog(1):,14,29.590344,31.604000,29.590344,31.604000,29.274376,8.105692,7.829894,5.224329,6.178803,27.860727,61538,3.273860
504085:ApriltagsCameraLog(1):,,,,,,29.010607,,7.779655,,6.195702,,,
504104:ApriltagsCameraLog(1):,14,29.274376,30.492000,29.274376,30.492000,28.930957,8.075534,7.721170,5.278880,6.264600,25.912707,61539,3.262499
504123:ApriltagsCameraLog(1):,,,,,,28.792642,,7.673379,,6.281123,,,
504145:ApriltagsCameraLog(1):,14,28.930957,30.668000,28.930957,30.668000,28.652567,7.967374,7.612500,5.407660,6.345340,26.593235,61541,3.207191
504164:ApriltagsCameraLog(1):,,,,,,28.496258,,7.556579,,6.359229,,,
504184:ApriltagsCameraLog(1):,14,28.652567,30.803000,28.652567,30.803000,28.306744,7.801211,7.493526,5.604468,6.419011,26.858162,61544,3.138087
504205:ApriltagsCameraLog(1):,14,28.306744,29.030000,28.306744,29.030000,28.110477,7.756533,7.436132,5.673071,6.428949,23.628086,61545,3.129304
504224:ApriltagsCameraLog(1):,14,28.110477,30.534000,28.110477,30.534000,27.853090,7.692380,7.381174,5.713977,6.437940,27.008305,61546,3.092456
504244:ApriltagsCameraLog(1):,14,27.853090,29.148000,27.853090,29.148000,27.508895,7.643260,7.324863,5.782712,6.451201,24.478847,61547,3.084057
504263:ApriltagsCameraLog(1):,,,,,,27.054824,,7.267217,,6.459831,,,
504304:ApriltagsCameraLog(1):,14,27.508895,27.791000,27.508895,27.791000,25.791397,7.519171,7.128889,5.910802,6.554793,21.988023,61549,3.048094
504344:ApriltagsCameraLog(1):,,,,,,24.113928,,7.000329,,6.607770,,,
504364:ApriltagsCameraLog(1):,,,,,,23.171850,,6.924943,,6.645375,,,
504384:ApriltagsCameraLog(1):,,,,,,22.243505,,6.850932,,6.683702,,,
504404:ApriltagsCameraLog(1):,,,,,,21.337133,,6.777553,,6.723231,,,
504424:ApriltagsCameraLog(1):,7,23.171850,26.483000,23.171850,23.171850,20.249487,6.797122,6.701339,5.941979,6.761879,72.112256,61556,7.146791
504445:ApriltagsCameraLog(1):,,,,,,19.646523,,6.624548,,6.781719,,,
504464:ApriltagsCameraLog(1):,7,20.249487,12.327000,20.249487,20.249487,18.899452,6.960425,6.547937,5.738440,6.818824,99.275051,61557,7.298917
504505:ApriltagsCameraLog(1):,,,,,,17.632833,,6.399495,,6.877344,,,
504523:ApriltagsCameraLog(1):,,,,,,17.190633,,6.324914,,6.916464,,,
504544:ApriltagsCameraLog(1):,7,18.899452,21.173000,18.899452,18.899452,16.874776,6.458357,6.248508,6.090714,6.954155,63.150906,61561,6.806607
504565:ApriltagsCameraLog(1):,,,,,,16.661637,,6.170590,,6.965214,,,
504585:ApriltagsCameraLog(1):,7,16.874776,19.023000,16.874776,16.874776,16.543534,6.244464,6.092827,6.125825,6.999301,60.403174,61564,6.590227
504603:ApriltagsCameraLog(1):,7,16.543534,18.478000,16.543534,16.543534,16.460716,6.139867,6.013779,6.158152,7.009411,58.357328,61565,6.487268
504624:ApriltagsCameraLog(1):,,,,,,16.385808,,5.934539,,7.014447,,,
504644:ApriltagsCameraLog(1):,7,16.460716,4.095000,16.460716,16.460716,16.319890,6.064675,5.855926,6.227391,7.044048,108.116787,61567,6.417551
504664:ApriltagsCameraLog(1):,7,16.319890,18.478000,16.319890,16.319890,16.237410,5.945684,5.776825,6.253818,7.057675,57.638546,61568,6.300936
504684:ApriltagsCameraLog(1):,,,,,,16.118938,,5.698709,,7.061036,,,
504704:ApriltagsCameraLog(1):,7,16.237410,19.713000,16.237410,16.237410,16.000835,5.895507,5.620381,6.293788,7.087943,63.383768,61569,6.254498
504724:ApriltagsCameraLog(1):,,,,,,15.942785,,5.542021,,7.093972,,,
504744:ApriltagsCameraLog(1):,7,16.000835,17.937000,16.000835,16.000835,15.907079,5.757517,5.464383,6.337180,7.119031,54.867783,61571,6.120960
504764:ApriltagsCameraLog(1):,,,,,,15.887383,,5.387156,,7.118566,,,
504784:ApriltagsCameraLog(1):,7,15.907079,17.660000,15.907079,15.907079,15.890130,5.653483,5.308437,6.400685,7.142248,53.118040,61573,6.024451
504804:ApriltagsCameraLog(1):,7,15.890130,17.064000,15.890130,15.890130,15.942074,5.461545,5.232226,6.452568,7.142502,48.856095,61575,5.840440
504824:ApriltagsCameraLog(1):,7,15.942074,17.624000,15.942074,15.942074,16.038174,5.432463,5.152092,6.473255,7.140914,50.835386,61576,5.814534
504844:ApriltagsCameraLog(1):,7,16.038174,17.415000,16.038174,16.038174,16.145500,5.310496,5.074578,6.505959,7.140177,48.452775,61577,5.698626
504864:ApriltagsCameraLog(1):,7,16.145500,17.768000,16.145500,16.145500,16.327266,5.275882,4.995224,6.519700,7.138376,49.202378,61578,5.666716
504884:ApriltagsCameraLog(1):,,,,,,16.506381,,4.916861,,7.137756,,,
504904:ApriltagsCameraLog(1):,7,16.327266,18.163000,16.327266,16.327266,16.698642,5.169016,4.835609,6.556447,7.158047,49.163218,61579,5.567244
504924:ApriltagsCameraLog(1):,,,,,,16.927535,,4.757456,,7.157397,,,
504964:ApriltagsCameraLog(1):,7,16.698642,17.277000,16.698642,16.698642,17.454879,4.955575,4.596043,6.607696,7.189848,42.239956,61582,5.366317
504968:ApriltagsCameraLog(1):,8,16.698642,18.293000,16.698642,16.698642,17.455282,4.941956,4.599624,6.600648,7.166814,47.323936,61582,5.477043
504984:ApriltagsCameraLog(1):,7,17.455282,18.112000,17.455282,17.455282,17.809950,4.799009,4.525122,6.676781,7.160379,41.367935,61584,5.227331
505011:ApriltagsCameraLog(1):,7,17.809950,16.981000,17.809950,17.809950,18.152467,4.738124,4.453216,6.708092,7.153518,41.582041,61585,5.174870
505024:ApriltagsCameraLog(1):,7,18.152467,18.650000,18.152467,18.152467,18.366460,4.661030,4.386545,6.697610,7.142917,39.666722,61586,5.098338
505044:ApriltagsCameraLog(1):,7,18.366460,17.087000,18.366460,18.366460,18.517360,4.605337,4.322944,6.748950,7.130068,42.231628,61587,5.055147
505063:ApriltagsCameraLog(1):,,,,,,18.738954,,4.262371,,7.117184,,,
505084:ApriltagsCameraLog(1):,7,18.517360,18.654000,18.517360,18.654000,18.997133,4.456023,4.202110,6.725623,7.119628,36.733453,61589,4.904787
505104:ApriltagsCameraLog(1):,,,,,,19.163099,,4.153640,,7.102223,,,
505125:ApriltagsCameraLog(1):,7,18.997133,18.822000,18.997133,18.822000,19.344374,4.373954,4.104525,6.738409,7.104048,36.256265,61590,4.829028
505144:ApriltagsCameraLog(1):,,,,,,19.658416,,4.065762,,7.086478,,,
505165:ApriltagsCameraLog(1):,7,19.344374,19.958000,19.344374,19.958000,20.023711,4.260825,4.031019,6.752200,7.085127,36.918764,61592,4.723038
505184:ApriltagsCameraLog(1):,,,,,,20.478828,,4.000735,,7.066882,,,
505204:ApriltagsCameraLog(1):,7,20.023711,20.213000,20.023711,20.213000,21.187446,4.006282,3.962699,6.734557,7.064752,33.409817,61596,4.473644
505224:ApriltagsCameraLog(1):,,,,,,21.788706,,3.928339,,7.043776,,,
505244:ApriltagsCameraLog(1):,7,21.187446,21.827000,21.187446,21.827000,22.233652,3.940407,3.894929,6.781514,7.040813,34.473171,61597,4.425119
505264:ApriltagsCameraLog(1):,7,22.233652,20.809000,22.233652,20.809000,22.698270,3.888354,3.857228,6.803735,7.021961,36.640238,61598,4.383901
505284:ApriltagsCameraLog(1):,7,22.698270,23.132000,22.698270,23.132000,23.087313,3.835096,3.821083,6.806558,7.005846,33.052008,61599,4.334755
505304:ApriltagsCameraLog(1):,,,,,,23.258836,,3.785360,,6.989588,,,
505324:ApriltagsCameraLog(1):,7,23.087313,23.134000,23.087313,23.134000,23.239610,3.788041,3.754619,6.799884,6.985022,31.456992,61600,4.288851
505344:ApriltagsCameraLog(1):,,,,,,23.059627,,3.720990,,6.967810,,,
505384:ApriltagsCameraLog(1):,7,23.239610,23.050000,23.239610,23.050000,22.340022,3.721369,3.664243,6.757976,6.956114,31.293594,61602,4.213910
505395:ApriltagsCameraLog(1):,8,23.239610,24.839000,23.239610,24.839000,22.338827,3.705961,3.660527,6.750124,6.943225,37.159394,61602,4.379456
505404:ApriltagsCameraLog(1):,7,22.338827,21.513000,22.338827,21.513000,21.907951,3.652488,3.629073,6.717715,6.927080,32.556405,61605,4.134113
505424:ApriltagsCameraLog(1):,7,21.907951,22.993000,21.907951,22.993000,21.476559,3.600782,3.599681,6.703965,6.909564,32.849440,61606,4.079250
505427:ApriltagsCameraLog(1):,8,21.907951,24.258000,21.907951,24.258000,21.479424,3.593617,3.595946,6.694426,6.897381,38.279880,61606,4.249466
505444:ApriltagsCameraLog(1):,7,21.479424,22.269000,21.479424,22.269000,21.098431,3.573600,3.564807,6.698143,6.881998,31.722381,61607,4.050119
505446:ApriltagsCameraLog(1):,8,21.479424,23.825000,21.479424,23.825000,21.099157,3.567297,3.561285,6.690075,6.870665,37.993238,61607,4.221848
505464:ApriltagsCameraLog(1):,7,21.099157,23.283000,21.099157,23.283000,20.794798,3.547567,3.531349,6.704748,6.856329,35.581199,61608,4.025449
505503:ApriltagsCameraLog(1):,,,,,,20.408086,,3.475127,,6.838278,,,
505526:ApriltagsCameraLog(1):,7,20.794798,21.129000,20.794798,21.129000,20.281743,3.485190,3.448090,6.708588,6.833566,29.681979,61610,3.965260
505544:ApriltagsCameraLog(1):,7,20.281743,21.082000,20.281743,21.082000,20.189594,3.437848,3.417771,6.693619,6.819835,30.577235,61612,3.913948
505565:ApriltagsCameraLog(1):,7,20.189594,20.549000,20.189594,20.549000,20.138739,3.398422,3.389170,6.697210,6.805384,29.019360,61613,3.876571
505584:ApriltagsCameraLog(1):,,,,,,20.129200,,3.358805,,6.791347,,,
505604:ApriltagsCameraLog(1):,7,20.138739,20.699000,20.138739,20.699000,20.131946,3.350633,3.333032,6.687082,6.785181,29.168643,61615,3.827642
505606:ApriltagsCameraLog(1):,8,20.138739,22.172000,20.138739,22.172000,20.135538,3.327001,3.329816,6.673285,6.778388,34.786381,61615,3.988565
505624:ApriltagsCameraLog(1):,,,,,,20.116741,,3.300288,,6.764115,,,
505645:ApriltagsCameraLog(1):,7,20.135538,20.144000,20.135538,20.144000,20.100261,3.320093,3.275461,6.689199,6.756480,27.413418,61616,3.798780
505646:ApriltagsCameraLog(1):,8,20.135538,21.636000,20.135538,21.636000,20.100222,3.308415,3.272540,6.679774,6.750427,33.112665,61616,3.974058
505665:ApriltagsCameraLog(1):,7,20.100222,19.682000,20.100222,19.682000,20.054216,3.283504,3.244325,6.670777,6.735873,28.199773,61618,3.758468
505667:ApriltagsCameraLog(1):,8,20.100222,21.424000,20.100222,21.424000,20.050990,3.273681,3.242751,6.664617,6.730754,32.259377,61618,3.936022
505684:ApriltagsCameraLog(1):,,,,,,19.954551,,3.214847,,6.716286,,,
505724:ApriltagsCameraLog(1):,7,20.050990,20.234000,20.050990,20.234000,19.649681,3.252578,3.163470,6.658987,6.697705,27.293320,61619,3.725350
505726:ApriltagsCameraLog(1):,8,20.050990,21.931000,20.050990,21.931000,19.650498,3.248878,3.161794,6.652192,6.692439,33.578890,61619,3.908129
505744:ApriltagsCameraLog(1):,,,,,,19.466199,,3.134385,,6.677205,,,
505765:ApriltagsCameraLog(1):,7,19.650498,19.563000,19.650498,19.563000,19.284924,3.198754,3.109441,6.619389,6.665715,26.523239,61622,3.661647
505784:ApriltagsCameraLog(1):,7,19.284924,19.698000,19.284924,19.698000,19.103959,3.138877,3.083813,6.596923,6.648375,26.838753,61624,3.596761
505804:ApriltagsCameraLog(1):,7,19.103959,18.854000,19.103959,18.854000,18.945841,3.118723,3.058254,6.600265,6.632078,26.260776,61625,3.577546
505805:ApriltagsCameraLog(1):,8,19.103959,20.515000,19.103959,20.515000,18.941771,3.116221,3.057820,6.593361,6.628067,30.894223,61625,3.759247
505824:ApriltagsCameraLog(1):,7,18.941771,20.589000,18.941771,20.589000,18.767743,3.108100,3.032647,6.583975,6.612153,29.700662,61626,3.562524
505825:ApriltagsCameraLog(1):,8,18.941771,21.732000,18.941771,21.732000,18.777019,3.099146,3.033351,6.577005,6.608600,34.394966,61626,3.736449
505844:ApriltagsCameraLog(1):,7,18.777019,19.035000,18.777019,19.035000,18.626795,3.073358,3.007889,6.567470,6.592846,25.843220,61627,3.524160
505885:ApriltagsCameraLog(1):,7,18.626795,18.473000,18.626795,18.473000,18.277967,3.053493,2.957725,6.570478,6.562536,25.426786,61628,3.505207
505886:ApriltagsCameraLog(1):,8,18.626795,20.025000,18.626795,20.025000,18.274985,3.046797,2.958431,6.565955,6.560224,30.161684,61628,3.682723
505925:ApriltagsCameraLog(1):,7,18.274985,20.074000,18.274985,20.074000,17.846005,3.049248,2.908163,6.542670,6.531959,29.430282,61630,3.492875
505927:ApriltagsCameraLog(1):,8,18.274985,21.014000,18.274985,21.014000,17.856343,3.028314,2.911369,6.535014,6.529975,33.398001,61630,3.652137
505964:ApriltagsCameraLog(1):,7,17.856343,18.406000,17.856343,18.406000,17.420555,2.959112,2.864623,6.507412,6.500442,25.491279,61632,3.395392
505966:ApriltagsCameraLog(1):,8,17.856343,19.552000,17.856343,19.552000,17.422187,2.955119,2.865246,6.501371,6.497671,29.893341,61632,3.569919
505984:ApriltagsCameraLog(1):,7,17.422187,17.798000,17.422187,17.798000,17.225192,2.918111,2.841644,6.485526,6.481391,24.684547,61634,3.348809
505993:ApriltagsCameraLog(1):,8,17.422187,19.373000,17.422187,19.373000,17.225797,2.896544,2.842999,6.472654,6.479505,29.905862,61634,3.503015
506004:ApriltagsCameraLog(1):,7,17.225797,17.587000,17.225797,17.587000,17.036255,2.896295,2.818946,6.470291,6.463470,24.438362,61635,3.323302
506005:ApriltagsCameraLog(1):,8,17.225797,19.178000,17.225797,19.178000,17.036590,2.892851,2.820148,6.465182,6.461624,29.841429,61635,3.495913
506024:ApriltagsCameraLog(1):,7,17.036590,17.555000,17.036590,17.555000,16.852447,2.869438,2.797293,6.454095,6.445080,24.551853,61636,3.292724
506026:ApriltagsCameraLog(1):,8,17.036590,18.866000,17.036590,18.866000,16.854096,2.867844,2.798216,6.448994,6.443181,29.250074,61636,3.465821
506044:ApriltagsCameraLog(1):,7,16.854096,17.040000,16.854096,17.040000,16.680353,2.852126,2.775420,6.441369,6.426931,23.609200,61637,3.272288
506045:ApriltagsCameraLog(1):,8,16.854096,18.567000,16.854096,18.567000,16.679264,2.851579,2.776665,6.438701,6.425270,28.777204,61637,3.446100
506064:ApriltagsCameraLog(1):,,,,,,16.474682,,2.755440,,6.407843,,,
506084:ApriltagsCameraLog(1):,7,16.679264,18.688000,16.679264,18.688000,16.243969,2.887928,2.733492,6.437156,6.392141,28.153803,61639,3.305554
506086:ApriltagsCameraLog(1):,8,16.679264,19.981000,16.679264,19.981000,16.257356,2.845547,2.739764,6.429394,6.392374,32.575904,61639,3.436245
506104:ApriltagsCameraLog(1):,,,,,,16.068005,,2.721179,,6.377113,,,
506124:ApriltagsCameraLog(1):,7,16.257356,15.852000,16.257356,15.852000,15.807080,2.804074,2.699369,6.407767,6.361742,23.647318,61640,3.215763
506126:ApriltagsCameraLog(1):,8,16.257356,17.411000,16.257356,17.411000,15.800954,2.802070,2.701448,6.402941,6.361648,26.851125,61640,3.384232
506144:ApriltagsCameraLog(1):,,,,,,15.540707,,2.684755,,6.344337,,,
506164:ApriltagsCameraLog(1):,7,15.800954,15.355000,15.800954,15.355000,15.260555,2.757757,2.667790,6.367440,6.325815,23.274611,61642,3.160123
506166:ApriltagsCameraLog(1):,8,15.800954,17.055000,15.800954,17.055000,15.253947,2.761969,2.669787,6.365748,6.324818,26.615301,61642,3.331192
506184:ApriltagsCameraLog(1):,7,15.253947,15.706000,15.253947,15.706000,14.967006,2.713993,2.655377,6.326677,6.305948,22.842973,61644,3.106876
506185:ApriltagsCameraLog(1):,8,15.253947,16.867000,15.253947,16.867000,14.967744,2.721133,2.656426,6.324251,6.304716,26.948204,61644,3.275637
506204:ApriltagsCameraLog(1):,7,14.967744,16.332000,14.967744,16.332000,14.724232,2.713768,2.641641,6.298683,6.285076,24.774584,61646,3.100056
506205:ApriltagsCameraLog(1):,8,14.967744,17.300000,14.967744,17.300000,14.734143,2.715045,2.645171,6.299154,6.284192,28.459547,61646,3.259665
506225:ApriltagsCameraLog(1):,,,,,,14.543471,,2.634245,,6.264227,,,
506244:ApriltagsCameraLog(1):,7,14.734143,18.513000,14.734143,18.513000,14.318251,2.714222,2.620732,6.297283,6.245457,30.031547,61647,3.099423
506245:ApriltagsCameraLog(1):,8,14.734143,17.231000,14.734143,17.231000,14.342397,2.685225,2.624312,6.291803,6.245672,28.525130,61647,3.228230
