70791:ApriltagsCameraLog(1):,tag,last yaw,cam yaw,calc yaw,update yaw, est yaw,x,est x,y,est y,adjust,frame,dist
70798:ApriltagsCameraLog(1):,1,136.492198,132.928000,136.492198,132.928000,136.736004,13.947026,14.048595,1.847413,1.784708,20.570463,6496,2.270658
70801:ApriltagsCameraLog(1):,2,136.492198,133.957000,136.492198,133.957000,136.704539,14.155321,14.053574,1.861796,1.786208,21.345059,6496,2.503512
70806:ApriltagsCameraLog(1):,11,136.704539,138.357000,136.704539,138.357000,136.684051,13.766030,14.075094,1.788490,1.789014,20.068181,6492,2.527784
70818:ApriltagsCameraLog(1):,1,136.684051,149.134000,136.684051,149.134000,136.828295,13.983192,14.110233,1.884937,1.769544,34.383884,6497,2.289475
70820:ApriltagsCameraLog(1):,2,136.684051,135.230000,136.684051,135.230000,136.902287,14.207340,14.111885,1.854834,1.773314,19.084429,6497,2.457716
70823:ApriltagsCameraLog(1):,11,136.902287,137.982000,136.902287,137.982000,136.890014,13.832435,14.134001,1.780738,1.776762,19.572689,6493,2.583167
70838:ApriltagsCameraLog(1):,2,136.890014,134.332000,136.890014,134.332000,137.022785,14.269884,14.177255,1.848114,1.754628,20.382331,6498,2.403817
70846:ApriltagsCameraLog(1):,11,137.022785,138.328000,137.022785,138.328000,137.000628,13.871296,14.198331,1.766256,1.759349,20.321751,6494,2.621944
70859:ApriltagsCameraLog(1):,2,137.000628,134.589000,137.000628,134.589000,137.191701,14.327579,14.235705,1.830329,1.739073,19.582686,6499,2.347212
70861:ApriltagsCameraLog(1):,11,137.191701,138.753000,137.191701,138.753000,137.169359,13.926378,14.257729,1.750586,1.742991,21.263829,6495,2.674031
70879:ApriltagsCameraLog(1):,2,137.169359,134.731000,137.169359,134.731000,137.315943,14.384402,14.260011,1.807355,1.733269,19.041587,6500,2.288595
70881:ApriltagsCameraLog(1):,11,137.315943,138.287000,137.315943,138.287000,137.293164,13.990504,14.282212,1.741218,1.736708,20.668413,6496,2.729879
70900:ApriltagsCameraLog(1):,2,137.293164,135.346000,137.293164,135.346000,137.418334,14.484789,14.296030,1.798585,1.723683,17.481835,6502,2.204078
70918:ApriltagsCameraLog(1):,2,137.418334,135.691000,137.418334,135.691000,137.600713,14.538676,14.346557,1.784656,1.720017,16.687627,6503,2.153711
70920:ApriltagsCameraLog(1):,11,137.293164,139.021000,137.293164,139.021000,137.581503,14.024608,14.371180,1.722014,1.725063,22.459023,6497,2.768773
70938:ApriltagsCameraLog(1):,2,137.581503,135.373000,137.581503,135.373000,137.929069,14.572450,14.321561,1.763638,1.703147,16.992940,6504,2.114867
70940:ApriltagsCameraLog(1):,11,137.581503,138.128000,137.581503,138.128000,137.904731,14.124865,14.350419,1.684638,1.707919,21.049647,6499,2.869862
70958:ApriltagsCameraLog(1):,2,137.904731,135.224000,137.904731,135.224000,138.191185,14.622677,14.324631,1.751965,1.691268,17.193150,6505,2.069811
70960:ApriltagsCameraLog(1):,11,137.904731,139.232000,137.904731,139.232000,138.162347,14.174215,14.357155,1.693725,1.697015,22.904438,6500,2.902577
70978:ApriltagsCameraLog(1):,2,138.162347,136.126000,138.162347,136.126000,138.597775,14.658069,14.324785,1.739936,1.686560,15.992664,6506,2.035872
70979:ApriltagsCameraLog(1):,11,138.162347,138.801000,138.162347,138.801000,138.574779,14.208270,14.362110,1.674752,1.691551,21.829796,6501,2.939915
70998:ApriltagsCameraLog(1):,2,138.574779,136.329000,138.574779,136.329000,139.004156,14.682292,14.318599,1.718275,1.682413,15.968357,6507,2.004986
71000:ApriltagsCameraLog(1):,11,138.574779,138.984000,138.574779,138.984000,138.979149,14.251899,14.357569,1.659007,1.686340,21.712260,6502,2.982335
71018:ApriltagsCameraLog(1):,2,138.979149,136.302000,138.979149,136.302000,139.409267,14.719545,14.313907,1.696302,1.680341,16.113564,6508,1.963839
71019:ApriltagsCameraLog(1):,11,138.979149,140.422000,138.979149,140.422000,139.379961,14.276668,14.356644,1.656538,1.682881,24.046329,6503,3.001785
71038:ApriltagsCameraLog(1):,2,139.379961,137.692000,139.379961,137.692000,139.754267,14.741115,14.311494,1.695384,1.679809,14.710361,6509,1.948239
71039:ApriltagsCameraLog(1):,11,139.379961,140.070000,139.379961,140.070000,139.735032,14.302558,14.359975,1.639841,1.682329,22.709285,6504,3.030426
71058:ApriltagsCameraLog(1):,2,139.735032,137.353000,139.735032,137.353000,140.082328,14.762167,14.311150,1.667014,1.677313,15.256655,6510,1.915201
71060:ApriltagsCameraLog(1):,11,139.735032,141.315000,139.735032,141.315000,140.054547,14.318919,14.360591,1.611783,1.677259,24.856593,6505,3.058146
71078:ApriltagsCameraLog(1):,11,140.054547,141.094000,140.054547,141.094000,140.443570,14.344548,14.311989,1.610284,1.672236,23.873430,6506,3.078194
71105:ApriltagsCameraLog(1):,2,140.443570,137.593000,140.443570,137.593000,140.803448,14.778950,14.314968,1.659226,1.666579,15.677298,6511,1.899961
71108:ApriltagsCameraLog(1):,11,140.803448,141.425000,140.803448,141.425000,140.773968,14.362405,14.364775,1.610706,1.666662,23.057890,6507,3.088574
71118:ApriltagsCameraLog(1):,2,140.773968,138.396000,140.773968,138.396000,141.046741,14.790396,14.365281,1.647368,1.660032,14.950491,6512,1.884789
71120:ApriltagsCameraLog(1):,11,141.046741,141.935000,141.046741,141.935000,141.023910,14.371606,14.412886,1.601325,1.658946,23.738312,6508,3.100219
71138:ApriltagsCameraLog(1):,2,141.023910,138.347000,141.023910,138.347000,141.228877,14.806739,14.409867,1.637990,1.653829,15.132658,6513,1.867148
71140:ApriltagsCameraLog(1):,11,141.228877,142.418000,141.228877,142.418000,141.200609,14.369933,14.453799,1.586583,1.652504,24.449853,6509,3.106431
71159:ApriltagsCameraLog(1):,2,141.200609,138.747000,141.200609,138.747000,141.310577,14.816334,14.447765,1.636879,1.646370,14.792129,6514,1.859723
71160:ApriltagsCameraLog(1):,11,141.310577,142.640000,141.310577,142.640000,141.283043,14.364226,14.489291,1.571064,1.645635,24.792471,6510,3.110407
71179:ApriltagsCameraLog(1):,2,141.283043,139.026000,141.283043,139.026000,141.321227,14.823800,14.480257,1.637676,1.639946,14.510642,6515,1.854827
71181:ApriltagsCameraLog(1):,11,141.321227,142.667000,141.321227,142.667000,141.293867,14.363031,14.519556,1.553275,1.640149,24.913706,6511,3.119823
71200:ApriltagsCameraLog(1):,2,141.293867,139.283000,141.293867,139.283000,141.250994,14.825222,14.508283,1.639401,1.633962,14.219855,6517,1.854895
71202:ApriltagsCameraLog(1):,11,141.293867,142.755000,141.293867,142.755000,141.223228,14.356040,14.545082,1.540602,1.635198,25.185218,6512,3.121807
71220:ApriltagsCameraLog(1):,2,141.223228,139.596000,141.223228,139.596000,141.125314,14.826311,14.497395,1.641077,1.627450,13.765659,6518,1.854895
71238:ApriltagsCameraLog(1):,2,141.125314,139.395000,141.125314,139.395000,140.908511,14.824251,14.536605,1.643015,1.629652,13.910896,6519,1.857366
71241:ApriltagsCameraLog(1):,11,141.223228,142.796000,141.223228,142.796000,140.882696,14.348198,14.570597,1.535212,1.631766,25.405128,6513,3.119062
71258:ApriltagsCameraLog(1):,2,140.882696,139.168000,140.882696,139.168000,140.741364,14.823207,14.486774,1.642857,1.621692,13.890665,6520,1.857184
71260:ApriltagsCameraLog(1):,11,140.882696,142.932000,140.882696,142.932000,140.714100,14.329666,14.526560,1.521962,1.624928,26.401337,6514,3.113886
71279:ApriltagsCameraLog(1):,2,140.714100,138.961000,140.714100,138.961000,140.457177,14.825819,14.475963,1.646861,1.615707,13.936203,6521,1.857184
71280:ApriltagsCameraLog(1):,11,140.714100,142.779000,140.714100,142.779000,140.429800,14.337325,14.517205,1.536104,1.620195,26.421617,6516,3.112447
71298:ApriltagsCameraLog(1):,11,140.429800,142.262000,140.429800,142.262000,140.045145,14.331006,14.466354,1.533510,1.613852,25.892712,6517,3.110407
71318:ApriltagsCameraLog(1):,2,140.045145,138.806000,140.045145,138.806000,139.386278,14.829775,14.456717,1.654883,1.615335,13.325033,6522,1.856989
71320:ApriltagsCameraLog(1):,11,139.386278,141.973000,139.386278,141.973000,139.358422,14.305788,14.502280,1.507038,1.622193,27.556348,6518,3.111649
71338:ApriltagsCameraLog(1):,2,139.358422,138.644000,139.358422,138.644000,138.358516,14.837050,14.492973,1.670789,1.615693,12.724352,6523,1.859489
71340:ApriltagsCameraLog(1):,11,138.358516,142.064000,138.358516,142.064000,138.330993,14.279332,14.537042,1.479511,1.624628,30.019313,6519,3.112892
71364:ApriltagsCameraLog(1):,2,138.330993,138.181000,138.330993,138.181000,136.982129,14.845414,14.525166,1.681742,1.610328,12.032065,6524,1.856782
71366:ApriltagsCameraLog(1):,11,136.982129,141.642000,136.982129,141.642000,136.954164,14.254575,14.568589,1.451097,1.620375,32.173239,6520,3.118308
71378:ApriltagsCameraLog(1):,2,136.954164,137.666000,136.954164,137.666000,135.290303,14.855757,14.555463,1.704262,1.609076,12.719497,6525,1.859281
71380:ApriltagsCameraLog(1):,11,135.290303,141.217000,135.290303,141.217000,135.267495,14.229669,14.594476,1.422438,1.621218,35.050206,6521,3.125900
71398:ApriltagsCameraLog(1):,2,135.267495,136.565000,135.267495,136.565000,133.313841,14.871746,14.576230,1.719572,1.611845,13.347955,6526,1.851870
71400:ApriltagsCameraLog(1):,11,133.313841,138.338000,133.313841,138.338000,133.290896,14.205040,14.613248,1.406660,1.624734,33.083021,6522,3.127485
71418:ApriltagsCameraLog(1):,2,133.290896,135.873000,133.290896,135.873000,131.095729,14.871130,14.591390,1.749161,1.613645,15.002298,6527,1.865440
71438:ApriltagsCameraLog(1):,2,131.095729,132.735000,131.095729,132.735000,128.820099,14.861460,14.623521,1.719272,1.629431,13.666662,6529,1.842732
71458:ApriltagsCameraLog(1):,2,128.820099,129.707000,128.820099,129.707000,126.627851,14.861946,14.652190,1.730105,1.640930,12.764858,6530,1.840621
71478:ApriltagsCameraLog(1):,2,126.627851,128.151000,126.627851,128.151000,124.548938,14.877025,14.678806,1.721685,1.652704,13.272235,6531,1.814736
71480:ApriltagsCameraLog(1):,11,128.820099,130.335000,128.820099,130.335000,124.545711,14.247445,14.703156,1.474157,1.661302,25.496911,6525,3.142817
71498:ApriltagsCameraLog(1):,2,124.545711,125.948000,124.545711,125.948000,122.660603,14.879731,14.624682,1.727215,1.631471,13.069216,6532,1.807740
71518:ApriltagsCameraLog(1):,2,122.660603,123.486000,122.660603,123.486000,121.107618,14.880545,14.657057,1.725109,1.642261,12.317600,6533,1.797303
71539:ApriltagsCameraLog(1):,,,,,,119.822266,,14.688351,,1.649114,,,
71559:ApriltagsCameraLog(1):,2,121.107618,119.999000,121.107618,119.999000,118.932373,14.867398,14.690130,1.673759,1.644319,12.336511,6535,1.763169
71578:ApriltagsCameraLog(1):,2,118.932373,118.725000,118.932373,118.725000,118.279749,14.886057,14.716341,1.696260,1.642545,11.274578,6536,1.755690
71598:ApriltagsCameraLog(1):,,,,,,117.787163,,14.742808,,1.640298,,,
71618:ApriltagsCameraLog(1):,2,118.279749,117.905000,118.279749,117.905000,117.520745,14.886164,14.747360,1.687947,1.626987,11.384047,6537,1.746605
71639:ApriltagsCameraLog(1):,2,117.520745,117.053000,117.520745,117.053000,117.478516,14.889787,14.777493,1.689020,1.611566,11.440982,6538,1.741219
71658:ApriltagsCameraLog(1):,2,117.478516,116.471000,117.478516,116.471000,117.456062,14.889573,14.796937,1.675192,1.599483,11.943704,6539,1.731312
71678:ApriltagsCameraLog(1):,2,117.456062,115.991000,117.456062,115.991000,117.531962,14.884519,14.829488,1.658574,1.584358,12.364105,6540,1.723020
71698:ApriltagsCameraLog(1):,2,117.531962,116.332000,117.531962,116.332000,117.673484,14.898110,14.861344,1.655964,1.566368,11.978724,6541,1.711916
71718:ApriltagsCameraLog(1):,2,117.673484,115.966000,117.673484,115.966000,117.861700,14.898363,14.897110,1.642605,1.545935,12.437964,6542,1.702993
71738:ApriltagsCameraLog(1):,2,117.861700,116.354000,117.861700,116.354000,118.020135,14.921993,14.928482,1.620794,1.507651,11.938189,6544,1.671761
71758:ApriltagsCameraLog(1):,2,118.020135,116.643000,118.020135,116.643000,118.174505,14.938124,14.956082,1.604133,1.493545,11.598630,6545,1.649336
71778:ApriltagsCameraLog(1):,2,118.174505,116.785000,118.174505,116.785000,118.261099,14.952158,14.982963,1.586456,1.470614,11.413828,6546,1.627669
71798:ApriltagsCameraLog(1):,2,118.261099,116.893000,118.261099,116.893000,118.328139,14.968442,15.016942,1.568064,1.441828,11.173279,6547,1.603578
71818:ApriltagsCameraLog(1):,2,118.328139,116.947000,118.328139,116.947000,118.374525,14.986429,15.041110,1.542221,1.423043,10.907382,6548,1.572967
71838:ApriltagsCameraLog(1):,2,118.374525,117.215000,118.374525,117.215000,118.420067,15.013509,15.057531,1.527351,1.410504,10.431421,6549,1.543444
71858:ApriltagsCameraLog(1):,2,118.420067,117.128000,118.420067,117.128000,118.457336,15.030846,15.077798,1.498588,1.396750,10.263545,6550,1.511145
71878:ApriltagsCameraLog(1):,2,118.457336,117.139000,118.457336,117.139000,118.439572,15.051587,15.095417,1.474671,1.383001,10.003414,6551,1.479780
71898:ApriltagsCameraLog(1):,2,118.439572,117.073000,118.439572,117.073000,118.404049,15.075445,15.110058,1.447383,1.371761,9.716790,6552,1.443571
71919:ApriltagsCameraLog(1):,2,118.404049,116.845000,118.404049,116.845000,118.278195,15.094840,15.123485,1.423676,1.361120,9.598462,6553,1.412981
71938:ApriltagsCameraLog(1):,,,,,,118.158842,,15.128262,,1.359784,,,
71958:ApriltagsCameraLog(1):,,,,,,118.024259,,15.134049,,1.352800,,,
71977:ApriltagsCameraLog(1):,,,,,,117.870451,,15.138865,,1.346974,,,
71999:ApriltagsCameraLog(1):,,,,,,117.664457,,15.138946,,1.348315,,,
72017:ApriltagsCameraLog(1):,,,,,,117.178312,,15.138493,,1.347551,,,
72037:ApriltagsCameraLog(1):,,,,,,116.837736,,15.135898,,1.355656,,,
72058:ApriltagsCameraLog(1):,,,,,,116.335111,,15.131700,,1.366265,,,
72078:ApriltagsCameraLog(1):,,,,,,115.805021,,15.125133,,1.390606,,,
72097:ApriltagsCameraLog(1):,,,,,,115.365568,,15.119275,,1.399375,,,
72117:ApriltagsCameraLog(1):,,,,,,115.044218,,15.111848,,1.419986,,,
72137:ApriltagsCameraLog(1):,,,,,,114.736600,,15.099980,,1.443276,,,
72157:ApriltagsCameraLog(1):,,,,,,114.357572,,15.089993,,1.465672,,,
72177:ApriltagsCameraLog(1):,,,,,,114.165311,,15.080708,,1.488667,,,
72197:ApriltagsCameraLog(1):,,,,,,114.170805,,15.051857,,1.515159,,,
72218:ApriltagsCameraLog(1):,,,,,,114.222990,,15.014427,,1.549235,,,
72237:ApriltagsCameraLog(1):,,,,,,114.332853,,14.975882,,1.584683,,,
72258:ApriltagsCameraLog(1):,,,,,,114.417997,,14.917211,,1.637451,,,
72278:ApriltagsCameraLog(1):,,,,,,114.371305,,14.900560,,1.651943,,,
72297:ApriltagsCameraLog(1):,,,,,,114.332853,,14.857468,,1.688534,,,
72317:ApriltagsCameraLog(1):,,,,,,114.459196,,14.815018,,1.724479,,,
72337:ApriltagsCameraLog(1):,,,,,,114.500394,,14.771950,,1.760176,,,
72358:ApriltagsCameraLog(1):,,,,,,114.283414,,14.730800,,1.794398,,,
72377:ApriltagsCameraLog(1):,,,,,,114.102140,,14.683962,,1.833601,,,
72398:ApriltagsCameraLog(1):,,,,,,113.915372,,14.624701,,1.882445,,,
72417:ApriltagsCameraLog(1):,,,,,,113.662687,,14.588769,,1.912545,,,
72437:ApriltagsCameraLog(1):,,,,,,113.379789,,14.538792,,1.954590,,,
72458:ApriltagsCameraLog(1):,,,,,,113.066679,,14.488094,,1.997658,,,
72478:ApriltagsCameraLog(1):,,,,,,112.720609,,14.422737,,2.052863,,,
72497:ApriltagsCameraLog(1):,,,,,,112.402006,,14.367580,,2.100001,,,
72518:ApriltagsCameraLog(1):,1,113.066679,110.863000,113.066679,110.863000,112.053190,14.744041,14.326586,1.531481,2.135333,13.056775,6582,1.712381
72538:ApriltagsCameraLog(1):,1,112.053190,109.475000,112.053190,109.475000,111.641699,14.665881,14.304951,1.585651,2.123126,14.026161,6584,1.768897
72558:ApriltagsCameraLog(1):,1,111.641699,111.318000,111.641699,111.318000,111.203241,14.637775,14.280853,1.615783,2.117733,11.771953,6585,1.800356
72579:ApriltagsCameraLog(1):,1,111.203241,108.211000,111.203241,108.211000,110.789376,14.574796,14.257467,1.676156,2.111236,15.497148,6586,1.866000
72598:ApriltagsCameraLog(1):,1,110.789376,108.400000,110.789376,108.400000,110.308882,14.550207,14.219428,1.708426,2.117854,15.115312,6587,1.900028
72618:ApriltagsCameraLog(1):,1,110.308882,108.066000,110.308882,108.066000,109.776866,14.486927,14.148012,1.742647,2.148589,15.345087,6588,1.941736
72638:ApriltagsCameraLog(1):,1,109.776866,105.503000,109.776866,105.503000,109.241311,14.452651,14.142519,1.793569,2.140174,18.511229,6589,1.996077
72658:ApriltagsCameraLog(1):,1,109.241311,109.341000,109.241311,109.341000,108.670411,14.398987,14.100324,1.811268,2.162230,13.304398,6590,2.021635
72678:ApriltagsCameraLog(1):,1,108.670411,146.158000,108.670411,146.158000,108.054170,14.340100,14.060537,1.865778,2.168550,64.970901,6591,2.085207
72698:ApriltagsCameraLog(1):,,,,,,107.387996,,13.999693,,2.200303,,,
72718:ApriltagsCameraLog(1):,1,108.054170,108.096000,108.054170,108.096000,106.495356,14.301050,13.936050,1.877024,2.241923,13.880340,6592,2.102815
72738:ApriltagsCameraLog(1):,1,106.495356,108.121000,106.495356,108.121000,105.473885,14.261972,13.891685,1.936106,2.251599,16.639049,6593,2.164046
72758:ApriltagsCameraLog(1):,1,105.473885,137.680000,105.473885,137.680000,104.211383,14.217412,13.846483,1.968264,2.269516,61.704189,6594,2.202466
72778:ApriltagsCameraLog(1):,1,104.211383,133.808000,104.211383,133.808000,102.749647,14.066983,13.788158,2.055214,2.301266,61.700305,6596,2.322777
72798:ApriltagsCameraLog(1):,,,,,,101.130366,,13.724912,,2.328856,,,
72818:ApriltagsCameraLog(1):,1,102.749647,95.148000,102.749647,95.148000,99.180292,13.902358,13.626594,2.090176,2.383608,28.568665,6598,2.403835
72837:ApriltagsCameraLog(1):,,,,,,96.801704,,13.606043,,2.389264,,,
72858:ApriltagsCameraLog(1):,,,,,,94.280342,,13.542997,,2.431010,,,
72877:ApriltagsCameraLog(1):,,,,,,91.478828,,13.479872,,2.459232,,,
72898:ApriltagsCameraLog(1):,,,,,,88.325752,,13.418043,,2.490185,,,
72918:ApriltagsCameraLog(1):,,,,,,84.892525,,13.348366,,2.535652,,,
72938:ApriltagsCameraLog(1):,,,,,,81.063789,,13.295628,,2.550601,,,
72957:ApriltagsCameraLog(1):,,,,,,76.910957,,13.236940,,2.579367,,,
72978:ApriltagsCameraLog(1):,,,,,,72.442268,,13.180057,,2.611608,,,
72997:ApriltagsCameraLog(1):,,,,,,67.682442,,13.115182,,2.639342,,,
73017:ApriltagsCameraLog(1):,,,,,,62.801765,,13.054030,,2.670610,,,
73038:ApriltagsCameraLog(1):,,,,,,57.929329,,12.990160,,2.713725,,,
73058:ApriltagsCameraLog(1):,,,,,,53.507332,,12.938744,,2.746240,,,
73077:ApriltagsCameraLog(1):,,,,,,49.340767,,12.877901,,2.784196,,,
73098:ApriltagsCameraLog(1):,,,,,,44.536995,,12.825218,,2.811601,,,
73117:ApriltagsCameraLog(1):,,,,,,39.532722,,12.770739,,2.857586,,,
73138:ApriltagsCameraLog(1):,,,,,,34.479012,,12.720677,,2.887020,,,
73158:ApriltagsCameraLog(1):,,,,,,29.480232,,12.672627,,2.912469,,,
73177:ApriltagsCameraLog(1):,,,,,,24.550118,,12.627103,,2.947131,,,
73197:ApriltagsCameraLog(1):,,,,,,19.556831,,12.573968,,2.976068,,,
73218:ApriltagsCameraLog(1):,,,,,,14.406990,,12.524012,,3.008509,,,
73237:ApriltagsCameraLog(1):,,,,,,9.229683,,12.477420,,3.044725,,,
73257:ApriltagsCameraLog(1):,,,,,,4.118294,,12.430522,,3.087576,,,
73278:ApriltagsCameraLog(1):,,,,,,-0.732170,,12.371355,,3.131293,,,
73297:ApriltagsCameraLog(1):,,,,,,-5.415092,,12.327448,,3.166102,,,
73317:ApriltagsCameraLog(1):,,,,,,-9.867302,,12.282110,,3.210683,,,
73338:ApriltagsCameraLog(1):,,,,,,-15.052849,,12.233817,,3.249261,,,
73358:ApriltagsCameraLog(1):,,,,,,-17.972466,,12.189256,,3.291590,,,
73377:ApriltagsCameraLog(1):,,,,,,-21.606194,,12.147588,,3.336141,,,
73398:ApriltagsCameraLog(1):,,,,,,-24.943291,,12.071626,,3.361516,,,
73418:ApriltagsCameraLog(1):,,,,,,-28.099113,,12.025567,,3.391301,,,
73437:ApriltagsCameraLog(1):,,,,,,-31.062675,,11.967086,,3.423413,,,
73457:ApriltagsCameraLog(1):,,,,,,-33.724113,,11.907576,,3.459526,,,
73477:ApriltagsCameraLog(1):,,,,,,-36.017509,,11.838639,,3.488203,,,
73498:ApriltagsCameraLog(1):,,,,,,-37.934624,,11.771328,,3.519078,,,
73519:ApriltagsCameraLog(1):,,,,,,-39.848991,,11.667571,,3.569971,,,
73538:ApriltagsCameraLog(1):,1,-33.724113,-85.299000,-33.724113,-85.299000,-41.626030,11.961037,11.604689,2.559310,3.588477,161.509789,6628,3.653727
73559:ApriltagsCameraLog(1):,,,,,,-43.628956,,11.558912,,3.604645,,,
73578:ApriltagsCameraLog(1):,,,,,,-44.719349,,11.483778,,3.640238,,,
73598:ApriltagsCameraLog(1):,,,,,,-46.312366,,11.383432,,3.663076,,,
73618:ApriltagsCameraLog(1):,1,-43.628956,-48.855000,-43.628956,-48.855000,-47.545582,11.645132,11.321140,2.604069,3.683696,44.072396,6633,3.993175
73638:ApriltagsCameraLog(1):,,,,,,-48.424191,,11.250295,,3.663742,,,
73657:ApriltagsCameraLog(1):,,,,,,-49.451413,,11.173710,,3.687744,,,
73677:ApriltagsCameraLog(1):,,,,,,-50.008969,,11.091176,,3.702349,,,
73697:ApriltagsCameraLog(1):,,,,,,-50.525326,,11.006123,,3.718260,,,
73718:ApriltagsCameraLog(1):,,,,,,-50.945553,,10.922681,,3.734620,,,
73738:ApriltagsCameraLog(1):,,,,,,-51.154294,,10.819683,,3.749724,,,
73758:ApriltagsCameraLog(1):,,,,,,-51.398739,,10.754055,,3.757478,,,
73777:ApriltagsCameraLog(1):,,,,,,-51.629452,,10.668357,,3.769839,,,
73798:ApriltagsCameraLog(1):,,,,,,-51.717343,,10.540053,,3.775459,,,
73818:ApriltagsCameraLog(1):,,,,,,-51.777768,,10.495445,,3.779153,,,
73838:ApriltagsCameraLog(1):,,,,,,-51.788754,,10.407339,,3.784049,,,
73857:ApriltagsCameraLog(1):,,,,,,-51.731076,,10.320736,,3.788801,,,
73879:ApriltagsCameraLog(1):,1,-51.777768,-111.355000,-51.777768,-111.355000,-51.659665,10.821178,10.210474,2.691834,3.792905,245.993268,6646,4.794428
73898:ApriltagsCameraLog(1):,,,,,,-51.592698,,10.128908,,3.790251,,,
73918:ApriltagsCameraLog(1):,,,,,,-51.447130,,10.061837,,3.792994,,,
73938:ApriltagsCameraLog(1):,,,,,,-51.238389,,9.972206,,3.797290,,,
73958:ApriltagsCameraLog(1):,,,,,,-51.007676,,9.882553,,3.801141,,,
73977:ApriltagsCameraLog(1):,,,,,,-50.741258,,9.792890,,3.804705,,,
73997:ApriltagsCameraLog(1):,,,,,,-50.491319,,9.701809,,3.815667,,,
74017:ApriltagsCameraLog(1):,,,,,,-50.222154,,9.589562,,3.830009,,,
74038:ApriltagsCameraLog(1):,,,,,,-49.947496,,9.521925,,3.836170,,,
74057:ApriltagsCameraLog(1):,,,,,,-49.615159,,9.431006,,3.845870,,,
74077:ApriltagsCameraLog(1):,,,,,,-49.225145,,9.342301,,3.860590,,,
74098:ApriltagsCameraLog(1):,,,,,,-48.771959,,9.255534,,3.874078,,,
74117:ApriltagsCameraLog(1):,,,,,,-48.175950,,9.167766,,3.887027,,,
74138:ApriltagsCameraLog(1):,14,-49.225145,4.412000,-49.225145,4.412000,-47.409654,9.177076,9.082872,2.557344,3.905447,198.923934,6663,4.282386
74159:ApriltagsCameraLog(1):,14,-47.409654,-41.916000,-47.409654,-41.916000,-46.380904,9.052778,8.970774,2.622789,3.912728,46.805037,6665,4.151146
74178:ApriltagsCameraLog(1):,,,,,,-45.177191,,8.904139,,3.873512,,,
74197:ApriltagsCameraLog(1):,,,,,,-43.803900,,8.826319,,3.904316,,,
74218:ApriltagsCameraLog(1):,,,,,,-42.194403,,8.749535,,3.932822,,,
74237:ApriltagsCameraLog(1):,,,,,,-40.392645,,8.670180,,3.959457,,,
74257:ApriltagsCameraLog(1):,,,,,,-38.549689,,8.589428,,3.983664,,,
74278:ApriltagsCameraLog(1):,,,,,,-36.750678,,8.509805,,4.009182,,,
74298:ApriltagsCameraLog(1):,14,-40.392645,-35.066000,-40.392645,-35.066000,-34.844550,8.587193,8.427056,2.695788,4.032678,41.208542,6671,3.735858
74318:ApriltagsCameraLog(1):,,,,,,-32.811885,,8.338060,,3.995965,,,
74338:ApriltagsCameraLog(1):,,,,,,-30.864558,,8.234235,,4.030567,,,
74357:ApriltagsCameraLog(1):,,,,,,-29.035335,,8.170406,,4.047163,,,
74378:ApriltagsCameraLog(1):,,,,,,-27.376399,,8.084471,,4.068613,,,
74398:ApriltagsCameraLog(1):,,,,,,-26.019588,,7.982553,,4.112640,,,
74419:ApriltagsCameraLog(1):,14,-29.035335,-24.151000,-29.035335,-24.151000,-24.898982,8.140521,7.899305,2.820938,4.144324,35.187781,6677,3.330102
74438:ApriltagsCameraLog(1):,14,-24.898982,-22.509000,-24.898982,-22.509000,-23.891383,8.111610,7.833661,2.968666,4.099700,28.516004,6678,3.251921
74458:ApriltagsCameraLog(1):,14,-23.891383,-21.160000,-23.891383,-21.160000,-23.090971,7.950704,7.751021,2.961731,4.058368,27.906637,6680,3.114946
74478:ApriltagsCameraLog(1):,14,-23.090971,-19.257000,-23.090971,-19.257000,-22.431774,7.865716,7.671583,2.989053,4.028484,29.379845,6681,3.029683
74498:ApriltagsCameraLog(1):,14,-22.431774,-18.717000,-22.431774,-18.717000,-21.825857,7.806274,7.590201,3.023444,4.005304,28.398098,6682,2.963276
74518:ApriltagsCameraLog(1):,14,-21.825857,-15.654000,-21.825857,-15.654000,-21.278093,7.773706,7.487951,3.042733,3.990488,33.022706,6683,2.927483
74538:ApriltagsCameraLog(1):,14,-21.278093,-17.461000,-21.278093,-17.461000,-20.796655,7.663292,7.410105,3.085886,3.981425,26.931298,6684,2.811411
74559:ApriltagsCameraLog(1):,,,,,,-20.461065,,7.354725,,3.956218,,,
74579:ApriltagsCameraLog(1):,14,-20.796655,-17.429000,-20.796655,-17.429000,-20.175421,7.590469,7.272988,3.141918,3.995023,25.104474,6685,2.722502
74597:ApriltagsCameraLog(1):,,,,,,-19.805849,,7.198404,,3.988002,,,
74618:ApriltagsCameraLog(1):,14,-20.175421,-15.952000,-20.175421,-15.952000,-19.484499,7.544336,7.116726,3.160262,4.035670,26.171927,6686,2.675073
74658:ApriltagsCameraLog(1):,,,,,,-19.034138,,6.966815,,4.076192,,,
74678:ApriltagsCameraLog(1):,,,,,,-18.894062,,6.885966,,4.125302,,,
74698:ApriltagsCameraLog(1):,,,,,,-18.732014,,6.806008,,4.173551,,,
74717:ApriltagsCameraLog(1):,,,,,,-18.583698,,6.727713,,4.220461,,,
74738:ApriltagsCameraLog(1):,,,,,,-18.506794,,6.632744,,4.278933,,,
74758:ApriltagsCameraLog(1):,14,-18.732014,-20.037000,-18.732014,-20.037000,-18.468342,6.894362,6.574336,3.533321,4.315519,14.074868,6694,1.931268
74777:ApriltagsCameraLog(1):,,,,,,-18.407494,,6.508447,,4.288465,,,
74797:ApriltagsCameraLog(1):,,,,,,-18.281151,,6.430899,,4.338330,,,
74818:ApriltagsCameraLog(1):,,,,,,-18.190514,,6.334769,,4.400084,,,
74837:ApriltagsCameraLog(1):,,,,,,-18.130089,,6.258333,,4.448889,,,
74857:ApriltagsCameraLog(1):,,,,,,-18.039452,,6.199856,,4.485941,,,
74878:ApriltagsCameraLog(1):,14,-18.190514,-14.102000,-18.190514,-14.102000,-17.932335,6.545392,6.104515,3.755545,4.547250,12.933732,6700,1.522542
74898:ApriltagsCameraLog(1):,14,-17.932335,-15.452000,-17.932335,-15.452000,-17.741492,6.517603,6.074283,3.810611,4.499273,10.991843,6701,1.475916
74918:ApriltagsCameraLog(1):,14,-17.741492,-14.583000,-17.741492,-14.583000,-17.593600,6.417745,6.030261,3.849526,4.466963,10.468027,6702,1.369417
74938:ApriltagsCameraLog(1):,,,,,,-17.446083,,5.976476,,4.443809,,,
74958:ApriltagsCameraLog(1):,7,-17.593600,-13.652000,-17.593600,-17.593600,-17.330726,6.054073,5.898652,3.844555,4.493243,69.020496,6704,6.563358
74978:ApriltagsCameraLog(1):,7,-17.330726,3.110000,-17.330726,-17.330726,-17.201582,6.129251,5.818225,3.875431,4.528806,152.250275,6705,6.626915
74998:ApriltagsCameraLog(1):,,,,,,-17.055790,,5.723456,,4.583885,,,
75018:ApriltagsCameraLog(1):,7,-17.201582,-13.549000,-17.201582,-17.201582,-16.822330,5.904811,5.644738,4.002524,4.634167,65.540756,6707,6.375765
75038:ApriltagsCameraLog(1):,,,,,,-16.585830,,5.585935,,4.657705,,,
75057:ApriltagsCameraLog(1):,,,,,,-16.355117,,5.508861,,4.706064,,,
75077:ApriltagsCameraLog(1):,,,,,,-16.146377,,5.430737,,4.756116,,,
75098:ApriltagsCameraLog(1):,,,,,,-15.912918,,5.333933,,4.817345,,,
75118:ApriltagsCameraLog(1):,,,,,,-15.632766,,5.277255,,4.853257,,,
75138:ApriltagsCameraLog(1):,,,,,,-15.303177,,5.201527,,4.904014,,,
75157:ApriltagsCameraLog(1):,,,,,,-14.847244,,5.126180,,4.953713,,,
75177:ApriltagsCameraLog(1):,,,,,,-14.253982,,5.051358,,5.002006,,,
75198:ApriltagsCameraLog(1):,,,,,,-13.517898,,4.958866,,5.067313,,,
75218:ApriltagsCameraLog(1):,7,-14.847244,-8.093000,-14.847244,-14.847244,-12.630752,5.258636,4.903767,4.434755,5.102797,70.660466,6717,5.646833
75220:ApriltagsCameraLog(1):,8,-14.847244,-14.655000,-14.847244,-14.847244,-12.631171,5.127996,4.907890,4.477083,5.088383,40.976498,6717,5.400451
75238:ApriltagsCameraLog(1):,7,-12.631171,-12.184000,-12.631171,-12.631171,-11.596428,5.096400,4.835385,4.682914,5.114185,42.340945,6718,5.441078
75239:ApriltagsCameraLog(1):,8,-12.631171,-10.931000,-12.631171,-12.631171,-11.589658,5.053902,4.837280,4.694741,5.099878,46.186036,6718,5.309334
75258:ApriltagsCameraLog(1):,7,-11.589658,-8.918000,-11.589658,-11.589658,-10.424421,5.118996,4.763727,4.725538,5.134705,51.532958,6719,5.458486
75259:ApriltagsCameraLog(1):,8,-11.589658,-10.237000,-11.589658,-11.589658,-10.418041,5.022760,4.769765,4.753147,5.123920,44.520322,6719,5.276971
75278:ApriltagsCameraLog(1):,7,-10.418041,-13.664000,-10.418041,-10.418041,-9.133529,5.043567,4.697904,4.798850,5.158082,52.980905,6720,5.374724
75298:ApriltagsCameraLog(1):,,,,,,-7.684321,,4.628832,,5.191814,,,
75318:ApriltagsCameraLog(1):,7,-9.133529,-9.242000,-9.133529,-9.133529,-6.025386,4.869109,4.534268,4.835447,5.243592,39.028290,6722,5.201186
75320:ApriltagsCameraLog(1):,8,-9.133529,-6.418000,-9.133529,-9.133529,-6.020865,4.821092,4.539503,4.851711,5.229934,47.839417,6722,5.077854
75338:ApriltagsCameraLog(1):,7,-6.020865,-9.883000,-6.020865,-6.020865,-4.201701,4.819435,4.492693,5.011904,5.249732,52.772537,6723,5.133695
75358:ApriltagsCameraLog(1):,7,-4.201701,-16.700000,-4.201701,-4.201701,-2.131704,4.835646,4.427206,5.084757,5.283255,85.865780,6724,5.145682
75378:ApriltagsCameraLog(1):,7,-2.131704,-4.431000,-2.131704,-4.431000,0.187619,4.572581,4.361364,5.068056,5.316246,44.468487,6726,4.894414
75380:ApriltagsCameraLog(1):,8,-2.131704,-2.112000,-2.131704,-2.112000,0.184673,4.527939,4.364957,5.079005,5.308584,35.476916,6726,4.800894
75398:ApriltagsCameraLog(1):,7,0.184673,-3.935000,0.184673,-3.935000,2.770294,4.504788,4.297622,5.130070,5.335651,50.278850,6727,4.826134
75400:ApriltagsCameraLog(1):,8,0.184673,-0.087000,0.184673,-0.087000,2.760349,4.469918,4.301067,5.138851,5.330283,35.953566,6727,4.750330
75418:ApriltagsCameraLog(1):,7,2.760349,1.245000,2.760349,1.245000,5.583051,4.440420,4.233597,5.170652,5.355989,40.441714,6728,4.764979
75437:ApriltagsCameraLog(1):,,,,,,8.732649,,4.166680,,5.377983,,,
75457:ApriltagsCameraLog(1):,,,,,,12.036787,,4.094517,,5.402586,,,
75478:ApriltagsCameraLog(1):,,,,,,15.546919,,4.021801,,5.426683,,,
75498:ApriltagsCameraLog(1):,,,,,,19.260298,,3.946608,,5.446704,,,
75518:ApriltagsCameraLog(1):,,,,,,23.028609,,3.870558,,5.461690,,,
75537:ApriltagsCameraLog(1):,,,,,,26.832625,,3.798353,,5.481662,,,
75558:ApriltagsCameraLog(1):,,,,,,30.526778,,3.724232,,5.497322,,,
75577:ApriltagsCameraLog(1):,,,,,,34.179732,,3.649409,,5.507644,,,
75598:ApriltagsCameraLog(1):,,,,,,37.662398,,3.577810,,5.533402,,,
75617:ApriltagsCameraLog(1):,,,,,,40.952803,,3.504126,,5.554574,,,
75637:ApriltagsCameraLog(1):,,,,,,44.007002,,3.431014,,5.570692,,,
75658:ApriltagsCameraLog(1):,,,,,,46.816756,,3.363736,,5.591454,,,
75678:ApriltagsCameraLog(1):,,,,,,49.280440,,3.299079,,5.608271,,,
75698:ApriltagsCameraLog(1):,9,46.816756,52.233000,46.816756,46.816756,51.444746,3.527805,3.239069,5.427685,5.621319,66.350107,6742,5.754886
75717:ApriltagsCameraLog(1):,,,,,,53.225057,,3.191007,,5.626271,,,
75738:ApriltagsCameraLog(1):,9,51.444746,59.316000,51.444746,51.444746,54.793355,3.359938,3.142458,5.417666,5.634212,75.635133,6744,5.665279
75740:ApriltagsCameraLog(1):,10,51.444746,37.440000,51.444746,51.444746,54.792186,3.421223,3.145756,5.462640,5.629104,103.091804,6744,5.743303
75758:ApriltagsCameraLog(1):,,,,,,56.293710,,3.102838,,5.632073,,,
75779:ApriltagsCameraLog(1):,10,54.792186,37.757000,54.792186,54.792186,57.763131,3.358025,3.058861,5.470070,5.636088,116.054540,6746,5.740903
75798:ApriltagsCameraLog(1):,10,57.763131,58.235000,57.763131,57.763131,59.086370,3.193312,3.027984,5.585944,5.636066,45.459435,6747,5.801376
75818:ApriltagsCameraLog(1):,10,59.086370,59.205000,59.086370,59.086370,60.382348,3.173677,3.003265,5.585834,5.635725,43.917254,6748,5.800296
75838:ApriltagsCameraLog(1):,10,60.382348,58.688000,60.382348,60.382348,61.617595,3.120477,2.982128,5.640041,5.634387,51.115882,6749,5.838738
75858:ApriltagsCameraLog(1):,10,61.617595,61.201000,61.617595,61.617595,62.642826,3.061729,2.954762,5.637482,5.635403,45.393374,6750,5.822243
75878:ApriltagsCameraLog(1):,9,62.642826,72.400000,62.642826,62.642826,63.355477,3.028623,2.919065,5.649568,5.638131,84.419199,6751,5.716047
75879:ApriltagsCameraLog(1):,10,62.642826,62.701000,62.642826,62.642826,63.357158,3.039447,2.920211,5.626732,5.638454,43.727026,6751,5.809265
75898:ApriltagsCameraLog(1):,10,63.357158,63.234000,63.357158,63.357158,63.766883,3.027921,2.883076,5.660678,5.641286,44.264646,6752,5.840765
75918:ApriltagsCameraLog(1):,9,63.766883,71.251000,63.766883,63.766883,64.194979,2.978069,2.843873,5.651349,5.645201,74.416291,6753,5.695278
75919:ApriltagsCameraLog(1):,10,63.766883,63.117000,63.766883,63.766883,64.195790,3.000684,2.845477,5.643409,5.645496,46.369477,6753,5.817487
75938:ApriltagsCameraLog(1):,,,,,,64.688723,,2.808578,,5.657779,,,
75958:ApriltagsCameraLog(1):,9,64.195790,73.794000,64.195790,64.195790,65.103457,2.963539,2.767586,5.697253,5.669689,83.940000,6755,5.728805
75960:ApriltagsCameraLog(1):,10,64.195790,64.981000,64.195790,64.195790,65.103162,2.975790,2.769358,5.681115,5.669274,47.216275,6755,5.847341
75979:ApriltagsCameraLog(1):,10,65.103162,65.822000,65.103162,65.103162,65.443216,2.898578,2.705068,5.705813,5.678861,46.960090,6756,5.851350
75998:ApriltagsCameraLog(1):,9,65.443216,73.824000,65.443216,65.443216,65.796099,2.855958,2.688332,5.717565,5.697111,78.257221,6757,5.696945
76020:ApriltagsCameraLog(1):,10,65.796099,66.579000,65.796099,65.796099,66.172957,2.830699,2.642208,5.737501,5.765238,47.358137,6758,5.864958
76039:ApriltagsCameraLog(1):,,,,,,66.556052,,2.619085,,5.795650,,,
76057:ApriltagsCameraLog(1):,,,,,,66.943320,,2.587821,,5.827910,,,
76078:ApriltagsCameraLog(1):,,,,,,67.256430,,2.548605,,5.893961,,,
76098:ApriltagsCameraLog(1):,10,66.556052,67.515000,66.556052,66.556052,67.525595,2.787975,2.526239,5.805743,5.929963,48.630020,6761,5.921839
76117:ApriltagsCameraLog(1):,,,,,,67.753165,,2.503472,,5.978636,,,
76138:ApriltagsCameraLog(1):,,,,,,67.879508,,2.472101,,6.038732,,,
76158:ApriltagsCameraLog(1):,,,,,,67.808097,,2.449338,,6.083587,,,
76178:ApriltagsCameraLog(1):,9,67.753165,75.061000,67.753165,67.753165,67.420829,2.633977,2.434735,5.981092,6.113654,75.597897,6765,5.834803
76180:ApriltagsCameraLog(1):,10,67.753165,65.564000,67.753165,67.753165,67.420762,2.651433,2.437597,5.977676,6.113092,55.414074,6765,6.057718
76198:ApriltagsCameraLog(1):,10,67.420762,69.568000,67.420762,67.420762,66.794451,2.705960,2.433441,5.975576,6.156461,55.321530,6766,6.067810
76218:ApriltagsCameraLog(1):,9,66.794451,74.806000,66.794451,66.794451,65.908451,2.664261,2.433494,6.020982,6.192737,79.332187,6767,5.880647
76219:ApriltagsCameraLog(1):,10,66.794451,67.052000,66.794451,66.794451,65.906198,2.693484,2.438451,6.038016,6.191119,47.163741,6767,6.122443
76237:ApriltagsCameraLog(1):,,,,,,64.737875,,2.441843,,6.222263,,,
76258:ApriltagsCameraLog(1):,10,65.906198,29.806000,65.906198,65.906198,63.158590,2.541133,2.439180,6.093051,6.257413,212.468129,6770,6.136042
76278:ApriltagsCameraLog(1):,10,63.158590,65.751000,63.158590,63.158590,62.211132,2.671917,2.437361,6.146612,6.277811,58.743865,6771,6.206277
76298:ApriltagsCameraLog(1):,10,62.211132,66.607000,62.211132,62.211132,60.924727,2.614097,2.442959,6.092749,6.285463,66.344939,6772,6.135762
76318:ApriltagsCameraLog(1):,,,,,,60.051936,,2.449006,,6.289532,,,
76338:ApriltagsCameraLog(1):,,,,,,59.436702,,2.449688,,6.293788,,,
76360:ApriltagsCameraLog(1):,10,60.051936,21.056000,60.051936,60.051936,59.101619,2.475425,2.451444,6.242719,6.300017,229.914349,6775,6.240648
76379:ApriltagsCameraLog(1):,9,59.101619,68.018000,59.101619,59.101619,59.074306,2.477909,2.452906,6.356977,6.300806,86.293852,6776,6.077323
76380:ApriltagsCameraLog(1):,10,59.101619,26.605000,59.101619,59.101619,59.073678,2.507921,2.453519,6.380514,6.302202,204.072066,6776,6.377597
76398:ApriltagsCameraLog(1):,10,59.073678,59.301000,59.073678,59.073678,59.224475,2.470406,2.453229,6.371700,6.302290,48.976475,6777,6.360985
76418:ApriltagsCameraLog(1):,,,,,,59.411157,,2.452498,,6.306003,,,
76438:ApriltagsCameraLog(1):,10,59.224475,58.422000,59.224475,59.224475,59.548486,2.431943,2.451857,6.411287,6.306348,52.004544,6778,6.392665
76458:ApriltagsCameraLog(1):,10,59.548486,58.855000,59.548486,59.548486,59.507692,2.402476,2.451333,6.395815,6.310147,51.313837,6779,6.373259
76478:ApriltagsCameraLog(1):,9,59.507692,68.273000,59.507692,59.507692,59.385172,2.403802,2.449185,6.422119,6.313360,86.093485,6780,6.109884
76480:ApriltagsCameraLog(1):,10,59.507692,58.983000,59.507692,59.507692,59.385328,2.421542,2.448153,6.410075,6.315803,50.651506,6780,6.390794
76499:ApriltagsCameraLog(1):,10,59.385328,58.883000,59.385328,59.385328,59.344395,2.446036,2.447379,6.407209,6.319502,50.556410,6781,6.392286
76519:ApriltagsCameraLog(1):,10,59.344395,59.213000,59.344395,59.344395,59.406956,2.461847,2.448133,6.390883,6.323220,48.665682,6782,6.379317
76538:ApriltagsCameraLog(1):,9,59.406956,67.286000,59.406956,59.406956,59.513528,2.404487,2.449483,6.403205,6.326711,81.775459,6783,6.092270
76540:ApriltagsCameraLog(1):,10,59.406956,58.878000,59.406956,59.406956,59.513613,2.426314,2.448464,6.403111,6.328549,50.618370,6783,6.384424
76558:ApriltagsCameraLog(1):,10,59.513613,59.036000,59.513613,59.513613,59.582414,2.432115,2.447102,6.424208,6.331427,50.558872,6785,6.406774
76578:ApriltagsCameraLog(1):,,,,,,59.574490,,2.445513,,6.335820,,,
76598:ApriltagsCameraLog(1):,9,59.582414,66.501000,59.582414,59.582414,59.486600,2.421576,2.443346,6.407162,6.337270,77.531575,6786,6.103284
76618:ApriltagsCameraLog(1):,10,59.486600,59.385000,59.486600,59.486600,59.245006,2.458823,2.440216,6.389087,6.339855,48.508954,6787,6.377633
76645:ApriltagsCameraLog(1):,10,59.245006,58.850000,59.245006,59.245006,58.698048,2.485963,2.440981,6.401820,6.340634,50.058294,6788,6.394513
76658:ApriltagsCameraLog(1):,10,58.698048,26.703000,58.698048,58.698048,57.806932,2.542511,2.441482,6.393080,6.342789,202.259208,6789,6.395329
76678:ApriltagsCameraLog(1):,9,57.806932,67.001000,57.806932,57.806932,56.627931,2.564254,2.442173,6.339798,6.341644,87.774208,6790,6.091233
76680:ApriltagsCameraLog(1):,10,57.806932,58.203000,57.806932,57.806932,56.624915,2.610279,2.444839,6.383962,6.341574,50.085492,6790,6.397168
76698:ApriltagsCameraLog(1):,9,56.624915,67.581000,56.624915,56.624915,55.177696,2.624857,2.451178,6.302666,6.341122,95.607543,6791,6.077851
76700:ApriltagsCameraLog(1):,10,56.624915,58.662000,56.624915,56.624915,55.173947,2.680260,2.454696,6.365693,6.340322,57.922096,6791,6.389963
76718:ApriltagsCameraLog(1):,10,55.173947,23.475000,55.173947,55.173947,53.514338,2.726315,2.462709,6.296973,6.338891,198.567923,6792,6.327426
76737:ApriltagsCameraLog(1):,,,,,,51.652568,,2.461670,,6.332838,,,
76758:ApriltagsCameraLog(1):,,,,,,49.534953,,2.459843,,6.324098,,,
76777:ApriltagsCameraLog(1):,,,,,,47.354167,,2.454401,,6.322224,,,
76798:ApriltagsCameraLog(1):,8,51.652568,51.235000,51.652568,51.235000,45.228313,2.336706,2.455033,6.485223,6.321685,22.799178,6796,3.110665
76818:ApriltagsCameraLog(1):,8,45.228313,47.690000,45.228313,47.690000,43.395489,2.458897,2.446019,6.330284,6.333756,27.494682,6797,3.132921
76838:ApriltagsCameraLog(1):,8,43.395489,45.983000,43.395489,45.983000,41.920989,2.448971,2.447341,6.326646,6.334030,27.626005,6798,3.118394
76858:ApriltagsCameraLog(1):,8,41.920989,44.727000,41.920989,44.727000,40.951710,2.415622,2.448207,6.352148,6.333072,27.877693,6799,3.096153
76878:ApriltagsCameraLog(1):,8,40.951710,44.127000,40.951710,44.127000,40.521579,2.376079,2.445680,6.370675,6.335021,28.370610,6800,3.066649
76897:ApriltagsCameraLog(1):,,,,,,40.436994,,2.441638,,6.337404,,,
76918:ApriltagsCameraLog(1):,7,40.521579,41.026000,40.521579,41.026000,40.538617,2.376686,2.441959,6.448220,6.337680,21.044194,6801,2.879207
76920:ApriltagsCameraLog(1):,8,40.521579,42.108000,40.521579,42.108000,40.532416,2.363392,2.436558,6.426378,6.346935,25.071543,6801,3.079841
76938:ApriltagsCameraLog(1):,,,,,,40.708851,,2.431460,,6.352987,,,
76958:ApriltagsCameraLog(1):,7,40.532416,38.969000,40.532416,38.969000,40.890125,2.350133,2.431766,6.502982,6.352962,23.095896,6803,2.871656
76960:ApriltagsCameraLog(1):,8,40.532416,39.977000,40.532416,39.977000,40.877145,2.325992,2.425421,6.481978,6.364418,22.787026,6803,3.073499
76978:ApriltagsCameraLog(1):,,,,,,41.037669,,2.417435,,6.373556,,,
76998:ApriltagsCameraLog(1):,7,40.877145,38.722000,40.877145,38.722000,41.161265,2.340760,2.417457,6.517592,6.373857,24.245813,6805,2.868369
77000:ApriltagsCameraLog(1):,8,40.877145,40.047000,40.877145,40.047000,41.145077,2.315266,2.411647,6.498095,6.384331,23.375754,6805,3.072996
77019:ApriltagsCameraLog(1):,7,41.145077,39.026000,41.145077,39.026000,41.222067,2.344556,2.404572,6.519142,6.392615,24.218590,6807,2.872982
77021:ApriltagsCameraLog(1):,8,41.145077,40.353000,41.145077,40.353000,41.206172,2.318182,2.400022,6.497607,6.401836,23.319893,6807,3.076043
77038:ApriltagsCameraLog(1):,,,,,,41.245035,,2.393480,,6.409102,,,
77058:ApriltagsCameraLog(1):,8,41.206172,40.606000,41.206172,40.606000,41.258767,2.324694,2.393480,6.486980,6.409102,22.910598,6809,3.076678
77078:ApriltagsCameraLog(1):,8,41.258767,40.807000,41.258767,40.807000,41.237613,2.321403,2.388134,6.487473,6.415073,22.569068,6810,3.074193
77097:ApriltagsCameraLog(1):,,,,,,41.217632,,2.382876,,6.420720,,,
77118:ApriltagsCameraLog(1):,,,,,,41.209392,,2.382876,,6.420720,,,
77138:ApriltagsCameraLog(1):,7,41.237613,39.618000,41.237613,39.618000,41.201153,2.347300,2.382876,6.506506,6.420720,23.206720,6813,2.871503
77139:ApriltagsCameraLog(1):,8,41.237613,40.757000,41.237613,40.757000,41.187393,2.323632,2.380070,6.484692,6.427228,22.635782,6813,3.074721
77158:ApriltagsCameraLog(1):,7,41.187393,39.488000,41.187393,39.488000,41.177892,2.348139,2.375951,6.504415,6.431673,23.366056,6814,2.871503
77160:ApriltagsCameraLog(1):,8,41.187393,40.590000,41.187393,40.590000,41.163381,2.328771,2.373782,6.485966,6.437158,22.930125,6814,3.079689
77178:ApriltagsCameraLog(1):,7,41.163381,39.541000,41.163381,39.541000,41.169238,2.350212,2.372813,6.501503,6.441948,23.221010,6815,2.872445
77179:ApriltagsCameraLog(1):,8,41.163381,40.733000,41.163381,40.733000,41.155338,2.329160,2.371238,6.481390,6.446547,22.552439,6815,3.077734
77198:ApriltagsCameraLog(1):,7,41.155338,39.414000,41.155338,39.414000,41.195576,2.350586,2.369577,6.504751,6.451360,23.471990,6816,2.873862
77200:ApriltagsCameraLog(1):,8,41.155338,40.643000,41.155338,40.643000,41.180953,2.329611,2.368392,6.484642,6.455605,22.746088,6816,3.079689
77218:ApriltagsCameraLog(1):,7,41.180953,39.732000,41.180953,39.732000,41.217906,2.346335,2.369822,6.502474,6.459356,22.844270,6818,2.869144
77220:ApriltagsCameraLog(1):,8,41.180953,40.741000,41.180953,40.741000,41.205691,2.328701,2.368367,6.482116,6.462906,22.573135,6818,3.077734
77238:ApriltagsCameraLog(1):,7,41.205691,39.722000,41.205691,39.722000,41.207793,2.345923,2.375604,6.503504,6.461684,22.913585,6819,2.869144
77239:ApriltagsCameraLog(1):,8,41.205691,40.728000,41.205691,40.728000,41.195288,2.329964,2.374311,6.484811,6.464749,22.675554,6819,3.080218
77258:ApriltagsCameraLog(1):,7,41.195288,39.676000,41.195288,39.676000,40.980069,2.353265,2.381848,6.502594,6.462236,23.045462,6820,2.875747
77260:ApriltagsCameraLog(1):,8,41.195288,40.807000,41.195288,40.807000,40.967065,2.331910,2.380953,6.482470,6.464849,22.486481,6820,3.080749
77278:ApriltagsCameraLog(1):,7,40.967065,39.901000,40.967065,39.901000,40.560079,2.353718,2.384117,6.496897,6.458701,22.122058,6821,2.873862
77280:ApriltagsCameraLog(1):,8,40.967065,40.823000,40.967065,40.823000,40.549135,2.338117,2.382715,6.476601,6.460930,21.973689,6821,3.082702
77298:ApriltagsCameraLog(1):,7,40.549135,39.715000,40.549135,39.715000,40.068627,2.368297,2.397117,6.486030,6.455545,21.740229,6822,2.883302
77300:ApriltagsCameraLog(1):,8,40.549135,40.672000,40.549135,40.672000,40.058103,2.351438,2.396513,6.468042,6.457156,21.979600,6822,3.089103
77318:ApriltagsCameraLog(1):,7,40.058103,39.058000,40.058103,39.058000,39.487874,2.372892,2.404371,6.489099,6.450756,22.111979,6823,2.887701
77320:ApriltagsCameraLog(1):,8,40.058103,40.379000,40.058103,40.379000,39.475712,2.349677,2.403623,6.468585,6.452941,22.387682,6823,3.086451
77338:ApriltagsCameraLog(1):,7,39.475712,39.086000,39.475712,39.086000,38.668007,2.372645,2.421575,6.476308,6.444714,20.839493,6824,2.882227
77340:ApriltagsCameraLog(1):,8,39.475712,40.135000,39.475712,40.135000,38.659981,2.360504,2.419825,6.457270,6.446198,23.142936,6824,3.088940
77358:ApriltagsCameraLog(1):,7,38.659981,38.385000,38.659981,38.385000,37.648314,2.384826,2.435532,6.467280,6.435773,20.667623,6825,2.889314
77360:ApriltagsCameraLog(1):,8,38.659981,39.458000,38.659981,39.458000,37.639857,2.371734,2.433675,6.451137,6.436961,23.484608,6825,3.093624
77378:ApriltagsCameraLog(1):,7,37.639857,37.771000,37.639857,37.771000,36.526425,2.387310,2.445424,6.445662,6.426846,20.326602,6826,2.882935
77380:ApriltagsCameraLog(1):,8,37.639857,38.893000,37.639857,38.893000,36.519787,2.378421,2.442870,6.428574,6.426886,24.406580,6826,3.086085
77398:ApriltagsCameraLog(1):,7,36.519787,36.688000,36.519787,36.688000,35.411057,2.387847,2.468033,6.433233,6.405142,20.355660,6827,2.877364
77400:ApriltagsCameraLog(1):,8,36.519787,37.834000,36.519787,37.834000,35.405063,2.380526,2.464376,6.415762,6.405166,24.472849,6827,3.078773
77419:ApriltagsCameraLog(1):,7,35.405063,35.861000,35.405063,35.861000,34.393173,2.390221,2.490042,6.419269,6.374920,20.896074,6828,2.873111
77420:ApriltagsCameraLog(1):,8,35.405063,37.135000,35.405063,37.135000,34.389545,2.382930,2.486220,6.403633,6.375985,25.308984,6828,3.072050
77439:ApriltagsCameraLog(1):,7,34.389545,34.673000,34.389545,34.673000,33.459977,2.391487,2.507648,6.409743,6.351509,20.520122,6829,2.869313
77440:ApriltagsCameraLog(1):,8,34.389545,35.739000,34.389545,35.739000,33.455172,2.384779,2.501783,6.394038,6.352564,24.435518,6829,3.066265
77458:ApriltagsCameraLog(1):,,,,,,32.457321,,2.523769,,6.321039,,,
77478:ApriltagsCameraLog(1):,7,33.455172,33.462000,33.455172,33.462000,31.680038,2.394811,2.544859,6.408798,6.283943,19.974336,6830,2.870088
77481:ApriltagsCameraLog(1):,8,33.455172,34.772000,33.455172,34.772000,31.672241,2.384386,2.537801,6.393886,6.287092,24.334900,6830,3.062911
77499:ApriltagsCameraLog(1):,7,31.672241,32.582000,31.672241,32.582000,31.039364,2.423731,2.554215,6.346667,6.247791,21.835908,6831,2.876878
77501:ApriltagsCameraLog(1):,8,31.672241,33.543000,31.672241,33.543000,31.034613,2.432087,2.548624,6.338804,6.247817,25.652619,6831,3.076240
77518:ApriltagsCameraLog(1):,7,31.034613,31.526000,31.034613,31.526000,30.323923,2.413268,2.559560,6.346205,6.210287,20.899988,6832,2.865136
77520:ApriltagsCameraLog(1):,8,31.034613,32.895000,31.034613,32.895000,30.316615,2.407795,2.552463,6.332091,6.213478,25.374895,6832,3.049333
77538:ApriltagsCameraLog(1):,7,30.316615,31.135000,30.316615,31.135000,29.598997,2.424901,2.577593,6.322374,6.171964,21.581554,6833,2.868620
77539:ApriltagsCameraLog(1):,8,30.316615,32.335000,30.316615,32.335000,29.596400,2.420666,2.570019,6.307913,6.175731,25.705390,6833,3.048549
77558:ApriltagsCameraLog(1):,7,29.596400,30.186000,29.596400,30.186000,28.914109,2.438258,2.593108,6.305205,6.136238,21.184524,6834,2.875628
77560:ApriltagsCameraLog(1):,8,29.596400,31.439000,29.596400,31.439000,28.907458,2.438437,2.586265,6.295172,6.140774,25.410901,6834,3.057150
77578:ApriltagsCameraLog(1):,7,28.907458,29.485000,28.907458,29.485000,28.389891,2.450405,2.610715,6.280054,6.099630,21.196000,6835,2.879835
77579:ApriltagsCameraLog(1):,8,28.907458,30.572000,28.907458,30.572000,28.384079,2.451583,2.602471,6.269746,6.104149,25.024308,6835,3.056664
77598:ApriltagsCameraLog(1):,7,28.384079,29.585000,28.384079,29.585000,27.964840,2.457170,2.642772,6.251615,6.043944,22.435543,6836,2.878761
77600:ApriltagsCameraLog(1):,8,28.384079,30.346000,28.384079,30.346000,27.965934,2.461181,2.635923,6.240066,6.049186,25.618544,6836,3.052093
77618:ApriltagsCameraLog(1):,7,27.965934,28.421000,27.965934,28.421000,27.549806,2.471213,2.659719,6.238151,6.011872,21.023401,6837,2.888542
77638:ApriltagsCameraLog(1):,7,27.549806,27.704000,27.549806,27.704000,27.080175,2.494566,2.702709,6.206591,5.944871,20.542823,6838,2.903859
77658:ApriltagsCameraLog(1):,7,27.080175,27.372000,27.080175,27.372000,26.673550,2.524061,2.713291,6.149677,5.926936,20.961695,6840,2.920916
77678:ApriltagsCameraLog(1):,7,26.673550,27.281000,26.673550,27.281000,26.395646,2.557827,2.749370,6.117903,5.869925,21.832349,6841,2.947761
77679:ApriltagsCameraLog(1):,8,26.673550,28.474000,26.673550,28.474000,26.398617,2.551093,2.738828,6.109343,5.882906,25.562398,6841,3.082778
77698:ApriltagsCameraLog(1):,7,26.398617,26.575000,26.398617,26.575000,26.143978,2.567275,2.760021,6.080430,5.850416,20.967456,6842,2.950504
77700:ApriltagsCameraLog(1):,8,26.398617,27.673000,26.398617,27.673000,26.143698,2.558662,2.749002,6.069638,5.861913,24.360232,6842,3.075839
77718:ApriltagsCameraLog(1):,7,26.143698,25.705000,26.143698,25.705000,25.831051,2.592211,2.777323,6.051628,5.815445,21.673860,6843,2.970374
77720:ApriltagsCameraLog(1):,8,26.143698,26.820000,26.143698,26.820000,25.825133,2.584946,2.767106,6.043148,5.827481,23.201158,6843,3.091432
77738:ApriltagsCameraLog(1):,,,,,,25.631428,,2.799910,,5.785249,,,
77758:ApriltagsCameraLog(1):,7,25.825133,26.058000,25.825133,26.058000,25.557270,2.623814,2.856224,5.983230,5.711123,21.425214,6844,2.992206
77760:ApriltagsCameraLog(1):,8,25.825133,27.157000,25.825133,27.157000,25.557157,2.618537,2.847552,5.977069,5.719679,24.724814,6844,3.102354
77778:ApriltagsCameraLog(1):,7,25.557157,26.255000,25.557157,26.255000,25.434043,2.663180,2.874870,5.963302,5.686260,22.709515,6845,3.028516
77779:ApriltagsCameraLog(1):,8,25.557157,27.400000,25.557157,27.400000,25.438289,2.646869,2.866818,5.956263,5.695456,26.032295,6845,3.122682
77798:ApriltagsCameraLog(1):,7,25.438289,26.132000,25.438289,26.132000,25.417736,2.685634,2.915735,5.900465,5.661321,22.837431,6846,3.044493
77799:ApriltagsCameraLog(1):,8,25.438289,26.939000,25.438289,26.939000,25.422152,2.676159,2.907370,5.893347,5.670375,25.378204,6846,3.133330
77818:ApriltagsCameraLog(1):,7,25.422152,26.564000,25.422152,26.564000,25.479097,2.779746,2.958897,5.885324,5.632566,24.618954,6847,3.136992
77819:ApriltagsCameraLog(1):,8,25.422152,27.570000,25.422152,27.570000,25.487260,2.721503,2.955983,5.874641,5.642733,27.184669,6847,3.172272
77838:ApriltagsCameraLog(1):,7,25.487260,26.106000,25.487260,26.106000,25.600822,2.780586,3.012304,5.832833,5.603824,23.439582,6848,3.134223
77839:ApriltagsCameraLog(1):,8,25.487260,27.154000,25.487260,27.154000,25.606119,2.762769,3.005172,5.830399,5.609458,26.381884,6848,3.201613
77858:ApriltagsCameraLog(1):,7,25.606119,28.520000,25.606119,28.520000,25.657126,2.832913,3.075228,5.810528,5.563270,29.034196,6849,3.185367
77869:ApriltagsCameraLog(1):,8,25.606119,29.031000,25.606119,29.031000,25.677875,2.791119,3.071534,5.802757,5.570675,30.588261,6849,3.223094
77878:ApriltagsCameraLog(1):,8,25.677875,28.015000,25.677875,28.015000,25.645830,2.869288,3.127997,5.711917,5.540053,28.676184,6851,3.280477
77898:ApriltagsCameraLog(1):,8,25.645830,27.373000,25.645830,27.373000,25.601637,2.925938,3.169159,5.675306,5.515653,27.714752,6852,3.329118
77918:ApriltagsCameraLog(1):,,,,,,25.564125,,3.227062,,5.481093,,,
77937:ApriltagsCameraLog(1):,,,,,,25.473488,,3.293967,,5.446045,,,
77958:ApriltagsCameraLog(1):,,,,,,25.344398,,3.363241,,5.409655,,,
77978:ApriltagsCameraLog(1):,8,25.564125,27.506000,25.564125,27.506000,25.209816,3.075075,3.434553,5.567378,5.371952,29.458483,6855,3.458528
77998:ApriltagsCameraLog(1):,8,25.209816,27.782000,25.209816,27.782000,25.091289,3.149878,3.496567,5.533931,5.341919,31.704311,6856,3.527228
78018:ApriltagsCameraLog(1):,8,25.091289,26.833000,25.091289,26.833000,25.012414,3.187433,3.581629,5.485491,5.301762,29.901500,6857,3.558256
78038:ApriltagsCameraLog(1):,8,25.012414,25.836000,25.012414,25.836000,24.928960,3.249960,3.647653,5.456648,5.268948,28.072283,6858,3.617027
78058:ApriltagsCameraLog(1):,8,24.928960,11.545000,24.928960,11.545000,24.856498,3.317055,3.692461,5.429506,5.245871,61.843120,6859,3.680852
78078:ApriltagsCameraLog(1):,8,24.856498,26.730000,24.856498,26.730000,24.727669,3.384895,3.762704,5.394845,5.210953,32.011939,6860,3.745103
78098:ApriltagsCameraLog(1):,8,24.727669,27.013000,24.727669,27.013000,24.634261,3.434931,3.847937,5.359432,5.169678,33.581921,6861,3.791872
78118:ApriltagsCameraLog(1):,8,24.634261,26.868000,24.634261,26.868000,24.537040,3.562257,3.895487,5.302899,5.146318,34.645698,6863,3.914974
78138:ApriltagsCameraLog(1):,8,24.537040,28.914000,24.537040,28.914000,24.486107,3.641657,3.961208,5.276947,5.115187,41.608825,6864,3.992665
78159:ApriltagsCameraLog(1):,,,,,,24.418650,,4.029923,,5.083311,,,
78178:ApriltagsCameraLog(1):,8,24.486107,26.172000,24.486107,26.172000,24.270334,3.757997,4.108161,5.214902,5.045852,34.881957,6866,4.106204
78198:ApriltagsCameraLog(1):,,,,,,24.073960,,4.177621,,5.014233,,,
78218:ApriltagsCameraLog(1):,,,,,,23.889939,,4.254592,,4.978312,,,
78238:ApriltagsCameraLog(1):,9,24.073960,40.232000,24.073960,24.073960,23.686692,4.010403,4.332814,5.189101,4.941497,113.116835,6869,5.780453
78257:ApriltagsCameraLog(1):,,,,,,23.456093,,4.410012,,4.906448,,,
78278:ApriltagsCameraLog(1):,,,,,,23.239113,,4.489116,,4.867992,,,
78297:ApriltagsCameraLog(1):,,,,,,23.044106,,4.568093,,4.829276,,,
78318:ApriltagsCameraLog(1):,,,,,,22.824379,,4.649360,,4.789052,,,
78339:ApriltagsCameraLog(1):,,,,,,22.579933,,4.769182,,4.727381,,,
78357:ApriltagsCameraLog(1):,,,,,,22.299782,,4.809982,,4.704343,,,
78377:ApriltagsCameraLog(1):,,,,,,21.992165,,4.891115,,4.660628,,,
78398:ApriltagsCameraLog(1):,,,,,,21.695534,,4.968562,,4.611876,,,
78417:ApriltagsCameraLog(1):,,,,,,21.387917,,5.044487,,4.563537,,,
78439:ApriltagsCameraLog(1):,,,,,,21.135231,,5.157769,,4.488426,,,
78457:ApriltagsCameraLog(1):,,,,,,20.918251,,5.196958,,4.465018,,,
78478:ApriltagsCameraLog(1):,,,,,,20.753456,,5.270177,,4.414173,,,
78497:ApriltagsCameraLog(1):,,,,,,20.629860,,5.344478,,4.362236,,,
78517:ApriltagsCameraLog(1):,,,,,,20.498024,,5.420152,,4.309100,,,
78537:ApriltagsCameraLog(1):,,,,,,20.377175,,5.493176,,4.255837,,,
78557:ApriltagsCameraLog(1):,,,,,,20.300270,,5.585929,,4.188084,,,
78577:ApriltagsCameraLog(1):,,,,,,20.209633,,5.642387,,4.146473,,,
78597:ApriltagsCameraLog(1):,,,,,,20.124489,,5.715565,,4.091891,,,
78618:ApriltagsCameraLog(1):,,,,,,20.069557,,5.807299,,4.023264,,,
78637:ApriltagsCameraLog(1):,,,,,,19.995400,,5.863197,,3.981370,,,
78657:ApriltagsCameraLog(1):,,,,,,19.962441,,5.951423,,3.915086,,,
78677:ApriltagsCameraLog(1):,,,,,,20.003640,,6.007810,,3.873865,,,
78698:ApriltagsCameraLog(1):,,,,,,20.187661,,6.080734,,3.820445,,,
78718:ApriltagsCameraLog(1):,,,,,,20.533730,,6.150252,,3.770050,,,
78737:ApriltagsCameraLog(1):,,,,,,21.105019,,6.222764,,3.725767,,,
78757:ApriltagsCameraLog(1):,,,,,,21.939980,,6.294138,,3.683051,,,
78778:ApriltagsCameraLog(1):,,,,,,23.030373,,6.362792,,3.644064,,,
78797:ApriltagsCameraLog(1):,,,,,,24.367958,,6.432041,,3.608278,,,
78818:ApriltagsCameraLog(1):,,,,,,25.842873,,6.517931,,3.562923,,,
78838:ApriltagsCameraLog(1):,,,,,,27.968727,,6.568392,,3.543427,,,
78858:ApriltagsCameraLog(1):,,,,,,29.380471,,6.637523,,3.514468,,,
78878:ApriltagsCameraLog(1):,,,,,,31.660134,,6.709222,,3.490440,,,
78897:ApriltagsCameraLog(1):,,,,,,34.321572,,6.778770,,3.470609,,,
78917:ApriltagsCameraLog(1):,,,,,,37.205483,,6.847364,,3.454315,,,
78938:ApriltagsCameraLog(1):,,,,,,40.210244,,6.916058,,3.445362,,,
78957:ApriltagsCameraLog(1):,,,,,,43.324868,,6.984531,,3.440173,,,
78978:ApriltagsCameraLog(1):,,,,,,46.725136,,7.056164,,3.438699,,,
78998:ApriltagsCameraLog(1):,,,,,,50.902687,,7.125500,,3.428155,,,
79018:ApriltagsCameraLog(1):,,,,,,53.130165,,7.195628,,3.421587,,,
79038:ApriltagsCameraLog(1):,,,,,,56.115700,,7.266511,,3.417933,,,
79059:ApriltagsCameraLog(1):,,,,,,60.328957,,7.374045,,3.397624,,,
79079:ApriltagsCameraLog(1):,,,,,,62.935463,,7.411223,,3.404885,,,
79099:ApriltagsCameraLog(1):,,,,,,67.126747,,7.503976,,3.399771,,,
79118:ApriltagsCameraLog(1):,,,,,,70.235878,,7.555584,,3.410707,,,
79138:ApriltagsCameraLog(1):,,,,,,73.210427,,7.636741,,3.407477,,,
79157:ApriltagsCameraLog(1):,,,,,,76.124550,,7.722173,,3.408333,,,
79178:ApriltagsCameraLog(1):,,,,,,78.920571,,7.807751,,3.413557,,,
79199:ApriltagsCameraLog(1):,,,,,,81.326577,,7.926575,,3.394006,,,
79217:ApriltagsCameraLog(1):,,,,,,83.392006,,7.969689,,3.403268,,,
79237:ApriltagsCameraLog(1):,,,,,,85.191017,,8.051629,,3.403033,,,
79258:ApriltagsCameraLog(1):,,,,,,86.718117,,8.133263,,3.405043,,,
79278:ApriltagsCameraLog(1):,,,,,,88.017250,,8.235072,,3.390914,,,
79297:ApriltagsCameraLog(1):,,,,,,89.071938,,8.298857,,3.386511,,,
79318:ApriltagsCameraLog(1):,,,,,,90.052468,,8.423523,,3.372758,,,
79337:ApriltagsCameraLog(1):,,,,,,90.953347,,8.463426,,3.361704,,,
79357:ApriltagsCameraLog(1):,,,,,,91.832253,,8.546939,,3.345499,,,
79377:ApriltagsCameraLog(1):,,,,,,92.823769,,8.628599,,3.330902,,,
79397:ApriltagsCameraLog(1):,,,,,,93.919655,,8.706931,,3.303166,,,
79418:ApriltagsCameraLog(1):,,,,,,95.221535,,8.823711,,3.259802,,,
79437:ApriltagsCameraLog(1):,,,,,,96.644265,,8.863586,,3.252723,,,
79458:ApriltagsCameraLog(1):,,,,,,98.154885,,8.944577,,3.230450,,,
79478:ApriltagsCameraLog(1):,,,,,,99.703957,,9.043702,,3.199623,,,
79498:ApriltagsCameraLog(1):,,,,,,101.156899,,9.127748,,3.178316,,,
79517:ApriltagsCameraLog(1):,,,,,,102.565895,,9.213779,,3.158825,,,
79543:ApriltagsCameraLog(1):,,,,,,103.876015,,9.298532,,3.137383,,,
79558:ApriltagsCameraLog(1):,,,,,,104.980141,,9.363266,,3.124187,,,
79577:ApriltagsCameraLog(1):,,,,,,105.952431,,9.450847,,3.105586,,,
79598:ApriltagsCameraLog(1):,,,,,,106.828591,,9.558297,,3.075717,,,
79618:ApriltagsCameraLog(1):,,,,,,107.570168,,9.644120,,3.054728,,,
79638:ApriltagsCameraLog(1):,,,,,,108.248574,,9.710448,,3.041580,,,
79657:ApriltagsCameraLog(1):,,,,,,108.852822,,9.820123,,3.015502,,,
79677:ApriltagsCameraLog(1):,,,,,,109.393898,,9.883943,,2.996295,,,
79698:ApriltagsCameraLog(1):,,,,,,109.860817,,9.971121,,2.970831,,,
79718:ApriltagsCameraLog(1):,,,,,,110.294777,,10.058751,,2.945829,,,
79738:ApriltagsCameraLog(1):,,,,,,110.704018,,10.143808,,2.918209,,,
79758:ApriltagsCameraLog(1):,,,,,,111.052834,,10.253776,,2.884218,,,
79778:ApriltagsCameraLog(1):,,,,,,111.338478,,10.341184,,2.857014,,,
79797:ApriltagsCameraLog(1):,,,,,,111.585671,,10.405640,,2.834293,,,
79818:ApriltagsCameraLog(1):,,,,,,111.863076,,10.513650,,2.796052,,,
79838:ApriltagsCameraLog(1):,,,,,,112.228371,,10.578901,,2.773785,,,
79858:ApriltagsCameraLog(1):,,,,,,112.684304,,10.665422,,2.744602,,,
79878:ApriltagsCameraLog(1):,,,,,,113.239113,,10.752313,,2.716562,,,
79898:ApriltagsCameraLog(1):,,,,,,113.859841,,10.861318,,2.682274,,,
79918:ApriltagsCameraLog(1):,,,,,,114.527260,,10.927178,,2.662934,,,
79937:ApriltagsCameraLog(1):,,,,,,115.307289,,11.014319,,2.636788,,,
79958:ApriltagsCameraLog(1):,,,,,,116.131264,,11.102135,,2.611870,,,
79978:ApriltagsCameraLog(1):,,,,,,117.045876,,11.189704,,2.588335,,,
79998:ApriltagsCameraLog(1):,,,,,,118.009926,,11.277126,,2.559816,,,
80018:ApriltagsCameraLog(1):,,,,,,118.957497,,11.365600,,2.532624,,,
80038:ApriltagsCameraLog(1):,,,,,,119.850136,,11.453605,,2.507010,,,
80057:ApriltagsCameraLog(1):,,,,,,120.638405,,11.542591,,2.482655,,,
80077:ApriltagsCameraLog(1):,,,,,,121.316811,,11.632386,,2.454258,,,
80098:ApriltagsCameraLog(1):,1,119.850136,117.150000,119.850136,117.150000,121.907326,10.851050,11.721045,2.782952,2.427289,46.788974,6961,4.980165
80118:ApriltagsCameraLog(1):,1,121.907326,115.513000,121.907326,115.513000,122.416677,10.913893,11.785240,2.630645,2.411566,58.692196,6962,4.850039
80138:ApriltagsCameraLog(1):,1,122.416677,118.056000,122.416677,118.056000,122.884998,10.970915,11.853918,2.636234,2.386256,50.947295,6963,4.809618
80157:ApriltagsCameraLog(1):,,,,,,123.349694,,11.917701,,2.363486,,,
80178:ApriltagsCameraLog(1):,1,122.884998,119.508000,122.884998,119.508000,123.846825,11.175834,12.007015,2.643753,2.335329,45.774176,6965,4.652321
80197:ApriltagsCameraLog(1):,,,,,,124.382989,,12.073430,,2.311320,,,
80218:ApriltagsCameraLog(1):,,,,,,124.866387,,12.162129,,2.279322,,,
80238:ApriltagsCameraLog(1):,1,123.846825,91.360000,123.846825,91.360000,125.333306,11.257165,12.251081,2.657113,2.248038,143.641264,6967,4.601053
80257:ApriltagsCameraLog(1):,,,,,,125.733550,,12.329331,,2.218815,,,
80278:ApriltagsCameraLog(1):,1,125.333306,124.222000,125.333306,124.222000,126.126311,11.458048,12.417002,2.525385,2.186606,35.501998,6969,4.368905
80297:ApriltagsCameraLog(1):,,,,,,126.497976,,12.472472,,2.166286,,,
80318:ApriltagsCameraLog(1):,,,,,,126.852285,,12.605592,,2.119340,,,
80338:ApriltagsCameraLog(1):,1,126.126311,87.370000,126.126311,87.370000,127.176382,11.739975,12.647995,2.502742,2.102365,146.885972,6973,4.140819
80358:ApriltagsCameraLog(1):,1,127.176382,123.356000,127.176382,123.356000,127.420037,11.910601,12.726666,2.389487,2.070401,39.442484,6974,3.942420
80378:ApriltagsCameraLog(1):,1,127.420037,92.283000,127.420037,92.283000,127.711623,11.919157,12.787491,2.390597,2.048563,128.650854,6975,3.937785
80398:ApriltagsCameraLog(1):,1,127.711623,122.949000,127.711623,122.949000,127.982018,12.032378,12.884184,2.359390,2.005982,40.845593,6976,3.833531
80418:ApriltagsCameraLog(1):,1,127.982018,123.517000,127.982018,123.517000,128.280260,12.034019,12.923951,2.400381,1.990352,40.339328,6977,3.860938
80438:ApriltagsCameraLog(1):,1,128.280260,127.443000,128.280260,127.443000,128.582343,12.216314,12.981167,2.282931,1.969632,28.380562,6978,3.648494
80458:ApriltagsCameraLog(1):,1,128.582343,128.527000,128.582343,128.527000,128.882674,12.348185,13.035273,2.272465,1.950951,25.515090,6980,3.546832
80478:ApriltagsCameraLog(1):,1,128.882674,127.720000,128.882674,127.720000,129.191749,12.442969,13.086291,2.236802,1.934830,27.508667,6981,3.455430
80498:ApriltagsCameraLog(1):,1,129.191749,102.058000,129.191749,102.058000,129.484359,12.498789,13.141820,2.209402,1.916612,89.799150,6982,3.397828
80499:ApriltagsCameraLog(1):,11,128.882674,130.141000,128.882674,130.141000,129.424589,12.208834,13.130312,2.118150,1.919107,8.912576,6976,1.364554
80519:ApriltagsCameraLog(1):,11,129.424589,130.513000,129.424589,130.513000,129.794176,12.362723,13.163032,2.064237,1.881848,9.697076,6978,1.468154
80538:ApriltagsCameraLog(1):,1,129.794176,127.330000,129.794176,127.330000,130.075934,12.578804,13.131317,2.172844,1.874994,29.345855,6983,3.318020
80540:ApriltagsCameraLog(1):,2,129.794176,127.545000,129.794176,127.545000,130.062418,12.802698,13.111486,2.167728,1.887409,33.485508,6983,3.792118
80543:ApriltagsCameraLog(1):,11,130.062418,131.503000,130.062418,131.503000,130.051919,12.451479,13.107303,2.029101,1.897697,10.612802,6979,1.534557
80558:ApriltagsCameraLog(1):,1,130.051919,127.553000,130.051919,127.553000,130.319729,12.677461,13.139869,2.116938,1.868920,28.349613,6984,3.210207
80560:ApriltagsCameraLog(1):,2,130.051919,67.737000,130.051919,67.737000,130.305369,12.876133,13.126574,2.136580,1.878139,193.160176,6984,3.713871
80561:ApriltagsCameraLog(1):,11,130.305369,131.763000,130.305369,131.763000,130.241393,12.526809,13.125647,2.006011,1.879355,11.121064,6980,1.588281
80578:ApriltagsCameraLog(1):,1,130.241393,128.698000,130.241393,128.698000,130.535494,12.741139,13.126228,2.109099,1.865521,25.731613,6985,3.161400
80579:ApriltagsCameraLog(1):,2,130.241393,67.167000,130.241393,67.167000,130.526752,12.977491,13.114373,2.098792,1.876676,188.966830,6985,3.607439
80581:ApriltagsCameraLog(1):,11,130.526752,132.269000,130.526752,132.269000,130.460508,12.604993,13.114225,1.979407,1.878172,11.962692,6981,1.648467
80599:ApriltagsCameraLog(1):,1,130.460508,127.978000,130.460508,127.978000,130.784151,12.857136,13.166918,2.045932,1.845267,26.583591,6986,3.037084
80600:ApriltagsCameraLog(1):,2,130.460508,127.656000,130.460508,127.656000,130.768550,13.050878,13.161744,2.076680,1.852473,32.351883,6986,3.533251
80602:ApriltagsCameraLog(1):,11,130.768550,133.463000,130.768550,133.463000,130.753831,12.685147,13.168618,1.944571,1.860046,13.642452,6982,1.718348
80639:ApriltagsCameraLog(1):,1,130.753831,127.382000,130.753831,127.382000,131.330921,12.922560,13.264840,2.029805,1.811771,27.892473,6987,2.982391
80640:ApriltagsCameraLog(1):,2,130.753831,127.662000,130.753831,127.662000,131.309810,13.110568,13.260116,2.057487,1.818796,32.446367,6987,3.472959
80648:ApriltagsCameraLog(1):,11,131.309810,135.738000,131.309810,135.738000,131.293488,12.763511,13.266863,1.931845,1.826349,16.087867,6983,1.768788
80678:ApriltagsCameraLog(1):,1,131.293488,128.114000,131.293488,128.114000,131.915793,13.073705,13.415101,1.980244,1.762203,26.073104,6989,2.847887
80680:ApriltagsCameraLog(1):,2,131.293488,128.341000,131.293488,128.341000,131.894097,13.259067,13.409469,2.007268,1.770061,30.526095,6989,3.320968
80698:ApriltagsCameraLog(1):,11,131.894097,133.511000,131.894097,133.511000,132.129850,12.904836,13.474969,1.890842,1.755642,13.992750,6985,1.880646
80718:ApriltagsCameraLog(1):,1,132.129850,129.213000,132.129850,129.213000,132.417054,13.202262,13.519476,1.932843,1.730387,24.361182,6991,2.732500
80720:ApriltagsCameraLog(1):,2,132.129850,129.324000,132.129850,129.324000,132.398467,13.409029,13.516213,1.941620,1.737391,28.551290,6991,3.161938
80721:ApriltagsCameraLog(1):,11,132.398467,134.035000,132.398467,134.035000,132.383491,13.113390,13.526700,1.824445,1.743829,15.679703,6988,2.059319
80738:ApriltagsCameraLog(1):,1,132.383491,127.235000,132.383491,127.235000,132.646862,13.364552,13.578174,1.874328,1.716780,26.813548,6993,2.587559
80739:ApriltagsCameraLog(1):,2,132.383491,128.591000,132.383491,128.591000,132.611443,13.523941,13.576481,1.922031,1.722280,29.549395,6993,3.053033
80741:ApriltagsCameraLog(1):,11,132.611443,136.989000,132.611443,136.989000,132.588635,13.198535,13.584821,1.762775,1.730244,20.535098,6989,2.160343
80758:ApriltagsCameraLog(1):,1,132.588635,130.463000,132.588635,130.463000,132.852896,13.438372,13.645623,1.849228,1.698735,20.848657,6994,2.524233
80759:ApriltagsCameraLog(1):,2,132.588635,129.993000,132.588635,129.993000,132.836295,13.633575,13.646591,1.882537,1.704350,25.837119,6994,2.939095
80761:ApriltagsCameraLog(1):,11,132.836295,135.155000,132.836295,135.155000,132.819391,13.242617,13.660799,1.780870,1.711158,17.735177,6990,2.174619
80778:ApriltagsCameraLog(1):,1,132.819391,130.191000,132.819391,130.191000,133.078597,13.509865,13.718030,1.825917,1.682268,21.110164,6995,2.464554
80780:ApriltagsCameraLog(1):,2,132.819391,130.734000,132.819391,130.734000,133.057335,13.705895,13.719098,1.860339,1.687325,24.087368,6995,2.866372
80781:ApriltagsCameraLog(1):,11,133.057335,135.129000,133.057335,135.129000,133.043326,13.310118,13.734400,1.755255,1.694118,17.989769,6991,2.237809
80798:ApriltagsCameraLog(1):,1,133.043326,130.558000,133.043326,130.558000,133.293883,13.571318,13.792475,1.814506,1.661779,20.437177,6996,2.421120
80799:ApriltagsCameraLog(1):,2,133.043326,130.897000,133.043326,130.897000,133.273417,13.773035,13.792908,1.837418,1.667313,23.542731,6996,2.797824
80801:ApriltagsCameraLog(1):,11,133.273417,135.244000,133.273417,135.244000,133.258655,13.375924,13.808455,1.731855,1.673744,18.422291,6992,2.298704
80818:ApriltagsCameraLog(1):,1,133.258655,131.437000,133.258655,131.437000,133.523884,13.629281,13.867326,1.796722,1.640828,18.914512,6997,2.374986
80820:ApriltagsCameraLog(1):,2,133.258655,130.117000,133.258655,130.117000,133.508666,13.827852,13.866225,1.813978,1.646915,24.860588,6997,2.739674
80822:ApriltagsCameraLog(1):,11,133.508666,136.995000,133.508666,136.995000,133.486645,13.462392,13.879599,1.710719,1.652793,21.553878,6993,2.372752
80838:ApriltagsCameraLog(1):,1,133.486645,130.675000,133.486645,130.675000,133.753960,13.769203,13.943734,1.762582,1.620051,19.452773,6999,2.272958
80840:ApriltagsCameraLog(1):,2,133.486645,131.939000,133.486645,131.939000,133.726676,13.975281,13.940699,1.762854,1.627644,20.442021,6999,2.587791
80841:ApriltagsCameraLog(1):,11,133.486645,136.223000,133.486645,136.223000,133.713211,13.505606,13.955731,1.674822,1.634563,20.926036,6994,2.428770
80865:ApriltagsCameraLog(1):,11,133.713211,135.831000,133.713211,135.831000,134.182781,13.592015,14.046019,1.650664,1.570528,20.657700,6995,2.505927
80879:ApriltagsCameraLog(1):,1,134.182781,130.741000,134.182781,130.741000,134.375160,13.847686,14.110899,1.713055,1.537650,19.545774,7000,2.192632
80880:ApriltagsCameraLog(1):,2,134.182781,131.279000,134.182781,131.279000,134.345890,14.049325,14.111556,1.727518,1.543631,22.033230,7000,2.509377
80882:ApriltagsCameraLog(1):,11,134.345890,135.879000,134.345890,135.879000,134.324997,13.670054,14.128223,1.641846,1.550029,20.206728,6996,2.565078
80899:ApriltagsCameraLog(1):,1,134.324997,131.014000,134.324997,131.014000,134.590272,13.922516,14.150056,1.687928,1.534738,18.741030,7001,2.134920
80900:ApriltagsCameraLog(1):,2,134.324997,129.975000,134.324997,129.975000,134.560146,14.093617,14.149601,1.721663,1.540804,24.040422,7001,2.469114
80902:ApriltagsCameraLog(1):,11,134.560146,135.839000,134.560146,135.839000,134.528283,13.743949,14.161748,1.610236,1.547997,20.433453,6997,2.639576
80919:ApriltagsCameraLog(1):,1,134.528283,131.216000,134.528283,131.216000,134.686279,13.990512,14.266604,1.671231,1.500063,18.256814,7002,2.089283
80921:ApriltagsCameraLog(1):,2,134.528283,131.640000,134.528283,131.640000,134.655188,14.199423,14.265698,1.672027,1.506280,20.403802,7002,2.353910
80923:ApriltagsCameraLog(1):,11,134.655188,136.682000,134.655188,136.682000,134.631755,13.799293,14.282833,1.575260,1.511835,22.403546,6998,2.703500
80938:ApriltagsCameraLog(1):,1,134.631755,129.369000,134.631755,129.369000,134.859399,14.075484,14.300673,1.631284,1.495122,20.042773,7003,2.016477
80939:ApriltagsCameraLog(1):,2,134.631755,132.560000,134.631755,132.560000,134.810022,14.274876,14.297693,1.648187,1.500123,18.375475,7003,2.277734
80941:ApriltagsCameraLog(1):,11,134.810022,136.562000,134.810022,136.562000,134.791101,13.878588,14.313594,1.546019,1.507100,22.621367,6999,2.781123
80958:ApriltagsCameraLog(1):,1,134.791101,131.658000,134.791101,131.658000,135.092552,14.153800,14.377610,1.596324,1.472558,16.576655,7004,1.952755
80960:ApriltagsCameraLog(1):,2,134.791101,132.531000,134.791101,132.531000,135.058708,14.356734,14.377390,1.619214,1.476203,17.839127,7004,2.193819
80961:ApriltagsCameraLog(1):,11,135.058708,136.545000,135.058708,136.545000,135.037287,13.965256,14.396687,1.506192,1.481827,22.936858,7000,2.871112
80978:ApriltagsCameraLog(1):,2,135.037287,133.594000,135.037287,133.594000,135.345684,14.410530,14.479145,1.597019,1.439956,16.136725,7005,2.137685
80980:ApriltagsCameraLog(1):,11,135.345684,136.612000,135.345684,136.612000,135.332992,14.033887,14.494907,1.495335,1.447766,23.015700,7001,2.928596
80998:ApriltagsCameraLog(1):,2,135.332992,133.263000,135.332992,133.263000,135.598988,14.494380,14.533511,1.561421,1.422352,16.167292,7006,2.049327
81018:ApriltagsCameraLog(1):,2,135.598988,133.025000,135.598988,133.025000,135.799374,14.571689,14.650300,1.534652,1.388090,16.057444,7007,1.971296
81020:ApriltagsCameraLog(1):,11,135.799374,138.592000,135.799374,138.592000,135.773529,14.152803,14.666091,1.452607,1.394032,27.321717,7003,3.044674
81039:ApriltagsCameraLog(1):,2,135.773529,133.292000,135.773529,133.292000,136.044827,14.729671,14.716531,1.494178,1.364868,14.419874,7009,1.819121
81059:ApriltagsCameraLog(1):,2,136.044827,133.575000,136.044827,133.575000,136.246565,14.796789,14.787605,1.458028,1.352639,13.663771,7010,1.744683
81078:ApriltagsCameraLog(1):,2,136.246565,134.530000,136.246565,134.530000,136.371157,14.873728,14.870515,1.436898,1.331734,12.147921,7011,1.671020
81105:ApriltagsCameraLog(1):,2,136.371157,134.111000,136.371157,134.111000,136.536033,14.943010,14.945739,1.405197,1.314878,11.986944,7012,1.597144
81118:ApriltagsCameraLog(1):,2,136.536033,134.721000,136.536033,134.721000,136.660446,15.013640,15.027515,1.378410,1.293580,10.875168,7013,1.525565
81120:ApriltagsCameraLog(1):,11,136.536033,138.423000,136.536033,138.423000,136.630695,14.517428,15.041337,1.289471,1.299390,29.024763,7008,3.427162
81138:ApriltagsCameraLog(1):,2,136.630695,134.776000,136.630695,134.776000,136.793052,15.086990,15.043901,1.351639,1.272542,10.213181,7014,1.451913
81158:ApriltagsCameraLog(1):,11,136.793052,138.672000,136.793052,138.672000,136.819146,14.649116,15.110145,1.229527,1.258984,30.330870,7010,3.566662
81178:ApriltagsCameraLog(1):,2,136.819146,104.991000,136.819146,104.991000,136.923142,15.118978,15.126416,1.354493,1.238667,35.295974,7015,1.429791
81180:ApriltagsCameraLog(1):,11,136.923142,137.961000,136.923142,137.961000,136.744506,14.729851,15.130709,1.193360,1.243524,28.937959,7011,3.652126
81197:ApriltagsCameraLog(1):,,,,,,136.968167,,15.135778,,1.221644,,,
81218:ApriltagsCameraLog(1):,,,,,,136.718228,,15.156277,,1.208288,,,
81237:ApriltagsCameraLog(1):,,,,,,136.086514,,15.166090,,1.202037,,,
81257:ApriltagsCameraLog(1):,,,,,,134.320462,,15.167412,,1.200342,,,
81278:ApriltagsCameraLog(1):,,,,,,132.298978,,15.165527,,1.198370,,,
81297:ApriltagsCameraLog(1):,,,,,,130.884488,,15.159034,,1.204116,,,
