165345:ApriltagsCameraLog(1):,tag,last yaw,cam yaw,calc yaw,update yaw, est yaw,x,est x,y,est y,adjust,frame,dist
165359:ApriltagsCameraLog(1):,,,,,,145.019184,,14.554504,,1.436457,,,
165379:ApriltagsCameraLog(1):,2,145.165263,143.510000,145.165263,143.510000,144.931293,14.738729,14.554504,1.417932,1.436457,13.355429,11224,1.807339
165398:ApriltagsCameraLog(1):,2,144.931293,143.528000,144.931293,143.528000,144.862712,14.739361,14.577060,1.425293,1.434696,13.089858,11225,1.809877
165418:ApriltagsCameraLog(1):,2,144.862712,143.482000,144.862712,143.482000,144.822616,14.737238,14.597270,1.422868,1.431990,13.065819,11226,1.810084
165438:ApriltagsCameraLog(1):,2,144.822616,143.255000,144.822616,143.255000,144.797554,14.736853,14.614747,1.418266,1.427865,13.258961,11227,1.807767
165458:ApriltagsCameraLog(1):,2,144.797554,143.267000,144.797554,143.267000,144.757386,14.738607,14.629851,1.420975,1.421184,13.215443,11228,1.807655
165478:ApriltagsCameraLog(1):,2,144.757386,143.129000,144.757386,143.129000,144.759427,14.736141,14.644552,1.417840,1.411841,13.329694,11229,1.807883
165499:ApriltagsCameraLog(1):,2,144.759427,143.219000,144.759427,143.219000,144.779361,14.739049,14.658827,1.421937,1.396695,13.226759,11230,1.807655
165519:ApriltagsCameraLog(1):,2,144.779361,143.317000,144.779361,143.317000,144.800902,14.741503,14.672912,1.416429,1.379878,13.091779,11232,1.802692
165538:ApriltagsCameraLog(1):,2,144.800902,143.188000,144.800902,143.188000,144.785295,14.740403,14.691315,1.410271,1.365716,13.242345,11233,1.800391
165558:ApriltagsCameraLog(1):,2,144.785295,143.212000,144.785295,143.212000,144.660539,14.742656,14.710233,1.409200,1.349573,13.173691,11234,1.797854
165580:ApriltagsCameraLog(1):,2,144.660539,143.160000,144.660539,143.160000,144.513831,14.747959,14.726688,1.400247,1.334075,13.001041,11235,1.788090
165598:ApriltagsCameraLog(1):,2,144.513831,143.209000,144.513831,143.209000,144.380275,14.758477,14.751871,1.394484,1.326684,12.666334,11236,1.775544
165618:ApriltagsCameraLog(1):,2,144.380275,142.473000,144.380275,142.473000,144.276316,14.767055,14.778726,1.398979,1.319061,13.290446,11237,1.770202
165639:ApriltagsCameraLog(1):,2,144.276316,143.165000,144.276316,143.165000,144.170189,14.785297,14.802928,1.386141,1.312404,12.200296,11238,1.747508
165658:ApriltagsCameraLog(1):,,,,,,144.088568,,14.826992,,1.306889,,,
165698:ApriltagsCameraLog(1):,2,144.170189,142.778000,144.170189,142.778000,144.069342,14.805571,14.864738,1.371805,1.290578,12.278827,11239,1.722286
165718:ApriltagsCameraLog(1):,,,,,,144.060236,,14.880735,,1.290197,,,
165738:ApriltagsCameraLog(1):,2,144.069342,142.577000,144.069342,142.577000,144.057490,14.850204,14.889043,1.352083,1.286552,11.939916,11241,1.673682
165758:ApriltagsCameraLog(1):,2,144.057490,142.526000,144.057490,142.526000,144.005529,14.887137,14.892033,1.338221,1.291289,11.624813,11243,1.635116
165778:ApriltagsCameraLog(1):,,,,,,143.919697,,14.889319,,1.298768,,,
165799:ApriltagsCameraLog(1):,2,144.005529,142.549000,144.005529,142.549000,143.911457,14.950614,14.886510,1.309368,1.300569,10.916077,11246,1.566032
165818:ApriltagsCameraLog(1):,,,,,,143.907837,,14.886991,,1.306497,,,
165838:ApriltagsCameraLog(1):,2,143.911457,142.822000,143.911457,142.822000,143.971008,14.975424,14.870606,1.309688,1.314906,10.381862,11247,1.545240
165860:ApriltagsCameraLog(1):,2,143.971008,142.553000,143.971008,142.553000,144.000215,14.987735,14.863316,1.295918,1.326224,10.527966,11248,1.527562
165881:ApriltagsCameraLog(1):,2,144.000215,142.636000,144.000215,142.636000,143.972997,14.999597,14.861987,1.299049,1.331527,10.406049,11249,1.519607
165901:ApriltagsCameraLog(1):,2,143.972997,142.737000,143.972997,142.737000,143.900167,15.006018,14.862310,1.295130,1.336352,10.220178,11250,1.511991
165919:ApriltagsCameraLog(1):,2,143.900167,142.607000,143.900167,142.607000,143.880363,15.016964,14.853697,1.289146,1.344723,10.157494,11251,1.499296
165939:ApriltagsCameraLog(1):,2,143.880363,142.813000,143.880363,142.813000,143.780670,15.019033,14.843165,1.300751,1.351747,9.996924,11252,1.504100
165958:ApriltagsCameraLog(1):,2,143.780670,142.585000,143.780670,142.585000,143.569860,15.013977,14.834954,1.294582,1.358715,10.115280,11253,1.504374
165978:ApriltagsCameraLog(1):,2,143.569860,142.441000,143.569860,142.441000,143.479775,14.997132,14.815558,1.303315,1.368489,10.215349,11255,1.522394
165998:ApriltagsCameraLog(1):,2,143.479775,142.903000,143.479775,142.903000,143.258126,14.983704,14.794516,1.315764,1.375024,9.858934,11256,1.540163
166018:ApriltagsCameraLog(1):,2,143.258126,142.223000,143.258126,142.223000,143.051012,14.968099,14.769803,1.317827,1.383794,10.402537,11257,1.553344
166038:ApriltagsCameraLog(1):,2,143.051012,141.939000,143.051012,141.939000,142.825270,14.943207,14.735988,1.320228,1.395194,10.663015,11258,1.574492
166058:ApriltagsCameraLog(1):,2,142.825270,141.882000,142.825270,141.882000,142.530248,14.926175,14.704642,1.333347,1.404857,10.681144,11259,1.595058
166078:ApriltagsCameraLog(1):,,,,,,142.282419,,14.673621,,1.416202,,,
166098:ApriltagsCameraLog(1):,2,142.530248,141.601000,142.530248,141.601000,142.128610,14.886425,14.618761,1.334173,1.435190,10.950612,11260,1.627444
166118:ApriltagsCameraLog(1):,,,,,,141.954345,,14.581684,,1.447161,,,
166158:ApriltagsCameraLog(1):,2,142.128610,140.381000,142.128610,140.381000,141.594543,14.827679,14.465026,1.353506,1.489092,12.317266,11262,1.685614
166179:ApriltagsCameraLog(1):,2,141.594543,140.144000,141.594543,140.144000,141.358618,14.761032,14.422609,1.381283,1.504333,12.637150,11264,1.754536
166198:ApriltagsCameraLog(1):,2,141.358618,140.945000,141.358618,140.945000,141.122644,14.718387,14.382935,1.403788,1.519035,11.885067,11265,1.801626
166218:ApriltagsCameraLog(1):,2,141.122644,140.212000,141.122644,140.212000,140.888322,14.682220,14.343017,1.418301,1.534808,12.778342,11266,1.838977
166238:ApriltagsCameraLog(1):,2,140.888322,139.643000,140.888322,139.643000,140.596925,14.591426,14.300516,1.438270,1.551977,13.950882,11268,1.925743
166258:ApriltagsCameraLog(1):,2,140.596925,140.211000,140.596925,140.211000,140.321495,14.535959,14.255383,1.458636,1.568722,13.356429,11269,1.982516
166260:ApriltagsCameraLog(1):,11,140.888322,144.545000,140.888322,144.545000,140.313087,14.021532,14.275865,1.255674,1.560579,29.260135,11263,3.053189
166278:ApriltagsCameraLog(1):,2,140.313087,138.419000,140.313087,138.419000,140.136898,14.486095,14.140997,1.478070,1.587359,15.786509,11270,2.034071
166299:ApriltagsCameraLog(1):,2,140.136898,138.896000,140.136898,138.896000,139.849072,14.435640,14.096893,1.487571,1.606772,15.347069,11271,2.081611
166318:ApriltagsCameraLog(1):,2,139.849072,138.256000,139.849072,138.256000,139.504413,14.386066,14.051253,1.508055,1.625812,16.309182,11272,2.133505
166320:ApriltagsCameraLog(1):,11,139.849072,114.181000,139.849072,114.181000,139.482921,13.912607,14.073462,1.228478,1.618805,74.925952,11267,3.000806
166338:ApriltagsCameraLog(1):,2,139.482921,138.025000,139.482921,138.025000,139.199165,14.334411,13.975714,1.527718,1.642266,16.604460,11273,2.186461
166359:ApriltagsCameraLog(1):,11,139.199165,143.147000,139.199165,143.147000,138.934863,13.713170,13.928158,1.353577,1.663108,26.791831,11269,2.776074
166379:ApriltagsCameraLog(1):,1,138.934863,136.948000,138.934863,136.948000,138.715064,14.060324,13.830943,1.511481,1.674729,14.858685,11274,1.924476
166381:ApriltagsCameraLog(1):,2,138.934863,137.804000,138.934863,137.804000,138.682713,14.283542,13.834930,1.555776,1.665187,16.626045,11274,2.242111
166382:ApriltagsCameraLog(1):,11,138.682713,144.003000,138.682713,144.003000,138.664319,13.649104,13.860694,1.358020,1.662101,28.889550,11270,2.732132
166399:ApriltagsCameraLog(1):,1,138.664319,136.346000,138.664319,136.346000,138.516369,13.997389,13.765543,1.532630,1.673528,15.741779,11275,1.972395
166401:ApriltagsCameraLog(1):,2,138.664319,137.536000,138.664319,137.536000,138.481721,14.222120,13.770010,1.571368,1.666424,17.155240,11275,2.301980
166403:ApriltagsCameraLog(1):,11,138.481721,142.770000,138.481721,142.770000,138.464007,13.589700,13.795873,1.393788,1.664577,26.197659,11271,2.666884
166419:ApriltagsCameraLog(1):,1,138.464007,137.256000,138.464007,137.256000,138.191084,13.945327,13.697401,1.555759,1.677713,14.729021,11276,2.017690
166420:ApriltagsCameraLog(1):,2,138.464007,137.416000,138.464007,137.416000,138.168935,14.169893,13.701299,1.596484,1.673093,17.534548,11276,2.358904
166422:ApriltagsCameraLog(1):,11,138.168935,141.920000,138.168935,141.920000,138.152344,13.532981,13.726093,1.400174,1.673787,24.766389,11272,2.626316
166439:ApriltagsCameraLog(1):,1,138.152344,136.770000,138.152344,136.770000,137.920376,13.883986,13.625640,1.575172,1.686829,15.387409,11277,2.064833
166440:ApriltagsCameraLog(1):,2,138.152344,136.855000,138.152344,136.855000,137.896449,14.103659,13.631050,1.619721,1.683495,18.542359,11277,2.426628
166442:ApriltagsCameraLog(1):,11,137.896449,142.701000,137.896449,142.701000,137.877713,13.470285,13.655423,1.418616,1.685218,26.032602,11273,2.573024
166459:ApriltagsCameraLog(1):,1,137.877713,136.884000,137.877713,136.884000,137.662953,13.816047,13.557285,1.603290,1.699780,15.380207,11278,2.123750
166460:ApriltagsCameraLog(1):,2,137.877713,136.719000,137.877713,136.719000,137.643200,14.039113,13.562474,1.637024,1.698039,18.882549,11278,2.490225
166463:ApriltagsCameraLog(1):,11,137.643200,141.806000,137.643200,141.806000,137.625551,13.408235,13.586704,1.445282,1.700124,24.237180,11274,2.514159
166479:ApriltagsCameraLog(1):,1,137.625551,136.083000,137.625551,136.083000,137.394804,13.770448,13.486730,1.607504,1.714296,16.402254,11279,2.151281
166480:ApriltagsCameraLog(1):,11,137.394804,142.475000,137.394804,142.475000,137.370510,13.343804,13.494683,1.454479,1.711538,25.248788,11275,2.467876
166500:ApriltagsCameraLog(1):,1,137.370510,135.943000,137.370510,135.943000,137.106966,13.688158,13.395386,1.632256,1.727319,16.839524,11280,2.216994
166501:ApriltagsCameraLog(1):,11,137.106966,141.110000,137.106966,141.110000,137.084284,13.289770,13.403289,1.483450,1.726097,22.832300,11276,2.413156
166520:ApriltagsCameraLog(1):,1,137.084284,136.220000,137.084284,136.220000,136.740727,13.635489,13.306309,1.663115,1.741425,16.484429,11281,2.271631
166521:ApriltagsCameraLog(1):,2,137.084284,136.056000,137.084284,136.056000,136.723887,13.855959,13.318239,1.706269,1.741993,20.340982,11281,2.680547
166523:ApriltagsCameraLog(1):,11,136.723887,141.669000,136.723887,141.669000,136.708776,13.207921,13.345986,1.488398,1.746283,23.754833,11277,2.361840
166538:ApriltagsCameraLog(1):,1,136.708776,134.968000,136.708776,134.968000,136.183957,13.504598,13.249683,1.699581,1.760984,18.806337,11283,2.377246
166541:ApriltagsCameraLog(1):,2,136.708776,135.674000,136.708776,135.674000,136.161748,13.716010,13.260169,1.744104,1.760598,21.585386,11283,2.820155
166542:ApriltagsCameraLog(1):,11,136.708776,142.075000,136.708776,142.075000,136.149059,13.163070,13.285763,1.526264,1.764034,23.724480,11278,2.304921
166559:ApriltagsCameraLog(1):,1,136.149059,134.625000,136.149059,134.625000,135.516421,13.444621,13.156584,1.711735,1.778457,18.869910,11284,2.421795
166561:ApriltagsCameraLog(1):,11,136.149059,140.602000,136.149059,140.602000,135.495620,13.081920,13.171631,1.536232,1.777210,21.710195,11279,2.252662
166579:ApriltagsCameraLog(1):,1,135.495620,134.048000,135.495620,134.048000,134.627870,13.340149,13.062948,1.788365,1.795491,19.870422,11285,2.544711
166581:ApriltagsCameraLog(1):,11,135.495620,139.782000,135.495620,139.782000,134.607247,13.011822,13.075462,1.556683,1.799934,20.853735,11280,2.199617
166599:ApriltagsCameraLog(1):,1,134.607247,130.205000,134.607247,130.205000,133.416852,13.285382,12.975925,1.825652,1.811873,25.696574,11286,2.605257
166600:ApriltagsCameraLog(1):,2,134.607247,131.467000,134.607247,131.467000,133.376329,13.502520,12.988023,1.850075,1.817479,28.103592,11286,3.048427
166602:ApriltagsCameraLog(1):,11,134.607247,139.283000,134.607247,139.283000,133.348456,12.937228,13.012370,1.581369,1.824169,20.752475,11281,2.142582
166619:ApriltagsCameraLog(1):,1,133.348456,131.356000,133.348456,131.356000,131.968669,13.255501,12.889913,1.821584,1.831058,21.507989,11287,2.616825
166621:ApriltagsCameraLog(1):,11,133.348456,137.431000,133.348456,137.431000,131.939616,12.849837,12.909109,1.594502,1.835682,19.340638,11282,2.091721
166639:ApriltagsCameraLog(1):,1,131.939616,131.876000,131.939616,131.876000,130.241146,13.190279,12.803868,1.871122,1.850819,18.651359,11288,2.691682
166640:ApriltagsCameraLog(1):,11,131.939616,137.403000,131.939616,137.403000,130.226496,12.767478,12.827608,1.616675,1.858815,20.573097,11283,2.038049
166658:ApriltagsCameraLog(1):,1,130.226496,129.415000,130.226496,129.415000,128.127749,13.144032,12.721969,1.877809,1.873320,20.285335,11289,2.720343
166678:ApriltagsCameraLog(1):,11,130.226496,135.766000,130.226496,135.766000,125.707847,12.686525,12.681322,1.636569,1.911818,20.077757,11284,1.990058
166698:ApriltagsCameraLog(1):,1,125.707847,128.585000,125.707847,128.585000,123.058668,13.174767,12.575283,2.011851,1.926146,24.858569,11290,2.788050
166718:ApriltagsCameraLog(1):,11,123.058668,132.421000,123.058668,132.421000,120.133446,12.417508,12.540189,1.658853,1.978251,23.492404,11286,1.891631
166738:ApriltagsCameraLog(1):,,,,,,117.027381,,12.453689,,2.002618,,,
166759:ApriltagsCameraLog(1):,11,120.133446,127.276000,120.133446,127.276000,113.758948,12.358637,12.393888,1.727043,2.045822,19.820229,11288,1.820251
166778:ApriltagsCameraLog(1):,11,113.758948,121.466000,113.758948,121.466000,110.439014,12.202250,12.316276,1.801648,2.075817,19.184830,11290,1.729321
166798:ApriltagsCameraLog(1):,11,110.439014,117.996000,110.439014,117.996000,107.100152,12.127164,12.236332,1.858009,2.101815,18.191972,11291,1.670209
166818:ApriltagsCameraLog(1):,11,107.100152,116.249000,107.100152,116.249000,103.752276,12.067852,12.157280,1.887230,2.133865,19.428354,11292,1.643246
166838:ApriltagsCameraLog(1):,11,103.752276,112.585000,103.752276,112.585000,100.381730,12.011042,12.082670,1.921846,2.170917,18.654749,11293,1.613187
166859:ApriltagsCameraLog(1):,11,100.381730,109.453000,100.381730,109.453000,97.003752,11.947934,12.014274,1.983271,2.209522,18.036645,11294,1.557187
166878:ApriltagsCameraLog(1):,,,,,,93.667486,,11.943982,,2.244293,,,
166898:ApriltagsCameraLog(1):,11,97.003752,106.488000,97.003752,106.488000,90.253484,11.895151,11.893258,2.020487,2.293322,17.979126,11295,1.528440
166918:ApriltagsCameraLog(1):,,,,,,86.898000,,11.830368,,2.333585,,,
166938:ApriltagsCameraLog(1):,11,90.253484,100.678000,90.253484,100.678000,83.462026,11.784800,11.777466,2.112479,2.381098,17.682441,11297,1.457182
166958:ApriltagsCameraLog(1):,,,,,,80.027585,,11.711832,,2.421831,,,
166978:ApriltagsCameraLog(1):,11,83.462026,97.453000,83.462026,97.453000,76.591611,11.641058,11.664826,2.171117,2.474798,20.145386,11298,1.424634
166998:ApriltagsCameraLog(1):,11,76.591611,91.203000,76.591611,91.203000,73.290954,11.530620,11.581680,2.264423,2.512532,19.578452,11300,1.369380
167018:ApriltagsCameraLog(1):,11,73.290954,84.783000,73.290954,84.783000,70.163602,11.512546,11.504353,2.327281,2.550833,16.346605,11302,1.325736
167038:ApriltagsCameraLog(1):,11,70.163602,82.159000,70.163602,82.159000,67.119146,11.458085,11.431926,2.370323,2.591693,16.350667,11303,1.304210
167058:ApriltagsCameraLog(1):,11,67.119146,79.329000,67.119146,79.329000,64.313288,11.407617,11.365548,2.417731,2.636724,16.076899,11304,1.279829
167079:ApriltagsCameraLog(1):,11,64.313288,76.833000,64.313288,76.833000,61.872667,11.357080,11.297935,2.457439,2.678356,16.017047,11305,1.264057
167098:ApriltagsCameraLog(1):,11,61.872667,74.566000,61.872667,74.566000,59.709075,11.301128,11.233059,2.497889,2.722946,15.868871,11306,1.249093
167118:ApriltagsCameraLog(1):,11,59.709075,72.094000,59.709075,72.094000,57.752018,11.254221,11.170094,2.534159,2.770322,15.441644,11307,1.237279
167138:ApriltagsCameraLog(1):,11,57.752018,70.216000,57.752018,70.216000,56.203037,11.200422,11.106772,2.577852,2.810177,15.214822,11308,1.221623
167158:ApriltagsCameraLog(1):,,,,,,55.076687,,11.045838,,2.849963,,,
167179:ApriltagsCameraLog(1):,11,56.203037,66.860000,56.203037,66.860000,54.032986,11.123552,10.986553,2.628389,2.907126,13.782491,11310,1.209010
167198:ApriltagsCameraLog(1):,,,,,,53.175298,,10.909573,,2.923823,,,
167219:ApriltagsCameraLog(1):,11,54.032986,65.587000,54.032986,65.587000,52.334844,11.037080,10.833726,2.673263,2.962467,14.493882,11311,1.215556
167239:ApriltagsCameraLog(1):,11,52.334844,63.620000,52.334844,63.620000,51.825986,10.918739,10.753599,2.735199,2.984956,14.544429,11313,1.229142
167258:ApriltagsCameraLog(1):,,,,,,51.398671,,10.675479,,3.008999,,,
167278:ApriltagsCameraLog(1):,,,,,,50.920766,,10.597222,,3.045600,,,
167298:ApriltagsCameraLog(1):,,,,,,50.503286,,10.517912,,3.083512,,,
167318:ApriltagsCameraLog(1):,,,,,,50.209401,,10.439618,,3.121445,,,
167338:ApriltagsCameraLog(1):,,,,,,49.948476,,10.358848,,3.156801,,,
167359:ApriltagsCameraLog(1):,,,,,,49.728749,,10.277691,,3.192776,,,
167378:ApriltagsCameraLog(1):,,,,,,49.544728,,10.197496,,3.228685,,,
167399:ApriltagsCameraLog(1):,,,,,,49.393666,,10.113448,,3.260344,,,
167418:ApriltagsCameraLog(1):,,,,,,49.237111,,10.029200,,3.292331,,,
167438:ApriltagsCameraLog(1):,,,,,,49.119008,,9.945877,,3.324194,,,
167458:ApriltagsCameraLog(1):,,,,,,49.003652,,9.862056,,3.356450,,,
167478:ApriltagsCameraLog(1):,,,,,,48.874562,,9.777337,,3.388073,,,
167498:ApriltagsCameraLog(1):,,,,,,48.753713,,9.691838,,3.420205,,,
167518:ApriltagsCameraLog(1):,13,49.119008,45.387000,49.119008,45.387000,48.632863,9.965385,9.606406,3.000987,3.452511,12.415149,11326,1.505129
167538:ApriltagsCameraLog(1):,,,,,,48.427307,,9.535994,,3.439758,,,
167558:ApriltagsCameraLog(1):,,,,,,48.306457,,9.449340,,3.473106,,,
167578:ApriltagsCameraLog(1):,13,48.632863,44.366000,48.632863,44.366000,48.160889,9.643381,9.363329,3.117798,3.506440,14.530124,11330,1.648066
167598:ApriltagsCameraLog(1):,13,48.160889,44.983000,48.160889,44.983000,47.932711,9.570059,9.291094,3.172187,3.504109,13.686962,11331,1.673289
167618:ApriltagsCameraLog(1):,,,,,,47.720759,,9.216970,,3.507867,,,
167638:ApriltagsCameraLog(1):,13,47.932711,44.237000,47.932711,44.237000,47.533991,9.482560,9.131095,3.199651,3.542365,14.833563,11332,1.728851
167658:ApriltagsCameraLog(1):,13,47.533991,44.419000,47.533991,44.419000,47.312862,9.410118,9.055853,3.244792,3.551260,14.593525,11333,1.765920
167678:ApriltagsCameraLog(1):,13,47.312862,44.589000,47.312862,44.589000,47.098908,9.331856,8.979357,3.282909,3.564922,14.648146,11334,1.814043
167698:ApriltagsCameraLog(1):,13,47.098908,44.046000,47.098908,44.046000,46.862922,9.158242,8.903450,3.334039,3.581528,16.383770,11336,1.943977
167718:ApriltagsCameraLog(1):,,,,,,46.602001,,8.826335,,3.599890,,,
167738:ApriltagsCameraLog(1):,,,,,,46.349316,,8.740517,,3.635271,,,
167758:ApriltagsCameraLog(1):,,,,,,46.036205,,8.656268,,3.670492,,,
167778:ApriltagsCameraLog(1):,,,,,,45.610485,,8.571972,,3.706380,,,
167798:ApriltagsCameraLog(1):,,,,,,45.047436,,8.489394,,3.742400,,,
167818:ApriltagsCameraLog(1):,,,,,,44.303112,,8.407250,,3.779402,,,
167838:ApriltagsCameraLog(1):,,,,,,43.361035,,8.326755,,3.817093,,,
167858:ApriltagsCameraLog(1):,,,,,,42.215710,,8.248613,,3.855491,,,
167878:ApriltagsCameraLog(1):,,,,,,40.842419,,8.171276,,3.892540,,,
167898:ApriltagsCameraLog(1):,,,,,,39.164257,,8.095213,,3.931478,,,
167918:ApriltagsCameraLog(1):,,,,,,37.203198,,8.021754,,3.972087,,,
167938:ApriltagsCameraLog(1):,,,,,,35.113049,,7.948693,,4.007240,,,
167958:ApriltagsCameraLog(1):,,,,,,32.858105,,7.875348,,4.045751,,,
167978:ApriltagsCameraLog(1):,,,,,,30.452099,,7.802845,,4.087632,,,
167998:ApriltagsCameraLog(1):,,,,,,27.952709,,7.729002,,4.127486,,,
168018:ApriltagsCameraLog(1):,,,,,,25.513745,,7.655778,,4.170844,,,
168038:ApriltagsCameraLog(1):,,,,,,23.190136,,7.583260,,4.218203,,,
168058:ApriltagsCameraLog(1):,,,,,,21.089001,,7.513397,,4.267361,,,
168078:ApriltagsCameraLog(1):,13,25.513745,19.063000,25.513745,19.063000,19.268017,7.837952,7.438268,3.979754,4.313469,36.331171,11355,3.135602
168098:ApriltagsCameraLog(1):,13,19.268017,15.856000,19.268017,15.856000,17.706700,7.779022,7.376563,4.258344,4.351691,30.329726,11356,3.201730
168119:ApriltagsCameraLog(1):,13,17.706700,18.572000,17.706700,18.572000,16.464671,7.728982,7.321871,4.283671,4.401397,25.056471,11357,3.257625
168139:ApriltagsCameraLog(1):,13,16.464671,17.987000,16.464671,17.987000,15.523633,7.645320,7.268439,4.290814,4.447396,27.389254,11358,3.346324
168158:ApriltagsCameraLog(1):,13,15.523633,17.907000,15.523633,17.907000,14.837383,7.589163,7.212143,4.298651,4.492461,30.030517,11359,3.406336
168178:ApriltagsCameraLog(1):,,,,,,14.347056,,7.156024,,4.535111,,,
168198:ApriltagsCameraLog(1):,,,,,,14.031199,,7.072828,,4.567404,,,
168218:ApriltagsCameraLog(1):,,,,,,13.737315,,6.988402,,4.600684,,,
168238:ApriltagsCameraLog(1):,,,,,,13.435191,,6.904441,,4.634313,,,
168258:ApriltagsCameraLog(1):,14,14.347056,15.510000,14.347056,15.510000,13.284129,7.367604,6.821993,3.964701,4.667679,17.645085,11367,2.350855
168278:ApriltagsCameraLog(1):,14,13.284129,14.781000,13.284129,14.781000,13.238331,7.192087,6.762564,4.016506,4.643893,16.494506,11369,2.168369
168298:ApriltagsCameraLog(1):,14,13.238331,14.585000,13.238331,14.585000,13.275346,7.042070,6.700824,4.086718,4.615562,14.860482,11371,2.012097
168319:ApriltagsCameraLog(1):,14,13.275346,13.267000,13.275346,13.267000,13.377639,6.989695,6.634397,4.132885,4.592367,12.662822,11372,1.956533
168338:ApriltagsCameraLog(1):,,,,,,13.547800,,6.572201,,4.567134,,,
168359:ApriltagsCameraLog(1):,14,13.377639,14.160000,13.377639,14.160000,13.696116,6.890574,6.482771,4.146244,4.594101,12.783714,11373,1.857017
168378:ApriltagsCameraLog(1):,14,13.696116,13.205000,13.696116,13.205000,13.895873,6.812928,6.414122,4.193624,4.573314,11.775175,11374,1.777994
168419:ApriltagsCameraLog(1):,14,13.895873,14.574000,13.895873,14.574000,14.079259,6.741793,6.261053,4.210088,4.578905,11.377643,11375,1.706887
168458:ApriltagsCameraLog(1):,14,14.079259,14.633000,14.079259,14.633000,13.736377,6.588638,6.112187,4.260108,4.585916,9.951465,11377,1.553665
168479:ApriltagsCameraLog(1):,14,13.736377,14.677000,13.736377,14.677000,13.137055,6.440679,6.055669,4.294572,4.572053,9.018332,11379,1.405372
168498:ApriltagsCameraLog(1):,,,,,,12.306622,,6.001321,,4.560135,,,
168518:ApriltagsCameraLog(1):,,,,,,11.172283,,5.921209,,4.585567,,,
168538:ApriltagsCameraLog(1):,,,,,,9.809979,,5.839214,,4.608860,,,
168558:ApriltagsCameraLog(1):,,,,,,8.296612,,5.757561,,4.634364,,,
168578:ApriltagsCameraLog(1):,,,,,,6.733807,,5.675214,,4.662597,,,
168598:ApriltagsCameraLog(1):,,,,,,5.198468,,5.593451,,4.692254,,,
168618:ApriltagsCameraLog(1):,,,,,,3.794964,,5.512767,,4.723930,,,
168638:ApriltagsCameraLog(1):,,,,,,2.572735,,5.430380,,4.758605,,,
168658:ApriltagsCameraLog(1):,,,,,,1.485089,,5.348451,,4.795107,,,
168678:ApriltagsCameraLog(1):,,,,,,0.600689,,5.267639,,4.830623,,,
168698:ApriltagsCameraLog(1):,,,,,,-0.052997,,5.186270,,4.867842,,,
168718:ApriltagsCameraLog(1):,,,,,,-0.605060,,5.105525,,4.905698,,,
168738:ApriltagsCameraLog(1):,7,-0.052997,-0.217000,-0.052997,-0.052997,-0.973102,5.206008,5.026787,4.475579,4.947992,42.760119,11393,5.633770
168758:ApriltagsCameraLog(1):,7,-0.973102,-3.246000,-0.973102,-0.973102,-1.175808,5.148988,4.949065,4.481084,4.973639,51.050626,11394,5.574529
168779:ApriltagsCameraLog(1):,,,,,,-1.325203,,4.872906,,5.000244,,,
168799:ApriltagsCameraLog(1):,7,-1.175808,-0.253000,-1.175808,-1.175808,-1.363655,4.941830,4.794226,4.581237,5.046452,43.468793,11396,5.349544
168800:ApriltagsCameraLog(1):,8,-1.175808,0.193000,-1.175808,-1.175808,-1.363521,4.935886,4.794466,4.592911,5.029908,44.303381,11396,5.246155
168818:ApriltagsCameraLog(1):,7,-1.363521,-3.353000,-1.363521,-1.363521,-1.399095,4.876485,4.715825,4.622302,5.061169,47.010857,11397,5.276261
168820:ApriltagsCameraLog(1):,13,-1.363521,-1.077000,-1.363521,-1.363521,-1.399224,5.253845,4.716423,5.034782,5.046568,45.099094,11392,5.855363
168839:ApriltagsCameraLog(1):,13,-1.399224,-5.262000,-1.399224,-1.399224,-1.407505,5.320880,4.653353,5.054662,5.109560,60.065860,11393,5.791111
168859:ApriltagsCameraLog(1):,7,-1.407505,-0.986000,-1.407505,-1.407505,-1.330726,4.798304,4.590730,4.671249,5.157027,40.137754,11398,5.189294
168860:ApriltagsCameraLog(1):,8,-1.407505,-0.410000,-1.407505,-1.407505,-1.330918,4.766761,4.589969,4.683628,5.140625,41.283529,11398,5.067374
168862:ApriltagsCameraLog(1):,13,-1.330918,9.739000,-1.330918,-1.330918,-1.331104,5.137571,4.587837,5.079808,5.125947,94.406009,11394,5.975758
168878:ApriltagsCameraLog(1):,7,-1.331104,3.044000,-1.331104,-1.331104,-1.256808,4.769292,4.519023,4.691103,5.176829,54.993186,11399,5.156982
168880:ApriltagsCameraLog(1):,8,-1.331104,-1.916000,-1.331104,-1.916000,-1.256553,4.678810,4.520133,4.714954,5.164661,38.969289,11399,4.976992
168881:ApriltagsCameraLog(1):,13,-1.256553,0.635000,-1.256553,-1.256553,-1.259183,5.098888,4.517387,5.103221,5.149564,53.669160,11395,6.016521
168919:ApriltagsCameraLog(1):,7,-1.259183,-0.667000,-1.259183,-1.259183,-1.000438,4.634521,4.378779,4.758558,5.250474,39.288195,11400,5.011461
168920:ApriltagsCameraLog(1):,8,-1.259183,0.246000,-1.259183,0.246000,-0.999754,4.611528,4.377003,4.765552,5.235995,41.699683,11400,4.905532
168938:ApriltagsCameraLog(1):,8,-0.999754,0.044000,-0.999754,0.044000,-0.895797,4.463956,4.300391,4.865410,5.275707,38.665297,11402,4.751376
168958:ApriltagsCameraLog(1):,,,,,,-0.710748,,4.224895,,5.314503,,,
168978:ApriltagsCameraLog(1):,7,-0.895797,0.939000,-0.895797,0.939000,-0.526727,4.349513,4.150354,4.929919,5.366917,40.950448,11404,4.700217
168998:ApriltagsCameraLog(1):,,,,,,-0.267546,,4.083143,,5.411011,,,
169018:ApriltagsCameraLog(1):,,,,,,0.144441,,4.017221,,5.468133,,,
169039:ApriltagsCameraLog(1):,7,-0.526727,2.774000,-0.526727,2.774000,0.666292,4.151192,3.950659,5.066738,5.524977,43.711437,11407,4.482993
169041:ApriltagsCameraLog(1):,8,-0.526727,-4.436000,-0.526727,-4.436000,0.681012,4.098051,3.949920,5.076141,5.510739,44.533847,11407,4.377172
169059:ApriltagsCameraLog(1):,7,0.681012,-0.519000,0.681012,-0.519000,1.385512,4.076014,3.884606,5.202405,5.553026,36.002775,11408,4.393162
169060:ApriltagsCameraLog(1):,8,0.681012,0.115000,0.681012,0.115000,1.383571,4.051473,3.885209,5.205963,5.542929,33.459646,11408,4.333405
169079:ApriltagsCameraLog(1):,7,1.383571,0.651000,1.383571,0.651000,2.357553,4.071771,3.805164,5.275546,5.604915,34.408708,11409,4.382510
169081:ApriltagsCameraLog(1):,8,1.383571,3.723000,1.383571,3.723000,2.360047,3.999447,3.808678,5.285397,5.596599,38.597579,11409,4.284984
169099:ApriltagsCameraLog(1):,7,2.360047,0.007000,2.360047,0.007000,3.605818,3.981497,3.763525,5.351907,5.627939,38.670127,11410,4.288015
169100:ApriltagsCameraLog(1):,8,2.360047,2.063000,2.360047,2.063000,3.601594,3.932584,3.765630,5.356726,5.622064,31.706820,11410,4.224018
169118:ApriltagsCameraLog(1):,7,3.601594,1.718000,3.601594,1.718000,5.531969,3.859947,3.703188,5.441368,5.666157,36.015089,11412,4.163320
169139:ApriltagsCameraLog(1):,7,5.531969,3.783000,5.531969,3.783000,6.832554,3.764927,3.650320,5.540432,5.713693,34.715190,11413,4.068429
169140:ApriltagsCameraLog(1):,8,5.531969,3.960000,5.531969,3.960000,6.830268,3.728021,3.651160,5.540778,5.709274,33.963535,11413,4.043729
169158:ApriltagsCameraLog(1):,,,,,,9.278932,,3.591223,,5.758942,,,
169178:ApriltagsCameraLog(1):,7,6.830268,3.897000,6.830268,3.897000,11.388307,3.745847,3.532911,5.565575,5.807962,38.046429,11414,4.052186
169180:ApriltagsCameraLog(1):,8,6.830268,6.078000,6.830268,6.078000,11.378823,3.705621,3.534545,5.571192,5.802788,31.431987,11414,4.029111
169198:ApriltagsCameraLog(1):,7,11.378823,6.886000,11.378823,6.886000,13.446635,3.639421,3.476737,5.826136,5.841465,41.539762,11415,3.957787
169200:ApriltagsCameraLog(1):,8,11.378823,6.805000,11.378823,6.805000,13.444594,3.595403,3.476680,5.827313,5.846863,41.929678,11415,3.971318
169218:ApriltagsCameraLog(1):,7,13.444594,9.717000,13.444594,9.717000,15.491148,3.614856,3.418611,5.856375,5.890763,39.153963,11416,3.940261
169220:ApriltagsCameraLog(1):,8,13.444594,10.791000,13.444594,10.791000,15.491825,3.532569,3.420151,5.853934,5.894998,35.901365,11416,3.921558
169238:ApriltagsCameraLog(1):,7,15.491825,6.138000,15.491825,6.138000,17.495274,3.604457,3.364910,5.918963,5.932463,55.176399,11417,3.938662
169240:ApriltagsCameraLog(1):,8,15.491825,9.851000,15.491825,9.851000,17.474756,3.503211,3.367790,5.918797,5.936042,44.262255,11417,3.912398
169258:ApriltagsCameraLog(1):,7,17.474756,19.342000,17.474756,19.342000,19.388604,3.558881,3.318427,5.947285,5.967827,33.468554,11418,3.900308
169260:ApriltagsCameraLog(1):,8,17.474756,6.400000,17.474756,6.400000,19.421346,3.314854,3.323735,5.920441,5.971418,56.653568,11418,3.735274
169279:ApriltagsCameraLog(1):,7,19.421346,11.500000,19.421346,11.500000,21.207838,3.487697,3.273065,5.982323,5.993145,49.634620,11419,3.836976
169298:ApriltagsCameraLog(1):,7,21.207838,20.430000,21.207838,20.430000,22.900999,3.341067,3.235593,5.932072,6.012156,28.593180,11421,3.691201
169300:ApriltagsCameraLog(1):,8,21.207838,20.816000,21.207838,20.816000,22.906514,3.292166,3.237349,5.928270,6.009544,27.865214,11421,3.726815
169319:ApriltagsCameraLog(1):,7,22.906514,21.201000,22.906514,21.201000,24.724880,3.292538,3.203286,5.972887,6.018167,30.668695,11422,3.650027
169320:ApriltagsCameraLog(1):,8,22.906514,21.894000,22.906514,21.894000,24.722528,3.243034,3.204765,5.968641,6.016944,29.236248,11422,3.693526
169338:ApriltagsCameraLog(1):,7,24.722528,22.308000,24.722528,22.308000,26.386469,3.238140,3.175205,6.023796,6.020920,32.077754,11423,3.604860
169347:ApriltagsCameraLog(1):,8,24.722528,23.879000,24.722528,23.879000,26.380038,3.171949,3.175783,6.015392,6.021907,28.338081,11423,3.641704
169358:ApriltagsCameraLog(1):,7,26.380038,23.158000,26.380038,23.158000,27.809297,3.186430,3.145692,6.049188,6.027457,33.688095,11424,3.559843
169360:ApriltagsCameraLog(1):,8,26.380038,-4.100000,26.380038,-4.100000,27.798001,3.143938,3.145406,6.044188,6.029756,105.316143,11424,3.627101
169378:ApriltagsCameraLog(1):,7,27.798001,26.190000,27.798001,26.190000,29.022636,3.150728,3.121976,6.056768,6.034104,29.281784,11425,3.528190
169380:ApriltagsCameraLog(1):,8,27.798001,27.208000,27.798001,27.208000,29.018871,3.091078,3.121210,6.045929,6.035977,27.158837,11425,3.580717
169398:ApriltagsCameraLog(1):,,,,,,29.914924,,3.103920,,6.035129,,,
169438:ApriltagsCameraLog(1):,7,29.018871,26.018000,29.018871,26.018000,31.582099,3.086097,3.106179,6.089349,6.032762,32.197570,11426,3.470713
169458:ApriltagsCameraLog(1):,7,31.582099,29.011000,31.582099,29.011000,32.400903,3.007304,3.105136,6.152172,6.034953,30.492180,11428,3.406972
169478:ApriltagsCameraLog(1):,,,,,,33.127104,,3.094970,,6.040497,,,
169518:ApriltagsCameraLog(1):,8,32.400903,32.210000,32.400903,32.210000,34.157072,2.903119,3.086021,6.126582,6.039237,24.967890,11430,3.437522
169539:ApriltagsCameraLog(1):,8,34.157072,33.397000,34.157072,33.397000,34.222090,2.849566,3.071827,6.155456,6.045513,26.046066,11432,3.400777
169558:ApriltagsCameraLog(1):,,,,,,34.131336,,3.055469,,6.052938,,,
169578:ApriltagsCameraLog(1):,8,34.222090,34.181000,34.222090,34.181000,34.018726,2.821355,3.055458,6.094373,6.053103,23.932704,11434,3.354346
169598:ApriltagsCameraLog(1):,8,34.018726,34.073000,34.018726,34.073000,33.851212,2.788493,3.036641,6.111480,6.056718,23.754393,11436,3.328271
169618:ApriltagsCameraLog(1):,8,33.851212,34.419000,33.851212,34.419000,33.694572,2.785453,3.017751,6.098967,6.061213,24.905395,11437,3.320909
169639:ApriltagsCameraLog(1):,,,,,,33.530571,,3.001428,,6.064210,,,
169659:ApriltagsCameraLog(1):,8,33.694572,33.823000,33.694572,33.823000,33.387749,2.794129,3.001790,6.101106,6.064450,23.938895,11439,3.329419
169678:ApriltagsCameraLog(1):,,,,,,33.281997,,2.986948,,6.068045,,,
169699:ApriltagsCameraLog(1):,8,33.387749,33.584000,33.387749,33.584000,33.172134,2.774869,2.985326,6.114940,6.069915,23.981034,11440,3.314933
169718:ApriltagsCameraLog(1):,8,33.172134,33.868000,33.172134,33.868000,32.977735,2.791618,2.966708,6.085212,6.077473,25.204845,11441,3.320629
169739:ApriltagsCameraLog(1):,8,32.977735,33.180000,32.977735,33.180000,32.635599,2.787909,2.948654,6.101060,6.084082,24.050386,11442,3.321697
169758:ApriltagsCameraLog(1):,8,32.635599,33.492000,32.635599,33.492000,32.146010,2.799848,2.928499,6.066452,6.092892,25.587870,11443,3.321173
169778:ApriltagsCameraLog(1):,8,32.146010,33.263000,32.146010,33.263000,31.613514,2.808147,2.909363,6.062623,6.100473,26.250526,11444,3.326623
169799:ApriltagsCameraLog(1):,8,31.613514,32.844000,31.613514,32.844000,31.080788,2.803746,2.892304,6.069070,6.114188,26.486446,11446,3.323052
169818:ApriltagsCameraLog(1):,7,31.080788,31.298000,31.080788,31.298000,30.545901,2.831321,2.875295,6.096384,6.129246,23.282963,11447,3.223497
169820:ApriltagsCameraLog(1):,8,31.080788,32.527000,31.080788,32.527000,30.544440,2.801445,2.870342,6.082651,6.128069,27.001056,11447,3.323689
169839:ApriltagsCameraLog(1):,7,30.544440,32.032000,30.544440,32.032000,30.096293,2.831275,2.854119,6.093060,6.143894,26.163644,11448,3.221954
169841:ApriltagsCameraLog(1):,8,30.544440,32.450000,30.544440,32.450000,30.104063,2.813125,2.851242,6.083455,6.142556,28.178865,11448,3.333582
169858:ApriltagsCameraLog(1):,7,30.104063,30.046000,30.104063,30.046000,29.798314,2.821239,2.838508,6.115639,6.156490,22.849223,11449,3.214665
169860:ApriltagsCameraLog(1):,8,30.104063,31.327000,30.104063,31.327000,29.794897,2.797295,2.835896,6.103259,6.155475,26.473420,11449,3.323584
169878:ApriltagsCameraLog(1):,7,29.794897,29.920000,29.794897,29.920000,29.573608,2.821079,2.826672,6.136429,6.171071,23.022215,11450,3.217220
169880:ApriltagsCameraLog(1):,8,29.794897,31.055000,29.794897,31.055000,29.572481,2.788777,2.825274,6.123531,6.170683,26.539197,11450,3.321154
169899:ApriltagsCameraLog(1):,7,29.572481,29.679000,29.572481,29.679000,29.395978,2.801076,2.817606,6.159418,6.183317,22.847800,11451,3.200874
169901:ApriltagsCameraLog(1):,8,29.572481,30.238000,29.572481,30.238000,29.395424,2.784471,2.815104,6.148490,6.182986,25.167363,11451,3.324618
169918:ApriltagsCameraLog(1):,,,,,,29.300456,,2.809385,,6.191894,,,
169939:ApriltagsCameraLog(1):,7,29.395424,29.096000,29.395424,29.096000,29.190592,2.801550,2.807943,6.179005,6.196497,23.312656,11452,3.204364
169940:ApriltagsCameraLog(1):,8,29.395424,30.091000,29.395424,30.091000,29.186760,2.778772,2.806859,6.166599,6.197074,25.239540,11452,3.324764
169958:ApriltagsCameraLog(1):,7,29.186760,29.192000,29.186760,29.192000,29.100433,2.810162,2.802837,6.204200,6.201925,22.747202,11453,3.216911
169960:ApriltagsCameraLog(1):,8,29.186760,30.824000,29.186760,30.824000,29.098708,2.768920,2.802971,6.192072,6.203528,27.450208,11453,3.323531
169978:ApriltagsCameraLog(1):,7,29.098708,28.458000,29.098708,28.458000,28.985497,2.780075,2.798923,6.208679,6.208930,23.945624,11454,3.187974
169980:ApriltagsCameraLog(1):,8,29.098708,29.634000,29.098708,29.634000,28.978587,2.760160,2.797213,6.196383,6.209939,24.791871,11454,3.316526
169998:ApriltagsCameraLog(1):,7,28.978587,28.457000,28.978587,28.457000,28.824822,2.776567,2.794146,6.237808,6.214520,23.692952,11455,3.189802
170000:ApriltagsCameraLog(1):,8,28.978587,29.356000,28.978587,29.356000,28.818905,2.754358,2.792626,6.226544,6.217218,24.459691,11455,3.321266
170018:ApriltagsCameraLog(1):,7,28.818905,28.318000,28.818905,28.318000,28.694168,2.769354,2.789510,6.230739,6.222154,23.572408,11456,3.180997
170020:ApriltagsCameraLog(1):,8,28.818905,29.469000,28.818905,29.469000,28.687844,2.752139,2.787884,6.218534,6.223658,25.056466,11456,3.315874
170038:ApriltagsCameraLog(1):,7,28.687844,28.061000,28.687844,28.061000,28.671829,2.761742,2.784979,6.256940,6.226804,23.832949,11457,3.178390
170040:ApriltagsCameraLog(1):,8,28.687844,28.856000,28.687844,28.856000,28.664557,2.744573,2.782989,6.247001,6.229711,23.944134,11457,3.318520
170063:ApriltagsCameraLog(1):,7,28.664557,27.613000,28.664557,27.613000,28.727136,2.758969,2.780007,6.277287,6.233498,24.797670,11459,3.179771
170064:ApriltagsCameraLog(1):,8,28.664557,28.700000,28.664557,28.700000,28.718605,2.737568,2.778440,6.264918,6.236918,23.630736,11459,3.318410
170078:ApriltagsCameraLog(1):,7,28.718605,27.687000,28.718605,27.687000,28.782021,2.762948,2.775348,6.276690,6.239318,24.787285,11460,3.183667
170080:ApriltagsCameraLog(1):,8,28.718605,28.795000,28.718605,28.795000,28.774187,2.739805,2.774427,6.266528,6.242110,23.750072,11460,3.321251
170098:ApriltagsCameraLog(1):,,,,,,28.789064,,2.771882,,6.243451,,,
170118:ApriltagsCameraLog(1):,7,28.774187,27.886000,28.774187,27.886000,28.767091,2.762240,2.771882,6.279407,6.243451,24.465034,11461,3.183667
170120:ApriltagsCameraLog(1):,8,28.774187,28.941000,28.774187,28.941000,28.760358,2.740785,2.771165,6.270445,6.246020,23.983679,11461,3.323770
170139:ApriltagsCameraLog(1):,,,,,,28.734806,,2.768920,,6.247790,,,
170160:ApriltagsCameraLog(1):,7,28.760358,27.892000,28.760358,27.892000,28.721073,2.758968,2.768920,6.279736,6.247186,24.392963,11462,3.180502
170162:ApriltagsCameraLog(1):,8,28.760358,28.936000,28.760358,28.936000,28.713884,2.738869,2.768177,6.268552,6.249486,23.983995,11462,3.321251
170178:ApriltagsCameraLog(1):,,,,,,28.726253,,2.766009,,6.250831,,,
170198:ApriltagsCameraLog(1):,,,,,,28.731746,,2.766009,,6.250831,,,
170219:ApriltagsCameraLog(1):,8,28.726253,29.029000,28.726253,29.029000,28.723506,2.741069,2.766009,6.258996,6.250831,24.270868,11467,3.319708
170240:ApriltagsCameraLog(1):,8,28.723506,28.842000,28.723506,28.842000,28.734211,2.745585,2.764182,6.261304,6.251434,23.877587,11468,3.324746
170258:ApriltagsCameraLog(1):,7,28.734211,27.792000,28.734211,27.792000,28.751599,2.759517,2.762799,6.272784,6.252170,24.550292,11469,3.179540
170260:ApriltagsCameraLog(1):,8,28.734211,28.696000,28.734211,28.696000,28.744029,2.738449,2.762548,6.263837,6.253665,23.642438,11469,3.319055
170278:ApriltagsCameraLog(1):,,,,,,28.754803,,2.760742,,6.254730,,,
170299:ApriltagsCameraLog(1):,7,28.744029,27.724000,28.744029,27.724000,28.743817,2.761835,2.760741,6.268809,6.254428,24.737906,11470,3.181016
170300:ApriltagsCameraLog(1):,8,28.744029,29.044000,28.744029,29.044000,28.735755,2.738446,2.760811,6.258637,6.255465,24.243574,11470,3.317190
170319:ApriltagsCameraLog(1):,7,28.735755,27.884000,28.735755,27.884000,28.708185,2.759497,2.759157,6.272859,6.253586,24.347342,11471,3.179540
170320:ApriltagsCameraLog(1):,8,28.735755,28.925000,28.735755,28.925000,28.701185,2.739636,2.759171,6.261684,6.254832,24.000812,11471,3.319381
170340:ApriltagsCameraLog(1):,7,28.701185,27.537000,28.701185,27.537000,28.664294,2.766829,2.757617,6.269155,6.250644,25.104915,11472,3.185876
170341:ApriltagsCameraLog(1):,8,28.701185,28.979000,28.701185,28.979000,28.654768,2.743855,2.758254,6.259000,6.251476,24.232842,11472,3.322227
170358:ApriltagsCameraLog(1):,7,28.654768,27.891000,28.654768,27.891000,28.604599,2.762748,2.757032,6.270122,6.244576,24.170864,11473,3.181971
170378:ApriltagsCameraLog(1):,7,28.604599,27.761000,28.604599,27.761000,28.471458,2.759933,2.757160,6.268683,6.234917,24.322660,11475,3.178804
170380:ApriltagsCameraLog(1):,8,28.604599,28.744000,28.604599,28.744000,28.464292,2.741340,2.757322,6.257552,6.236209,23.880766,11475,3.319055
170398:ApriltagsCameraLog(1):,7,28.464292,27.737000,28.464292,27.737000,28.215280,2.761690,2.757921,6.261829,6.222936,24.061780,11476,3.178804
170400:ApriltagsCameraLog(1):,8,28.464292,28.814000,28.464292,28.814000,28.208385,2.741010,2.758306,6.251765,6.224133,24.352549,11476,3.316212
170419:ApriltagsCameraLog(1):,,,,,,27.856091,,2.761983,,6.199743,,,
170439:ApriltagsCameraLog(1):,7,28.208385,27.721000,28.208385,27.721000,27.512768,2.767089,2.763260,6.250517,6.180180,23.544057,11477,3.181235
170442:ApriltagsCameraLog(1):,8,28.208385,28.636000,28.208385,28.636000,27.507094,2.748889,2.763702,6.240540,6.181264,24.556880,11477,3.318732
170458:ApriltagsCameraLog(1):,7,27.507094,27.278000,27.507094,27.278000,27.204220,2.770880,2.767030,6.219463,6.155344,22.932306,11478,3.177338
170460:ApriltagsCameraLog(1):,8,27.507094,28.490000,27.507094,28.490000,27.196774,2.757223,2.768016,6.208494,6.155214,25.814662,11478,3.313050
170479:ApriltagsCameraLog(1):,7,27.196774,26.961000,27.196774,26.961000,26.889164,2.774414,2.776405,6.209919,6.128011,22.955269,11479,3.178314
170480:ApriltagsCameraLog(1):,8,27.196774,28.071000,27.196774,28.071000,26.882098,2.762598,2.777266,6.201275,6.129067,25.572886,11479,3.314621
170498:ApriltagsCameraLog(1):,7,26.882098,26.770000,26.882098,26.770000,26.541096,2.774562,2.787145,6.201259,6.097675,22.660339,11480,3.176142
170500:ApriltagsCameraLog(1):,8,26.882098,27.649000,26.882098,27.649000,26.535274,2.765802,2.787821,6.192671,6.099613,25.312468,11480,3.313690
170519:ApriltagsCameraLog(1):,7,26.535274,26.630000,26.535274,26.630000,26.141486,2.777331,2.799870,6.186494,6.062801,22.615594,11481,3.175422
170538:ApriltagsCameraLog(1):,7,26.141486,25.864000,26.141486,25.864000,25.692577,2.794132,2.818041,6.164765,6.028900,23.122919,11482,3.187327
170540:ApriltagsCameraLog(1):,8,26.141486,27.441000,26.141486,27.441000,25.684631,2.774367,2.819107,6.152970,6.031799,26.496241,11482,3.306126
170558:ApriltagsCameraLog(1):,7,25.684631,25.698000,25.684631,25.698000,25.324269,2.800061,2.838280,6.139873,5.994616,22.534489,11483,3.188050
170560:ApriltagsCameraLog(1):,8,25.684631,26.897000,25.684631,26.897000,25.317778,2.791577,2.838979,6.131521,5.997843,26.362507,11483,3.313998
170578:ApriltagsCameraLog(1):,7,25.317778,25.357000,25.317778,25.357000,24.999949,2.815026,2.862929,6.115763,5.951804,22.674674,11485,3.198261
170580:ApriltagsCameraLog(1):,8,25.317778,26.281000,25.317778,26.281000,24.997865,2.804429,2.862187,6.107578,5.958564,25.807040,11485,3.317456
170599:ApriltagsCameraLog(1):,7,24.997865,24.616000,24.997865,24.616000,24.519756,2.823830,2.887585,6.099669,5.916957,23.495047,11486,3.203857
170600:ApriltagsCameraLog(1):,8,24.997865,25.626000,24.997865,25.626000,24.514680,2.814041,2.885941,6.090461,5.924799,25.042370,11486,3.320292
170618:ApriltagsCameraLog(1):,,,,,,23.987868,,2.909734,,5.885663,,,
170639:ApriltagsCameraLog(1):,7,24.514680,24.997000,24.514680,24.997000,23.685744,2.855098,2.936372,6.059781,5.838676,23.926954,11487,3.228251
170640:ApriltagsCameraLog(1):,8,24.514680,26.305000,24.514680,26.305000,23.687110,2.836335,2.934927,6.049988,5.845640,27.852731,11487,3.327924
170659:ApriltagsCameraLog(1):,7,23.687110,23.594000,23.687110,23.594000,23.453155,2.860885,2.962003,6.014594,5.799346,23.024969,11488,3.226570
170660:ApriltagsCameraLog(1):,8,23.687110,24.371000,23.687110,24.371000,23.446057,2.859448,2.960003,6.009096,5.805534,25.306377,11488,3.335810
170678:ApriltagsCameraLog(1):,7,23.446057,23.823000,23.446057,23.823000,23.127139,2.907574,2.991316,5.988579,5.758150,24.029522,11490,3.269581
170680:ApriltagsCameraLog(1):,8,23.446057,25.403000,23.446057,25.403000,23.128538,2.859164,2.989396,5.975531,5.768090,28.224164,11490,3.325604
170699:ApriltagsCameraLog(1):,7,23.128538,23.040000,23.128538,23.040000,22.846954,2.910922,3.014570,5.931224,5.727337,23.338611,11491,3.266724
170700:ApriltagsCameraLog(1):,8,23.128538,24.206000,23.128538,24.206000,22.843960,2.896595,3.010424,5.923401,5.735726,26.339817,11491,3.347231
170718:ApriltagsCameraLog(1):,7,22.843960,23.396000,22.843960,23.396000,22.619401,2.960720,3.039498,5.900933,5.688725,24.803854,11492,3.313277
170720:ApriltagsCameraLog(1):,8,22.843960,25.765000,22.843960,25.765000,22.621752,2.896429,3.038058,5.887498,5.697172,30.621708,11492,3.337388
170739:ApriltagsCameraLog(1):,7,22.621752,22.739000,22.621752,22.739000,22.449503,2.962458,3.072381,5.861947,5.648280,23.769998,11493,3.311816
170742:ApriltagsCameraLog(1):,8,22.621752,23.724000,22.621752,23.724000,22.448990,2.940752,3.068808,5.857355,5.657342,26.625325,11493,3.372740
170758:ApriltagsCameraLog(1):,7,22.448990,23.073000,22.448990,23.073000,22.359748,2.998253,3.103557,5.815084,5.609600,25.238917,11494,3.344561
170760:ApriltagsCameraLog(1):,8,22.448990,24.291000,22.448990,24.291000,22.363408,2.972572,3.100532,5.810963,5.616748,28.591484,11494,3.393014
170778:ApriltagsCameraLog(1):,7,22.363408,22.692000,22.363408,22.692000,22.342118,3.016608,3.135634,5.806951,5.568187,24.683960,11495,3.362334
170780:ApriltagsCameraLog(1):,8,22.363408,23.182000,22.363408,23.182000,22.344086,2.989417,3.131972,5.801901,5.578514,26.244279,11495,3.407312
170798:ApriltagsCameraLog(1):,7,22.344086,22.847000,22.344086,22.847000,22.195820,3.043863,3.174548,5.726464,5.536562,25.306272,11496,3.386816
170819:ApriltagsCameraLog(1):,,,,,,22.051187,,3.218960,,5.491924,,,
170839:ApriltagsCameraLog(1):,7,22.195820,11.569000,22.195820,11.569000,21.908365,3.193380,3.268297,5.716212,5.439084,52.158034,11497,3.535814
170841:ApriltagsCameraLog(1):,8,22.195820,23.857000,22.195820,23.857000,21.867317,3.089503,3.268523,5.714945,5.442894,29.041882,11497,3.488094
170860:ApriltagsCameraLog(1):,7,21.867317,22.484000,21.867317,22.484000,21.768282,3.122195,3.315003,5.638641,5.398121,26.231742,11498,3.463505
170862:ApriltagsCameraLog(1):,8,21.867317,23.860000,21.867317,23.860000,21.771000,3.090890,3.310874,5.635681,5.404900,29.744030,11498,3.475227
170879:ApriltagsCameraLog(1):,,,,,,21.713907,,3.386094,,5.335757,,,
170898:ApriltagsCameraLog(1):,,,,,,21.615030,,3.414577,,5.308570,,,
170918:ApriltagsCameraLog(1):,,,,,,21.507913,,3.471526,,5.255194,,,
170938:ApriltagsCameraLog(1):,,,,,,21.406290,,3.532251,,5.207647,,,
170958:ApriltagsCameraLog(1):,,,,,,21.222269,,3.593039,,5.159696,,,
170978:ApriltagsCameraLog(1):,8,21.406290,22.195000,21.406290,22.195000,20.994303,3.384364,3.652143,5.355204,5.112525,28.991393,11505,3.733997
170998:ApriltagsCameraLog(1):,,,,,,20.794028,,3.711407,,5.082453,,,
171019:ApriltagsCameraLog(1):,,,,,,20.620993,,3.783360,,5.040742,,,
171038:ApriltagsCameraLog(1):,,,,,,20.398520,,3.852964,,4.999800,,,
171058:ApriltagsCameraLog(1):,,,,,,20.112875,,3.921131,,4.959392,,,
171078:ApriltagsCameraLog(1):,,,,,,19.775046,,3.992395,,4.922456,,,
171099:ApriltagsCameraLog(1):,8,20.398520,20.981000,20.398520,20.981000,19.478415,3.655544,4.062466,5.179471,4.885835,30.645068,11510,3.994788
171118:ApriltagsCameraLog(1):,8,19.478415,21.372000,19.478415,21.372000,19.268399,3.722505,4.123463,5.075512,4.858233,35.053912,11511,4.059120
171138:ApriltagsCameraLog(1):,,,,,,19.086509,,4.187807,,4.828098,,,
171158:ApriltagsCameraLog(1):,,,,,,18.877769,,4.262037,,4.792829,,,
171178:ApriltagsCameraLog(1):,,,,,,18.625083,,4.338895,,4.756046,,,
171198:ApriltagsCameraLog(1):,8,18.877769,19.969000,18.877769,19.969000,18.386130,4.041185,4.417478,4.954201,4.722998,35.527978,11516,4.379062
171219:ApriltagsCameraLog(1):,,,,,,18.175613,,4.481889,,4.699331,,,
171238:ApriltagsCameraLog(1):,,,,,,17.958633,,4.561864,,4.664920,,,
171258:ApriltagsCameraLog(1):,,,,,,17.752639,,4.642563,,4.629897,,,
171278:ApriltagsCameraLog(1):,,,,,,17.541152,,4.721662,,4.596491,,,
171298:ApriltagsCameraLog(1):,,,,,,17.288467,,4.803402,,4.561566,,,
171318:ApriltagsCameraLog(1):,,,,,,17.041274,,4.885541,,4.526043,,,
171338:ApriltagsCameraLog(1):,,,,,,16.829787,,4.965703,,4.492039,,,
171358:ApriltagsCameraLog(1):,,,,,,16.621047,,5.047689,,4.456919,,,
171378:ApriltagsCameraLog(1):,,,,,,16.412307,,5.129268,,4.421616,,,
171398:ApriltagsCameraLog(1):,,,,,,16.220046,,5.211358,,4.387524,,,
171418:ApriltagsCameraLog(1):,,,,,,16.030532,,5.293610,,4.353037,,,
171438:ApriltagsCameraLog(1):,,,,,,15.832778,,5.377415,,4.317562,,,
171459:ApriltagsCameraLog(1):,,,,,,15.643264,,5.460271,,4.282176,,,
171478:ApriltagsCameraLog(1):,,,,,,15.456496,,5.543051,,4.247375,,,
171498:ApriltagsCameraLog(1):,,,,,,15.272475,,5.627943,,4.211362,,,
171518:ApriltagsCameraLog(1):,,,,,,15.082961,,5.712440,,4.175194,,,
171538:ApriltagsCameraLog(1):,,,,,,14.904433,,5.795777,,4.140156,,,
171559:ApriltagsCameraLog(1):,,,,,,14.734145,,5.901198,,4.095269,,,
171578:ApriltagsCameraLog(1):,,,,,,14.566604,,5.964365,,4.068404,,,
171599:ApriltagsCameraLog(1):,,,,,,14.421035,,6.048295,,4.034015,,,
171619:ApriltagsCameraLog(1):,,,,,,14.278213,,6.133264,,3.998978,,,
171638:ApriltagsCameraLog(1):,,,,,,14.138137,,6.218707,,3.963500,,,
171658:ApriltagsCameraLog(1):,,,,,,13.981582,,6.303771,,3.927896,,,
171678:ApriltagsCameraLog(1):,,,,,,13.814040,,6.389616,,3.892595,,,
171698:ApriltagsCameraLog(1):,,,,,,13.682204,,6.475928,,3.856842,,,
171718:ApriltagsCameraLog(1):,,,,,,13.564101,,6.560214,,3.821723,,,
171738:ApriltagsCameraLog(1):,,,,,,13.492690,,6.645759,,3.787310,,,
171758:ApriltagsCameraLog(1):,,,,,,13.605300,,6.729920,,3.753476,,,
171778:ApriltagsCameraLog(1):,,,,,,13.800307,,6.811662,,3.720895,,,
171798:ApriltagsCameraLog(1):,,,,,,14.212295,,6.894614,,3.687505,,,
171818:ApriltagsCameraLog(1):,14,13.605300,15.131000,13.605300,15.131000,14.819289,6.433198,6.975317,4.141135,3.655814,9.466023,11546,1.401621
171838:ApriltagsCameraLog(1):,,,,,,15.885310,,7.004452,,3.690280,,,
171878:ApriltagsCameraLog(1):,14,14.819289,17.655000,14.819289,17.655000,17.964473,6.544192,7.162432,4.128644,3.635039,11.715174,11547,1.515877
171918:ApriltagsCameraLog(1):,,,,,,22.110409,,7.283212,,3.639349,,,
171938:ApriltagsCameraLog(1):,,,,,,24.499936,,7.361216,,3.625811,,,
171959:ApriltagsCameraLog(1):,,,,,,27.089963,,7.449038,,3.614405,,,
171978:ApriltagsCameraLog(1):,,,,,,29.951901,,7.513492,,3.609271,,,
171998:ApriltagsCameraLog(1):,,,,,,33.126950,,7.586198,,3.596754,,,
172019:ApriltagsCameraLog(1):,,,,,,36.593136,,7.654289,,3.589330,,,
172038:ApriltagsCameraLog(1):,,,,,,40.270810,,7.722646,,3.585942,,,
172058:ApriltagsCameraLog(1):,,,,,,44.088559,,7.790198,,3.586399,,,
172078:ApriltagsCameraLog(1):,,,,,,47.985959,,7.858436,,3.585397,,,
172104:ApriltagsCameraLog(1):,,,,,,51.894345,,7.926886,,3.588724,,,
172118:ApriltagsCameraLog(1):,,,,,,55.473141,,7.996842,,3.596391,,,
172138:ApriltagsCameraLog(1):,,,,,,59.527096,,8.067113,,3.605263,,,
172158:ApriltagsCameraLog(1):,,,,,,64.039731,,8.137473,,3.619177,,,
172178:ApriltagsCameraLog(1):,,,,,,68.794064,,8.207115,,3.638641,,,
172198:ApriltagsCameraLog(1):,,,,,,73.559384,,8.272817,,3.641228,,,
172218:ApriltagsCameraLog(1):,,,,,,78.297238,,8.337907,,3.648197,,,
172238:ApriltagsCameraLog(1):,,,,,,82.867551,,8.403553,,3.659183,,,
172258:ApriltagsCameraLog(1):,,,,,,87.204404,,8.466895,,3.674781,,,
172278:ApriltagsCameraLog(1):,,,,,,91.239133,,8.535448,,3.683367,,,
172298:ApriltagsCameraLog(1):,,,,,,95.111813,,8.605192,,3.695480,,,
172318:ApriltagsCameraLog(1):,,,,,,98.841672,,8.673359,,3.712598,,,
172338:ApriltagsCameraLog(1):,,,,,,102.288632,,8.748165,,3.720414,,,
172358:ApriltagsCameraLog(1):,,,,,,105.546078,,8.824214,,3.732608,,,
172378:ApriltagsCameraLog(1):,,,,,,108.633237,,8.899792,,3.748900,,,
172398:ApriltagsCameraLog(1):,,,,,,111.517148,,8.973940,,3.746005,,,
172418:ApriltagsCameraLog(1):,,,,,,114.087948,,9.047326,,3.746517,,,
172438:ApriltagsCameraLog(1):,,,,,,116.395077,,9.122906,,3.750206,,,
172458:ApriltagsCameraLog(1):,,,,,,118.564877,,9.201650,,3.757355,,,
172478:ApriltagsCameraLog(1):,,,,,,120.514950,,9.282253,,3.749786,,,
172498:ApriltagsCameraLog(1):,,,,,,122.146420,,9.363640,,3.744570,,,
172518:ApriltagsCameraLog(1):,,,,,,123.530698,,9.447458,,3.741775,,,
172538:ApriltagsCameraLog(1):,,,,,,124.849057,,9.531967,,3.727814,,,
172558:ApriltagsCameraLog(1):,,,,,,126.093259,,9.617937,,3.715434,,,
172578:ApriltagsCameraLog(1):,,,,,,127.255063,,9.703866,,3.704947,,,
172598:ApriltagsCameraLog(1):,,,,,,128.337216,,9.789914,,3.681192,,,
172618:ApriltagsCameraLog(1):,,,,,,129.304013,,9.873478,,3.659795,,,
172638:ApriltagsCameraLog(1):,,,,,,130.169186,,9.957691,,3.639806,,,
172678:ApriltagsCameraLog(1):,,,,,,131.737485,,10.129687,,3.594522,,,
172698:ApriltagsCameraLog(1):,,,,,,132.380185,,10.213418,,3.570087,,,
172718:ApriltagsCameraLog(1):,,,,,,132.956967,,10.299160,,3.546110,,,
172738:ApriltagsCameraLog(1):,,,,,,133.514523,,10.383593,,3.517966,,,
172758:ApriltagsCameraLog(1):,,,,,,134.008908,,10.468312,,3.490694,,,
172778:ApriltagsCameraLog(1):,,,,,,134.418149,,10.554939,,3.463453,,,
172798:ApriltagsCameraLog(1):,,,,,,134.783444,,10.637936,,3.429344,,,
172818:ApriltagsCameraLog(1):,1,134.418149,129.943000,134.418149,134.418149,135.110287,10.094566,10.722247,3.314754,3.395253,64.834980,11597,5.973818
172838:ApriltagsCameraLog(1):,,,,,,135.414877,,10.793916,,3.358533,,,
172858:ApriltagsCameraLog(1):,1,135.110287,128.102000,135.110287,135.110287,135.747214,10.205546,10.879173,3.215313,3.325189,74.205374,11598,5.828619
172878:ApriltagsCameraLog(1):,,,,,,136.006140,,10.951459,,3.284450,,,
172898:ApriltagsCameraLog(1):,1,135.747214,130.629000,135.747214,135.747214,136.245092,10.293426,11.035649,3.178772,3.249166,64.872270,11599,5.738751
172918:ApriltagsCameraLog(1):,,,,,,136.458207,,11.106893,,3.208608,,,
172938:ApriltagsCameraLog(1):,1,136.245092,128.825000,136.245092,136.245092,136.650468,10.411111,11.191329,3.123695,3.171621,73.001903,11601,5.613341
172958:ApriltagsCameraLog(1):,,,,,,136.851970,,11.263391,,3.131111,,,
172979:ApriltagsCameraLog(1):,1,136.650468,130.679000,136.650468,136.650468,137.016765,10.697284,11.347241,3.028763,3.095050,63.296816,11604,5.328898
172998:ApriltagsCameraLog(1):,,,,,,137.140836,,11.418819,,3.050750,,,
173018:ApriltagsCameraLog(1):,,,,,,137.289151,,11.503418,,3.011122,,,
173038:ApriltagsCameraLog(1):,1,137.016765,133.117000,137.016765,137.016765,137.456693,10.873549,11.587857,2.983460,2.971865,53.242861,11607,5.163108
173059:ApriltagsCameraLog(1):,1,137.456693,131.894000,137.456693,137.456693,137.621354,10.967160,11.654872,2.901597,2.930302,58.089092,11608,5.040733
173080:ApriltagsCameraLog(1):,1,137.621354,132.047000,137.621354,132.047000,137.745954,11.133739,11.745719,2.847900,2.875887,56.096537,11610,4.877317
173098:ApriltagsCameraLog(1):,1,137.745954,130.790000,137.745954,130.790000,137.828272,11.170711,11.793494,2.845331,2.841932,60.666417,11611,4.847354
173118:ApriltagsCameraLog(1):,,,,,,137.948649,,11.864303,,2.798888,,,
173138:ApriltagsCameraLog(1):,1,137.828272,132.310000,137.828272,132.310000,138.132670,11.292513,11.950943,2.770638,2.757227,53.767648,11612,4.705995
173178:ApriltagsCameraLog(1):,1,138.132670,130.309000,138.132670,130.309000,138.568550,11.342484,12.108669,2.765669,2.671155,61.175468,11613,4.665325
173219:ApriltagsCameraLog(1):,1,138.568550,132.186000,138.568550,132.186000,138.818733,11.458393,12.258786,2.665938,2.585557,54.247883,11615,4.514151
173239:ApriltagsCameraLog(1):,1,138.818733,134.144000,138.818733,134.144000,138.939582,11.662864,12.323787,2.604021,2.540936,46.295002,11617,4.318428
173258:ApriltagsCameraLog(1):,,,,,,139.071508,,12.387813,,2.498193,,,
173278:ApriltagsCameraLog(1):,,,,,,139.192358,,12.468680,,2.456467,,,
173298:ApriltagsCameraLog(1):,1,139.071508,133.267000,139.071508,133.267000,139.307715,11.952657,12.547747,2.513837,2.415869,46.362903,11621,4.041905
173318:ApriltagsCameraLog(1):,1,139.307715,134.793000,139.307715,134.793000,139.403509,12.008624,12.605826,2.465149,2.377040,41.727955,11622,3.968591
173338:ApriltagsCameraLog(1):,1,139.403509,132.758000,139.403509,132.758000,139.506129,12.100042,12.660247,2.438812,2.338191,46.722362,11623,3.883631
173359:ApriltagsCameraLog(1):,1,139.506129,134.323000,139.506129,134.323000,139.626543,12.154372,12.715214,2.400547,2.301240,41.821876,11624,3.818121
173379:ApriltagsCameraLog(1):,1,139.626543,135.451000,139.626543,135.451000,139.756316,12.267451,12.766467,2.341218,2.265745,37.654792,11625,3.695401
173399:ApriltagsCameraLog(1):,,,,,,139.907994,,12.813869,,2.232492,,,
173419:ApriltagsCameraLog(1):,1,139.756316,135.158000,139.756316,135.158000,140.100255,12.411288,12.894827,2.279123,2.192258,37.067702,11627,3.548971
173440:ApriltagsCameraLog(1):,1,140.100255,135.273000,140.100255,135.273000,140.300735,12.467950,12.941803,2.232417,2.160532,36.794779,11628,3.476955
173458:ApriltagsCameraLog(1):,,,,,,140.489896,,12.970751,,2.137281,,,
173479:ApriltagsCameraLog(1):,1,140.300735,136.429000,140.300735,136.429000,140.698636,12.538360,13.032726,2.202209,2.108533,33.638462,11629,3.406205
173499:ApriltagsCameraLog(1):,1,140.698636,136.663000,140.698636,136.663000,140.869227,12.591189,13.075635,2.163505,2.080606,33.323453,11630,3.342754
173503:ApriltagsCameraLog(1):,2,140.698636,78.317000,140.698636,78.317000,140.847735,12.831367,13.058115,2.173777,2.080236,199.587040,11630,3.821783
173519:ApriltagsCameraLog(1):,1,140.847735,136.543000,140.847735,136.543000,140.972510,12.651539,13.117893,2.133492,2.052201,33.236595,11631,3.279335
173520:ApriltagsCameraLog(1):,2,140.847735,137.306000,140.847735,137.306000,140.949268,12.893338,13.101455,2.141076,2.051546,36.588638,11631,3.752396
173539:ApriltagsCameraLog(1):,1,140.949268,136.522000,140.949268,136.522000,141.108199,12.698859,13.159829,2.143814,2.025423,33.227316,11632,3.253864
173541:ApriltagsCameraLog(1):,2,140.949268,137.333000,140.949268,137.333000,141.083860,12.937336,13.143675,2.140080,2.027058,36.363421,11632,3.713233
173559:ApriltagsCameraLog(1):,1,141.083860,138.165000,141.083860,138.165000,141.250198,12.762987,13.201044,2.102602,2.002857,28.990982,11633,3.180103
173561:ApriltagsCameraLog(1):,2,141.083860,138.350000,141.083860,138.350000,141.232357,13.015270,13.183529,2.099556,2.004239,33.118204,11633,3.625998
173579:ApriltagsCameraLog(1):,1,141.232357,138.267000,141.232357,138.267000,141.382739,12.835588,13.241741,2.080220,1.980022,28.413355,11634,3.114353
173581:ApriltagsCameraLog(1):,2,141.232357,138.427000,141.232357,138.427000,141.364443,13.081208,13.226562,2.084462,1.981198,32.639995,11634,3.561166
173583:ApriltagsCameraLog(1):,11,141.364443,142.276000,141.364443,142.276000,141.349588,12.692873,13.227849,1.961417,1.982815,11.243344,11630,1.663009
173599:ApriltagsCameraLog(1):,1,141.349588,137.672000,141.349588,137.672000,141.522938,12.835158,13.225653,2.108894,1.949923,30.210813,11635,3.135978
173601:ApriltagsCameraLog(1):,2,141.349588,77.743000,141.349588,77.743000,141.500596,13.129277,13.211569,2.060266,1.954908,184.480415,11635,3.507879
173604:ApriltagsCameraLog(1):,11,141.500596,142.601000,141.500596,142.601000,141.432042,12.751834,13.212009,1.942424,1.955526,11.850491,11631,1.709466
173619:ApriltagsCameraLog(1):,1,141.432042,137.941000,141.432042,137.941000,141.572347,12.964936,13.220484,2.019641,1.925096,28.144942,11636,2.982744
173620:ApriltagsCameraLog(1):,2,141.432042,138.069000,141.432042,138.069000,141.549534,13.203597,13.214122,2.037345,1.926675,32.678169,11636,3.431768
173622:ApriltagsCameraLog(1):,11,141.549534,142.803000,141.549534,142.803000,141.530784,12.813782,13.222278,1.904891,1.929331,12.597673,11632,1.774310
173638:ApriltagsCameraLog(1):,1,141.530784,138.565000,141.530784,138.565000,141.694906,13.002867,13.236303,2.035461,1.899435,26.912262,11637,2.969546
173640:ApriltagsCameraLog(1):,2,141.530784,138.729000,141.530784,138.729000,141.674481,13.254164,13.230244,2.029207,1.904144,30.813359,11637,3.383698
173642:ApriltagsCameraLog(1):,11,141.674481,143.076000,141.674481,143.076000,141.657816,12.850346,13.240190,1.890803,1.908161,13.050224,11633,1.805755
173658:ApriltagsCameraLog(1):,1,141.657816,137.565000,141.657816,137.565000,141.820407,13.068780,13.255761,1.972508,1.880333,28.231962,11638,2.879109
173660:ApriltagsCameraLog(1):,2,141.657816,138.224000,141.657816,138.224000,141.793065,13.301898,13.253045,1.992441,1.882244,31.702375,11638,3.324867
173661:ApriltagsCameraLog(1):,11,141.793065,144.448000,141.793065,144.448000,141.773000,12.918577,13.264174,1.867886,1.885401,15.063018,11634,1.862860
173679:ApriltagsCameraLog(1):,1,141.773000,139.626000,141.773000,139.626000,141.951842,13.110048,13.286260,2.001272,1.859595,24.286695,11639,2.874248
173680:ApriltagsCameraLog(1):,2,141.773000,139.669000,141.773000,139.669000,141.935969,13.365199,13.283408,1.996263,1.865743,28.045817,11639,3.271338
173682:ApriltagsCameraLog(1):,11,141.935969,143.788000,141.935969,143.788000,141.922625,12.950306,13.297534,1.855627,1.870699,14.371082,11635,1.890677
173705:ApriltagsCameraLog(1):,1,141.922625,139.007000,141.922625,139.007000,142.083969,13.242622,13.316906,1.937263,1.845509,24.443933,11641,2.740733
173707:ApriltagsCameraLog(1):,2,141.922625,139.593000,141.922625,139.593000,142.060988,13.475712,13.317731,1.961091,1.849623,27.451845,11641,3.158118
173708:ApriltagsCameraLog(1):,11,141.922625,144.187000,141.922625,144.187000,142.044911,13.009092,13.333720,1.844482,1.854912,15.301937,11636,1.934592
173718:ApriltagsCameraLog(1):,1,142.044911,138.851000,142.044911,138.851000,142.241041,13.271925,13.342302,1.914270,1.822231,24.590814,11642,2.704750
173720:ApriltagsCameraLog(1):,2,142.044911,139.200000,142.044911,139.200000,142.215439,13.514326,13.342932,1.929630,1.826535,28.101306,11642,3.109673
173738:ApriltagsCameraLog(1):,1,142.215439,139.381000,142.215439,139.381000,142.308269,13.318959,13.407590,1.910580,1.811993,23.594814,11643,2.672998
173740:ApriltagsCameraLog(1):,2,142.215439,140.651000,142.215439,140.651000,142.285514,13.553612,13.407537,1.927089,1.816673,24.976845,11643,3.074747
173742:ApriltagsCameraLog(1):,11,142.044911,144.329000,142.044911,144.329000,142.274277,13.040436,13.424310,1.815839,1.822187,15.731758,11637,1.975827
173759:ApriltagsCameraLog(1):,1,142.274277,139.326000,142.274277,139.326000,142.493217,13.366822,13.415658,1.902612,1.779961,23.436315,11644,2.637494
173760:ApriltagsCameraLog(1):,2,142.274277,139.684000,142.274277,139.684000,142.468119,13.602107,13.418243,1.918055,1.786713,26.723795,11644,3.028217
173762:ApriltagsCameraLog(1):,11,142.274277,143.919000,142.274277,143.919000,142.448931,13.094154,13.436200,1.813615,1.793638,15.226910,11638,2.009529
173779:ApriltagsCameraLog(1):,1,142.448931,139.273000,142.448931,139.273000,142.609698,13.405249,13.441901,1.867401,1.759698,23.312100,11645,2.586618
173780:ApriltagsCameraLog(1):,2,142.448931,139.520000,142.448931,139.520000,142.582810,13.645513,13.445034,1.883709,1.765530,26.885321,11645,2.974337
173781:ApriltagsCameraLog(1):,11,142.448931,144.658000,142.448931,144.658000,142.561492,13.168557,13.463652,1.777315,1.771757,16.689537,11640,2.083723
173799:ApriltagsCameraLog(1):,11,142.561492,144.951000,142.561492,144.951000,142.721631,13.217925,13.468361,1.764109,1.739020,17.344784,11641,2.124947
173818:ApriltagsCameraLog(1):,1,142.721631,139.272000,142.721631,139.272000,142.878231,13.467594,13.497053,1.860726,1.719381,23.344031,11647,2.544579
173820:ApriltagsCameraLog(1):,2,142.721631,139.898000,142.721631,139.898000,142.849176,13.710224,13.500284,1.862981,1.728063,25.994909,11647,2.908887
173822:ApriltagsCameraLog(1):,11,142.721631,145.058000,142.721631,145.058000,142.828063,13.251662,13.519675,1.746249,1.735642,17.613251,11642,2.159688
173838:ApriltagsCameraLog(1):,11,142.828063,144.771000,142.828063,144.771000,143.061665,13.303044,13.526550,1.744438,1.700234,17.382075,11643,2.194284
173859:ApriltagsCameraLog(1):,1,143.061665,139.609000,143.061665,139.609000,143.183282,13.531966,13.558475,1.824606,1.682333,22.636225,11648,2.478322
173860:ApriltagsCameraLog(1):,2,143.061665,140.112000,143.061665,140.112000,143.155108,13.771769,13.565890,1.841588,1.689505,25.600979,11648,2.846201
173863:ApriltagsCameraLog(1):,11,143.155108,145.228000,143.155108,145.228000,143.134289,13.345768,13.588799,1.722494,1.696971,17.989788,11644,2.237622
173878:ApriltagsCameraLog(1):,1,143.134289,139.988000,143.134289,139.988000,143.236858,13.561818,13.617054,1.814730,1.675719,21.855770,11649,2.453131
173880:ApriltagsCameraLog(1):,2,143.134289,140.340000,143.134289,140.340000,143.210006,13.809514,13.622064,1.818719,1.682733,24.845452,11649,2.802397
173881:ApriltagsCameraLog(1):,11,143.210006,144.638000,143.210006,144.638000,143.189384,13.391895,13.643990,1.706665,1.689155,17.417020,11645,2.280083
173898:ApriltagsCameraLog(1):,1,143.189384,139.180000,143.189384,139.180000,143.295716,13.614052,13.671505,1.804852,1.666556,22.867078,11650,2.415336
173900:ApriltagsCameraLog(1):,2,143.189384,139.615000,143.189384,139.615000,143.262103,13.837948,13.676133,1.826117,1.673053,26.134151,11650,2.781569
173901:ApriltagsCameraLog(1):,11,143.262103,145.450000,143.262103,145.450000,143.236219,13.422215,13.695285,1.686748,1.680266,18.915922,11646,2.315031
173919:ApriltagsCameraLog(1):,1,143.236219,140.265000,143.236219,140.265000,143.162186,13.657937,13.720029,1.779491,1.657702,20.700340,11651,2.369834
173920:ApriltagsCameraLog(1):,2,143.236219,140.642000,143.236219,140.642000,143.134899,13.901651,13.724694,1.791806,1.663625,23.520316,11651,2.709436
173938:ApriltagsCameraLog(1):,1,143.134899,140.456000,143.134899,140.456000,143.155464,13.757894,13.782664,1.750216,1.645901,19.430574,11653,2.290641
173940:ApriltagsCameraLog(1):,2,143.134899,140.450000,143.134899,140.450000,143.127566,13.986290,13.786527,1.775021,1.651714,22.857235,11653,2.627406
173942:ApriltagsCameraLog(1):,11,143.134899,145.190000,143.134899,145.190000,143.104003,13.456830,13.807207,1.663575,1.658631,19.106221,11647,2.356135
173959:ApriltagsCameraLog(1):,1,143.104003,139.868000,143.104003,139.868000,143.132992,13.792283,13.798486,1.719327,1.619650,19.813393,11654,2.246165
173960:ApriltagsCameraLog(1):,2,143.104003,141.766000,143.104003,141.766000,143.100185,14.055397,13.803585,1.727915,1.626146,19.672183,11654,2.543832
173962:ApriltagsCameraLog(1):,11,143.104003,144.792000,143.104003,144.792000,143.086577,13.500926,13.830710,1.638334,1.632141,18.979844,11648,2.404844
173978:ApriltagsCameraLog(1):,1,143.086577,140.535000,143.086577,140.535000,143.083360,13.821210,13.814984,1.711010,1.595059,18.565336,11655,2.223905
173980:ApriltagsCameraLog(1):,2,143.086577,140.837000,143.086577,140.837000,143.055140,14.048075,13.820768,1.731109,1.602350,21.330850,11655,2.551693
173982:ApriltagsCameraLog(1):,11,143.086577,145.367000,143.086577,145.367000,143.033612,13.530757,13.844062,1.614965,1.610215,20.310811,11649,2.442397
173998:ApriltagsCameraLog(1):,2,143.033612,140.972000,143.033612,140.972000,143.201067,14.097682,13.819141,1.696426,1.562639,20.419278,11656,2.491143
174000:ApriltagsCameraLog(1):,11,143.033612,145.383000,143.033612,145.383000,143.179835,13.606982,13.846811,1.573707,1.570542,21.242513,11651,2.525159
174019:ApriltagsCameraLog(1):,2,143.179835,86.911000,143.179835,86.911000,143.567731,14.097336,13.823616,1.676873,1.534570,111.717068,11657,2.482270
174020:ApriltagsCameraLog(1):,11,143.179835,145.542000,143.179835,145.542000,143.467246,13.643448,13.829062,1.551670,1.539799,21.665440,11652,2.565700
174039:ApriltagsCameraLog(1):,2,143.467246,140.434000,143.467246,140.434000,143.894644,14.151332,13.830155,1.638793,1.509805,21.298421,11658,2.417701
174040:ApriltagsCameraLog(1):,11,143.467246,145.498000,143.467246,145.498000,143.868022,13.691459,13.858973,1.542349,1.517483,21.460099,11653,2.604713
174058:ApriltagsCameraLog(1):,11,143.868022,145.788000,143.868022,145.788000,143.915553,13.701100,13.841839,1.508598,1.482315,21.538321,11654,2.633637
174079:ApriltagsCameraLog(1):,2,143.915553,140.941000,143.915553,140.941000,144.081313,14.177897,13.849377,1.595368,1.452654,20.760827,11659,2.375149
174081:ApriltagsCameraLog(1):,11,144.081313,147.123000,144.081313,147.123000,144.055356,13.727307,13.881072,1.470889,1.459067,24.027346,11655,2.677937
174098:ApriltagsCameraLog(1):,2,144.055356,83.374000,144.055356,83.374000,144.428077,14.167632,13.888090,1.596432,1.428801,113.668729,11660,2.385232
174101:ApriltagsCameraLog(1):,11,144.428077,147.398000,144.428077,147.398000,144.321704,13.754116,13.892223,1.456855,1.433070,24.177355,11656,2.705137
174118:ApriltagsCameraLog(1):,2,144.321704,141.267000,144.321704,141.267000,144.576197,14.220942,13.901109,1.549109,1.402208,20.280373,11661,2.316864
174121:ApriltagsCameraLog(1):,11,144.576197,146.859000,144.576197,146.859000,144.550597,13.775350,13.932659,1.435100,1.409123,23.188572,11657,2.734861
174139:ApriltagsCameraLog(1):,2,144.550597,141.431000,144.550597,141.431000,144.627469,14.235258,13.942785,1.513233,1.379283,20.081060,11662,2.288270
174141:ApriltagsCameraLog(1):,11,144.627469,146.453000,144.627469,146.453000,144.601584,13.779585,13.972287,1.391605,1.384627,22.646112,11658,2.768773
174158:ApriltagsCameraLog(1):,2,144.601584,142.373000,144.601584,142.373000,144.507506,14.261775,13.980586,1.501524,1.352727,18.436509,11663,2.259571
174179:ApriltagsCameraLog(1):,2,144.507506,142.322000,144.507506,142.322000,144.367629,14.305835,14.032742,1.477255,1.330497,17.877381,11665,2.208878
174199:ApriltagsCameraLog(1):,2,144.367629,142.003000,144.367629,142.003000,144.235525,14.319054,14.092415,1.445504,1.321800,17.872838,11666,2.181851
174218:ApriltagsCameraLog(1):,2,144.235525,142.107000,144.235525,142.107000,143.947650,14.336226,14.149220,1.432322,1.311427,17.319341,11667,2.159980
174238:ApriltagsCameraLog(1):,2,143.947650,141.807000,143.947650,141.807000,143.573926,14.365220,14.202976,1.429266,1.298739,17.060975,11668,2.131596
174240:ApriltagsCameraLog(1):,11,143.947650,147.608000,143.947650,147.608000,143.547024,13.845796,14.224527,1.269761,1.308703,27.656946,11663,2.905768
174258:ApriltagsCameraLog(1):,2,143.547024,141.304000,143.547024,141.304000,143.172675,14.388002,14.214719,1.406545,1.274045,16.887321,11669,2.099178
174278:ApriltagsCameraLog(1):,,,,,,142.752539,,14.270399,,1.270689,,,
174299:ApriltagsCameraLog(1):,2,143.172675,141.100000,143.172675,141.100000,142.420203,14.415159,14.302185,1.397970,1.257057,16.365707,11670,2.069499
174319:ApriltagsCameraLog(1):,2,142.420203,140.506000,142.420203,140.506000,142.061070,14.443235,14.355321,1.396532,1.253319,15.876334,11671,2.040694
174338:ApriltagsCameraLog(1):,2,142.061070,140.319000,142.061070,140.319000,141.603841,14.468192,14.406467,1.384691,1.252241,15.372968,11672,2.011527
174358:ApriltagsCameraLog(1):,2,141.603841,139.470000,141.603841,139.470000,141.387458,14.492410,14.454592,1.373470,1.251373,15.607668,11673,1.982866
174378:ApriltagsCameraLog(1):,2,141.387458,139.358000,141.387458,139.358000,141.165609,14.524120,14.499658,1.359651,1.249468,15.132388,11674,1.947430
174399:ApriltagsCameraLog(1):,2,141.165609,139.043000,141.165609,139.043000,140.918481,14.549823,14.544106,1.350536,1.247362,14.978643,11675,1.919495
174401:ApriltagsCameraLog(1):,11,140.918481,143.728000,140.918481,143.728000,140.887009,14.044644,14.553789,1.203075,1.255747,27.990534,11671,3.106419
174418:ApriltagsCameraLog(1):,2,140.887009,138.326000,140.887009,138.326000,140.700940,14.573172,14.557313,1.335311,1.240796,15.228809,11676,1.890484
174420:ApriltagsCameraLog(1):,11,140.700940,143.741000,140.700940,143.741000,140.662927,14.068519,14.568521,1.203719,1.248104,28.677884,11672,3.124018
174439:ApriltagsCameraLog(1):,2,140.662927,138.352000,140.662927,138.352000,140.511000,14.632254,14.572845,1.314757,1.233898,14.307751,11678,1.827749
