507591:ApriltagsCameraLog(1):,tag,last yaw,cam yaw,calc yaw,update yaw, est yaw,x,est x,y,est y,adjust,frame,dist
507605:ApriltagsCameraLog(1):,13,-3.736826,-0.580000,-3.736826,-3.736826,-3.773945,4.826840,4.750098,5.207427,4.497311,62.482607,61709,6.311330
507624:ApriltagsCameraLog(1):,7,-3.773945,-4.025000,-3.773945,-4.025000,-3.826446,4.532862,4.834052,4.571151,4.488830,37.491905,61717,4.946713
507626:ApriltagsCameraLog(1):,13,-3.773945,10.063000,-3.773945,-3.773945,-3.827905,5.005191,4.824991,5.126031,4.490760,109.641403,61711,6.124552
507644:ApriltagsCameraLog(1):,13,-3.827905,-0.159000,-3.827905,-3.827905,-3.862234,5.031498,4.915562,5.130188,4.470649,62.594687,61712,6.099186
507664:ApriltagsCameraLog(1):,7,-3.862234,-1.985000,-3.862234,-3.862234,-3.914618,4.582860,5.001152,4.535173,4.458417,43.981542,61718,5.003765
507665:ApriltagsCameraLog(1):,8,-3.862234,-1.324000,-3.862234,-1.324000,-3.914909,4.575738,4.991791,4.543305,4.459074,45.249247,61718,4.886126
507684:ApriltagsCameraLog(1):,7,-3.914909,-0.611000,-3.914909,-3.914909,-3.978178,4.711164,5.059290,4.522081,4.429296,50.620736,61719,5.131190
507704:ApriltagsCameraLog(1):,,,,,,-4.014209,,5.129940,,4.399535,,,
507744:ApriltagsCameraLog(1):,7,-3.978178,-1.533000,-3.978178,-3.978178,-4.088367,4.737263,5.283586,4.469113,4.337151,47.734341,61720,5.169461
507745:ApriltagsCameraLog(1):,8,-3.978178,-1.624000,-3.978178,-3.978178,-4.088773,4.698714,5.275609,4.484617,4.337219,45.866109,61720,5.015749
507747:ApriltagsCameraLog(1):,13,-4.088773,4.510000,-4.088773,-4.088773,-4.089194,5.268584,5.265967,5.024607,4.337639,81.508118,61716,5.853057
507764:ApriltagsCameraLog(1):,7,-4.089194,-2.910000,-4.089194,-4.089194,-4.108683,4.919929,5.347963,4.408456,4.318863,44.593594,61723,5.361227
507766:ApriltagsCameraLog(1):,8,-4.089194,-3.113000,-4.089194,-4.089194,-4.108926,4.912545,5.337848,4.416793,4.319337,42.692163,61723,5.236904
507784:ApriltagsCameraLog(1):,7,-4.108926,-2.247000,-4.108926,-4.108926,-4.144883,4.971101,5.404855,4.380126,4.286932,47.854791,61724,5.417899
507786:ApriltagsCameraLog(1):,8,-4.108926,-7.286000,-4.108926,-4.108926,-4.145010,4.996486,5.394830,4.381032,4.287815,52.184213,61724,5.325284
507787:ApriltagsCameraLog(1):,13,-4.145010,-0.346000,-4.145010,-4.145010,-4.145126,5.463566,5.386797,4.932344,4.288454,58.233645,61719,5.650165
507804:ApriltagsCameraLog(1):,7,-4.145126,-4.991000,-4.145126,-4.145126,-4.167283,5.052678,5.470795,4.353169,4.274492,44.499032,61725,5.503567
507806:ApriltagsCameraLog(1):,13,-4.167283,0.913000,-4.167283,-4.167283,-4.167489,5.524821,5.461534,4.897034,4.274447,62.867720,61720,5.586086
507824:ApriltagsCameraLog(1):,13,-4.167489,11.324000,-4.167489,-4.167489,-4.170427,5.705374,5.545798,4.858432,4.255577,102.534783,61721,5.402893
507845:ApriltagsCameraLog(1):,13,-4.170427,1.729000,-4.170427,-4.170427,-4.184209,5.647834,5.628063,4.837446,4.230419,64.660515,61722,5.458557
507864:ApriltagsCameraLog(1):,,,,,,-4.184231,,5.708077,,4.208075,,,
507884:ApriltagsCameraLog(1):,,,,,,-4.178738,,5.784423,,4.169157,,,
507904:ApriltagsCameraLog(1):,,,,,,-4.175992,,5.858870,,4.131167,,,
507923:ApriltagsCameraLog(1):,,,,,,-4.096341,,5.933061,,4.093341,,,
507944:ApriltagsCameraLog(1):,,,,,,-3.991971,,6.007456,,4.052077,,,
507964:ApriltagsCameraLog(1):,,,,,,-3.893094,,6.081506,,4.007677,,,
507983:ApriltagsCameraLog(1):,,,,,,-3.780484,,6.153803,,3.964452,,,
508003:ApriltagsCameraLog(1):,,,,,,-3.684353,,6.228004,,3.920301,,,
508024:ApriltagsCameraLog(1):,,,,,,-3.610196,,6.301979,,3.873958,,,
508044:ApriltagsCameraLog(1):,7,-3.780484,-1.368000,-3.780484,-3.780484,-3.527798,5.866743,6.374236,3.879190,3.828852,60.009797,61737,6.418291
508064:ApriltagsCameraLog(1):,7,-3.527798,-3.105000,-3.527798,-3.527798,-3.459309,5.914799,6.436912,3.864562,3.779730,50.814773,61738,6.469186
508084:ApriltagsCameraLog(1):,,,,,,-3.348977,,6.498719,,3.731317,,,
508104:ApriltagsCameraLog(1):,7,-3.459309,30.100000,-3.459309,-3.459309,-3.305032,5.971442,6.571673,3.807306,3.684494,214.851883,61739,6.540498
508124:ApriltagsCameraLog(1):,,,,,,-3.197809,,6.642582,,3.636722,,,
508164:ApriltagsCameraLog(1):,14,-3.305032,-0.996000,-3.305032,-0.996000,-2.967096,6.388645,6.786946,3.872380,3.535659,9.850765,61741,1.375359
508183:ApriltagsCameraLog(1):,,,,,,-2.834196,,6.848314,,3.502838,,,
508223:ApriltagsCameraLog(1):,,,,,,-2.713346,,6.984029,,3.396740,,,
508244:ApriltagsCameraLog(1):,13,-2.834196,-0.666000,-2.834196,-0.666000,-2.663908,6.904560,7.053960,4.054314,3.342173,37.161706,61741,4.192504
508264:ApriltagsCameraLog(1):,,,,,,-2.638646,,7.123628,,3.312904,,,
508284:ApriltagsCameraLog(1):,,,,,,-2.611180,,7.187791,,3.257516,,,
508306:ApriltagsCameraLog(1):,14,-2.663908,-3.475000,-2.663908,-3.475000,-2.591954,6.845582,7.252890,3.540272,3.201365,13.404818,61749,1.924892
508325:ApriltagsCameraLog(1):,,,,,,-2.681052,,7.291039,,3.167628,,,
508344:ApriltagsCameraLog(1):,13,-2.591954,-1.007000,-2.591954,-1.007000,-2.848594,7.269092,7.355495,3.770403,3.105931,32.339010,61747,3.864333
508363:ApriltagsCameraLog(1):,,,,,,-3.033766,,7.421993,,3.069880,,,
508383:ApriltagsCameraLog(1):,,,,,,-3.355116,,7.483966,,3.003921,,,
508404:ApriltagsCameraLog(1):,,,,,,-3.550123,,7.541698,,2.941835,,,
508424:ApriltagsCameraLog(1):,,,,,,-3.736891,,7.598101,,2.874162,,,
508443:ApriltagsCameraLog(1):,,,,,,-3.995069,,7.654357,,2.805978,,,
508464:ApriltagsCameraLog(1):,,,,,,-4.159864,,7.704744,,2.736822,,,
508486:ApriltagsCameraLog(1):,,,,,,-4.390577,,7.755640,,2.666543,,,
508504:ApriltagsCameraLog(1):,,,,,,-4.453748,,7.806458,,2.595837,,,
508524:ApriltagsCameraLog(1):,13,-4.159864,-1.944000,-4.159864,-1.944000,-4.555372,7.749970,7.856541,3.277735,2.526087,30.787413,61756,3.525352
508544:ApriltagsCameraLog(1):,,,,,,-4.586544,,7.902540,,2.488595,,,
508564:ApriltagsCameraLog(1):,,,,,,-4.644222,,7.943569,,2.411454,,,
508584:ApriltagsCameraLog(1):,,,,,,-4.690914,,7.983875,,2.335289,,,
508604:ApriltagsCameraLog(1):,,,,,,-4.671688,,8.024289,,2.258837,,,
508626:ApriltagsCameraLog(1):,,,,,,-4.646969,,8.062023,,2.178841,,,
508644:ApriltagsCameraLog(1):,,,,,,-4.641475,,8.098947,,2.100801,,,
508666:ApriltagsCameraLog(1):,,,,,,-4.586544,,8.135476,,2.021866,,,
508684:ApriltagsCameraLog(1):,,,,,,-4.559078,,8.172170,,1.942672,,,
508704:ApriltagsCameraLog(1):,,,,,,-4.512386,,8.208703,,1.864072,,,
508724:ApriltagsCameraLog(1):,,,,,,-4.473934,,8.245651,,1.784660,,,
508744:ApriltagsCameraLog(1):,,,,,,-4.427242,,8.287028,,1.708307,,,
508764:ApriltagsCameraLog(1):,,,,,,-4.402523,,8.333345,,1.635788,,,
508784:ApriltagsCameraLog(1):,,,,,,-4.394283,,8.380130,,1.562503,,,
508803:ApriltagsCameraLog(1):,,,,,,-4.429989,,8.426206,,1.490192,,,
508823:ApriltagsCameraLog(1):,,,,,,-4.515133,,8.478935,,1.424709,,,
508843:ApriltagsCameraLog(1):,,,,,,-4.556331,,8.531937,,1.359049,,,
508864:ApriltagsCameraLog(1):,,,,,,-4.666195,,8.591439,,1.302801,,,
508884:ApriltagsCameraLog(1):,,,,,,-4.748592,,8.649184,,1.247734,,,
508903:ApriltagsCameraLog(1):,,,,,,-4.789791,,8.705673,,1.193500,,,
508924:ApriltagsCameraLog(1):,,,,,,-4.800777,,8.761973,,1.139050,,,
508944:ApriltagsCameraLog(1):,,,,,,-4.592037,,8.822980,,1.099421,,,
508964:ApriltagsCameraLog(1):,,,,,,-4.221248,,8.889058,,1.068435,,,
508984:ApriltagsCameraLog(1):,,,,,,-3.768062,,8.954763,,1.038725,,,
509003:ApriltagsCameraLog(1):,,,,,,-3.103390,,9.018155,,1.011081,,,
509024:ApriltagsCameraLog(1):,,,,,,-2.120113,,9.084519,,0.987440,,,
509044:ApriltagsCameraLog(1):,,,,,,-1.013241,,9.151316,,0.965045,,,
509064:ApriltagsCameraLog(1):,,,,,,0.291386,,9.216304,,0.952346,,,
509084:ApriltagsCameraLog(1):,,,,,,1.922856,,9.281577,,0.941015,,,
509103:ApriltagsCameraLog(1):,,,,,,3.719120,,9.348303,,0.931155,,,
509123:ApriltagsCameraLog(1):,,,,,,5.707646,,9.412679,,0.923711,,,
509143:ApriltagsCameraLog(1):,,,,,,8.039494,,9.476702,,0.923493,,,
509164:ApriltagsCameraLog(1):,,,,,,10.593815,,9.540960,,0.923855,,,
509185:ApriltagsCameraLog(1):,,,,,,13.392582,,9.603942,,0.927429,,,
509204:ApriltagsCameraLog(1):,,,,,,16.548405,,9.667579,,0.933993,,,
509224:ApriltagsCameraLog(1):,,,,,,19.899235,,9.728337,,0.937036,,,
509244:ApriltagsCameraLog(1):,,,,,,23.362675,,9.788199,,0.943958,,,
509265:ApriltagsCameraLog(1):,,,,,,26.949711,,9.849192,,0.953473,,,
509286:ApriltagsCameraLog(1):,,,,,,30.528507,,9.908238,,0.965533,,,
509304:ApriltagsCameraLog(1):,,,,,,33.736515,,9.966898,,0.981700,,,
509324:ApriltagsCameraLog(1):,,,,,,37.172489,,10.025161,,1.001134,,,
509343:ApriltagsCameraLog(1):,,,,,,41.144047,,10.084788,,1.019036,,,
509363:ApriltagsCameraLog(1):,,,,,,45.393009,,10.143939,,1.033780,,,
509384:ApriltagsCameraLog(1):,,,,,,49.754582,,10.203297,,1.053140,,,
509403:ApriltagsCameraLog(1):,,,,,,54.217777,,10.259834,,1.076019,,,
509423:ApriltagsCameraLog(1):,,,,,,58.606816,,10.314511,,1.094822,,,
509444:ApriltagsCameraLog(1):,,,,,,63.017826,,10.368072,,1.117745,,,
509464:ApriltagsCameraLog(1):,,,,,,67.340946,,10.417802,,1.136623,,,
509483:ApriltagsCameraLog(1):,,,,,,71.699772,,10.461925,,1.158849,,,
509504:ApriltagsCameraLog(1):,,,,,,76.176701,,10.511218,,1.183717,,,
509524:ApriltagsCameraLog(1):,,,,,,80.727787,,10.563229,,1.213474,,,
509543:ApriltagsCameraLog(1):,,,,,,85.116825,,10.619962,,1.241119,,,
509564:ApriltagsCameraLog(1):,,,,,,89.321842,,10.680902,,1.264639,,,
509583:ApriltagsCameraLog(1):,,,,,,93.351078,,10.740448,,1.292369,,,
509604:ApriltagsCameraLog(1):,,,,,,97.155094,,10.797398,,1.323821,,,
509624:ApriltagsCameraLog(1):,,,,,,100.810795,,10.855386,,1.349875,,,
509644:ApriltagsCameraLog(1):,,,,,,104.293461,,10.911396,,1.378898,,,
509663:ApriltagsCameraLog(1):,,,,,,107.600346,,10.967277,,1.399727,,,
509683:ApriltagsCameraLog(1):,,,,,,110.745182,,11.023813,,1.423662,,,
509704:ApriltagsCameraLog(1):,,,,,,113.725224,,11.079282,,1.450346,,,
509723:ApriltagsCameraLog(1):,,,,,,116.521244,,11.134144,,1.479861,,,
509743:ApriltagsCameraLog(1):,,,,,,119.034367,,11.197779,,1.498158,,,
509763:ApriltagsCameraLog(1):,,,,,,121.198673,,11.270332,,1.503463,,,
509783:ApriltagsCameraLog(1):,,,,,,123.030644,,11.343195,,1.511670,,,
509804:ApriltagsCameraLog(1):,,,,,,124.640141,,11.417046,,1.521864,,,
509824:ApriltagsCameraLog(1):,,,,,,126.260624,,11.493226,,1.522917,,,
509844:ApriltagsCameraLog(1):,,,,,,127.801457,,11.569654,,1.526176,,,
509863:ApriltagsCameraLog(1):,,,,,,129.232426,,11.645277,,1.524436,,,
509883:ApriltagsCameraLog(1):,,,,,,130.575504,,11.722101,,1.524447,,,
509903:ApriltagsCameraLog(1):,,,,,,131.720829,,11.796244,,1.525783,,,
509924:ApriltagsCameraLog(1):,1,127.801457,83.081000,127.801457,83.081000,132.943058,11.449790,11.873010,1.754576,1.529129,156.735371,61830,3.955365
509944:ApriltagsCameraLog(1):,,,,,,133.533348,,11.947116,,1.528306,,,
509964:ApriltagsCameraLog(1):,,,,,,134.236473,,12.023309,,1.515230,,,
509983:ApriltagsCameraLog(1):,,,,,,134.851707,,12.096961,,1.503353,,,
510005:ApriltagsCameraLog(1):,1,133.533348,116.333000,133.533348,116.333000,135.346092,11.786512,12.168940,1.704582,1.492513,71.645837,61835,3.667506
510024:ApriltagsCameraLog(1):,,,,,,135.821927,,12.233763,,1.483501,,,
510044:ApriltagsCameraLog(1):,1,135.346092,120.293000,135.346092,120.293000,136.406949,11.811540,12.304094,1.643106,1.469118,65.096771,61836,3.622941
510063:ApriltagsCameraLog(1):,,,,,,136.950840,,12.364032,,1.456107,,,
510104:ApriltagsCameraLog(1):,1,136.950840,115.849000,136.950840,115.849000,137.901157,12.202943,12.496842,1.620759,1.427299,72.437498,61841,3.286303
510127:ApriltagsCameraLog(1):,,,,,,138.204685,,12.556275,,1.417252,,,
510150:ApriltagsCameraLog(1):,1,137.901157,120.897000,137.901157,120.897000,138.479343,12.206493,12.616875,1.591439,1.407240,62.571103,61842,3.271364
510164:ApriltagsCameraLog(1):,1,138.479343,118.624000,138.479343,118.624000,138.659647,12.307447,12.666956,1.556704,1.403451,66.765969,61843,3.170395
510184:ApriltagsCameraLog(1):,1,138.659647,120.263000,138.659647,120.263000,138.786018,12.362450,12.716132,1.546908,1.399180,62.358294,61844,3.119967
510205:ApriltagsCameraLog(1):,1,138.786018,119.249000,138.786018,119.249000,138.731343,12.448440,12.762856,1.527381,1.394974,62.935090,61845,3.038399
510224:ApriltagsCameraLog(1):,14,138.731343,142.864000,138.731343,138.731343,138.805133,11.711924,12.812691,1.210200,1.393680,74.483017,61840,6.962846
510264:ApriltagsCameraLog(1):,1,138.805133,121.429000,138.805133,121.429000,139.344189,12.536385,12.902798,1.550440,1.385647,57.048489,61847,2.979846
510285:ApriltagsCameraLog(1):,14,139.344189,139.616000,139.344189,139.344189,139.583335,11.711692,12.955701,1.305203,1.390142,53.820724,61842,6.924566
510307:ApriltagsCameraLog(1):,1,139.583335,119.936000,139.583335,119.936000,139.940359,12.666144,12.980512,1.481339,1.387944,58.402909,61849,2.837401
510324:ApriltagsCameraLog(1):,1,139.940359,120.843000,139.940359,120.843000,140.254783,12.776856,13.037786,1.486633,1.391206,55.364307,61851,2.753408
510344:ApriltagsCameraLog(1):,1,140.254783,118.308000,140.254783,118.308000,140.657594,12.814892,13.095697,1.529583,1.395685,60.730625,61852,2.751242
510364:ApriltagsCameraLog(1):,1,140.657594,121.282000,140.657594,121.282000,141.125872,12.877081,13.153935,1.498480,1.401390,54.281910,61853,2.684822
510384:ApriltagsCameraLog(1):,1,141.125872,121.783000,141.125872,121.783000,141.508001,12.954775,13.210630,1.478700,1.406848,52.557457,61854,2.613936
510404:ApriltagsCameraLog(1):,1,141.508001,122.738000,141.508001,122.738000,141.791994,12.998420,13.267894,1.511393,1.411861,51.282997,61855,2.603145
510423:ApriltagsCameraLog(1):,,,,,,142.043391,,13.326311,,1.416970,,,
510444:ApriltagsCameraLog(1):,,,,,,142.353755,,13.386929,,1.419307,,,
510463:ApriltagsCameraLog(1):,,,,,,142.617427,,13.446792,,1.418564,,,
510504:ApriltagsCameraLog(1):,1,141.791994,123.477000,141.791994,123.477000,143.183223,13.174504,13.565318,1.545387,1.417809,48.069133,61858,2.497071
510524:ApriltagsCameraLog(1):,1,143.183223,124.736000,143.183223,124.736000,143.460803,13.292425,13.618249,1.519197,1.421762,46.067193,61860,2.399239
510526:ApriltagsCameraLog(1):,2,143.183223,171.773000,143.183223,171.773000,143.384123,13.472032,13.612342,1.570506,1.425161,81.010634,61860,2.999096
510544:ApriltagsCameraLog(1):,1,143.384123,124.724000,143.384123,124.724000,143.794295,13.406337,13.672188,1.532835,1.421004,44.854387,61862,2.331306
510565:ApriltagsCameraLog(1):,1,143.794295,121.341000,143.794295,121.341000,144.026409,13.424407,13.721511,1.551817,1.409273,50.871863,61863,2.334426
510584:ApriltagsCameraLog(1):,1,144.026409,125.589000,144.026409,125.589000,144.245824,13.513896,13.769045,1.529997,1.398035,42.877396,61864,2.259727
510607:ApriltagsCameraLog(1):,1,144.245824,124.458000,144.245824,124.458000,144.563937,13.542251,13.816546,1.541043,1.389509,44.692500,61865,2.250452
510625:ApriltagsCameraLog(1):,1,144.563937,126.493000,144.563937,126.493000,144.818947,13.612699,13.859757,1.512005,1.372996,40.626848,61866,2.184115
510627:ApriltagsCameraLog(1):,11,144.563937,147.529000,144.563937,147.529000,144.733671,13.316046,13.853831,1.249933,1.376335,22.933696,61860,2.586105
510644:ApriltagsCameraLog(1):,1,144.733671,125.576000,144.733671,125.576000,145.088403,13.645365,13.878397,1.538148,1.340069,42.214172,61867,2.184737
510646:ApriltagsCameraLog(1):,11,145.088403,147.821000,145.088403,147.821000,145.000154,13.411827,13.872541,1.230388,1.345587,23.224290,61862,2.655003
510664:ApriltagsCameraLog(1):,1,145.000154,126.148000,145.000154,126.148000,145.139883,13.713298,13.887011,1.492490,1.308342,39.995185,61868,2.107764
510666:ApriltagsCameraLog(1):,11,145.139883,149.086000,145.139883,149.086000,145.047954,13.448037,13.884216,1.204979,1.315501,25.901892,61863,2.696604
510684:ApriltagsCameraLog(1):,1,145.047954,126.916000,145.047954,126.916000,145.290417,13.772511,13.898252,1.480296,1.282297,37.983857,61869,2.062754
510686:ApriltagsCameraLog(1):,11,145.290417,148.836000,145.290417,148.836000,145.196339,13.480961,13.895780,1.184618,1.288726,25.540179,61864,2.731873
510704:ApriltagsCameraLog(1):,1,145.196339,127.236000,145.196339,127.236000,145.532240,13.816518,13.906341,1.456690,1.258039,36.755211,61870,2.018185
510724:ApriltagsCameraLog(1):,11,145.532240,147.751000,145.532240,147.751000,145.688984,13.531282,13.936903,1.154823,1.247559,23.555894,61865,2.784808
510744:ApriltagsCameraLog(1):,1,145.688984,126.747000,145.688984,126.747000,145.830991,13.847274,13.943072,1.436907,1.217240,37.283418,61871,1.985265
510764:ApriltagsCameraLog(1):,,,,,,145.714101,,13.967119,,1.206951,,,
510784:ApriltagsCameraLog(1):,,,,,,145.741567,,13.981682,,1.196697,,,
510803:ApriltagsCameraLog(1):,,,,,,145.804738,,13.991130,,1.190186,,,
510824:ApriltagsCameraLog(1):,,,,,,145.801991,,13.999593,,1.183003,,,
510844:ApriltagsCameraLog(1):,,,,,,145.689382,,14.005572,,1.178000,,,
510864:ApriltagsCameraLog(1):,,,,,,145.480641,,14.009106,,1.176209,,,
510883:ApriltagsCameraLog(1):,,,,,,145.321340,,14.009505,,1.177519,,,
510904:ApriltagsCameraLog(1):,,,,,,145.096120,,14.008290,,1.180459,,,
510924:ApriltagsCameraLog(1):,,,,,,144.706105,,14.006878,,1.184721,,,
510943:ApriltagsCameraLog(1):,,,,,,144.294118,,14.004296,,1.194585,,,
510963:ApriltagsCameraLog(1):,,,,,,143.953542,,13.999009,,1.207451,,,
510984:ApriltagsCameraLog(1):,11,144.706105,148.279000,144.706105,148.279000,143.571767,13.860380,13.992201,0.919123,1.222228,30.418266,61879,3.176380
511003:ApriltagsCameraLog(1):,,,,,,143.182390,,13.975902,,1.220050,,,
511044:ApriltagsCameraLog(1):,,,,,,142.484758,,13.958601,,1.257038,,,
511065:ApriltagsCameraLog(1):,,,,,,142.141435,,13.943242,,1.279253,,,
511083:ApriltagsCameraLog(1):,,,,,,141.798112,,13.927817,,1.301800,,,
511124:ApriltagsCameraLog(1):,2,142.484758,54.388000,142.484758,54.388000,140.921953,14.318409,13.894026,1.291312,1.353312,135.962306,61890,2.107503
511143:ApriltagsCameraLog(1):,,,,,,140.529121,,13.872021,,1.389182,,,
511163:ApriltagsCameraLog(1):,,,,,,140.270942,,13.844097,,1.417567,,,
511184:ApriltagsCameraLog(1):,,,,,,139.913887,,13.814995,,1.446916,,,
511203:ApriltagsCameraLog(1):,,,,,,139.589790,,13.781260,,1.481784,,,
511224:ApriltagsCameraLog(1):,11,140.529121,143.971000,140.529121,143.971000,139.246467,13.804831,13.743695,0.954108,1.514640,29.650759,61890,3.132312
511244:ApriltagsCameraLog(1):,2,139.246467,52.812000,139.246467,52.812000,138.922269,14.274740,13.704116,1.411816,1.518766,139.503324,61896,2.183266
511284:ApriltagsCameraLog(1):,1,138.922269,121.450000,138.922269,121.450000,138.223221,14.106837,13.621468,1.336610,1.591836,30.184844,61899,1.748423
511286:ApriltagsCameraLog(1):,11,138.922269,143.211000,138.922269,143.211000,138.108005,13.725630,13.646020,0.970247,1.585198,30.893117,61892,3.077577
511304:ApriltagsCameraLog(1):,11,138.108005,142.699000,138.108005,142.699000,137.917361,13.664831,13.570208,1.011823,1.600017,30.770728,61894,3.011106
511324:ApriltagsCameraLog(1):,1,137.917361,120.640000,137.917361,120.640000,137.602531,14.090677,13.522528,1.380991,1.607709,30.943787,61900,1.793016
511368:ApriltagsCameraLog(1):,,,,,,136.690673,,13.422593,,1.692292,,,
511385:ApriltagsCameraLog(1):,1,137.602531,120.247000,137.602531,120.247000,136.520385,14.029489,13.395140,1.420142,1.710364,32.417119,61902,1.856287
511405:ApriltagsCameraLog(1):,11,136.520385,141.964000,136.520385,141.964000,136.049732,13.522802,13.370097,1.100674,1.740884,30.722902,61898,2.861699
511425:ApriltagsCameraLog(1):,1,136.049732,119.538000,136.049732,119.538000,135.756161,13.938002,13.312191,1.505906,1.744234,33.886014,61905,1.972690
511428:ApriltagsCameraLog(1):,11,135.756161,140.989000,135.756161,140.989000,135.654636,13.436674,13.338756,1.143313,1.742591,29.306559,61900,2.779883
511444:ApriltagsCameraLog(1):,1,135.654636,118.897000,135.654636,118.897000,135.376805,13.849987,13.276618,1.561763,1.747207,36.175657,61907,2.064969
511447:ApriltagsCameraLog(1):,11,135.376805,140.517000,135.376805,140.517000,135.281727,13.372480,13.299562,1.201168,1.745743,28.126760,61902,2.697193
511465:ApriltagsCameraLog(1):,1,135.281727,119.275000,135.281727,119.275000,134.992624,13.819791,13.236594,1.579222,1.746655,35.780515,61908,2.094772
511467:ApriltagsCameraLog(1):,11,134.992624,139.625000,134.992624,139.625000,134.900859,13.337649,13.260294,1.234490,1.746659,26.649816,61903,2.651614
511484:ApriltagsCameraLog(1):,1,134.900859,116.870000,134.900859,116.870000,134.565465,13.761276,13.196109,1.615301,1.749660,39.929466,61909,2.155603
511486:ApriltagsCameraLog(1):,11,134.565465,139.976000,134.565465,139.976000,134.473084,13.272597,13.215934,1.245782,1.750580,27.519129,61904,2.607168
511505:ApriltagsCameraLog(1):,1,134.473084,118.968000,134.473084,118.968000,134.174943,13.734830,13.146844,1.636764,1.756821,36.968363,61910,2.186813
511506:ApriltagsCameraLog(1):,11,134.174943,139.505000,134.174943,139.505000,134.088411,13.236588,13.169264,1.278106,1.759264,26.821144,61905,2.561974
511546:ApriltagsCameraLog(1):,1,134.088411,117.791000,134.088411,117.791000,133.334713,13.671629,13.038360,1.661963,1.797943,39.270463,61911,2.241651
511565:ApriltagsCameraLog(1):,11,133.334713,139.958000,133.334713,139.958000,132.848255,13.154788,12.991061,1.285328,1.829305,28.455743,61906,2.514750
511584:ApriltagsCameraLog(1):,1,132.848255,117.536000,132.848255,117.536000,132.496605,13.591516,12.916476,1.725055,1.832948,39.694190,61913,2.335226
511604:ApriltagsCameraLog(1):,1,132.496605,114.150000,132.496605,114.150000,132.019178,13.539418,12.871349,1.755609,1.865987,45.672433,61914,2.389017
511612:ApriltagsCameraLog(1):,11,132.496605,137.622000,132.496605,137.622000,131.935212,13.057212,12.889800,1.331134,1.869966,24.841044,61908,2.427925
511624:ApriltagsCameraLog(1):,1,131.935212,119.625000,131.935212,119.625000,131.658289,13.351412,12.795570,1.821266,1.865574,38.852325,61917,2.551824
511626:ApriltagsCameraLog(1):,11,131.935212,137.357000,131.935212,137.357000,131.593435,12.905325,12.816864,1.405976,1.868141,23.615819,61911,2.289160
511645:ApriltagsCameraLog(1):,1,131.593435,115.390000,131.593435,115.390000,131.334230,13.278868,12.723720,1.831864,1.863924,46.724597,61918,2.603935
511647:ApriltagsCameraLog(1):,11,131.593435,137.047000,131.593435,137.047000,131.263796,12.864779,12.741903,1.434027,1.867815,23.137032,61912,2.246496
511664:ApriltagsCameraLog(1):,11,131.263796,136.350000,131.263796,136.350000,131.026859,12.797613,12.650464,1.455469,1.864046,21.994813,61913,2.197428
511685:ApriltagsCameraLog(1):,1,131.026859,114.317000,131.026859,114.317000,130.567983,13.239976,12.578292,1.873406,1.864010,48.797517,61919,2.658685
511688:ApriltagsCameraLog(1):,11,130.567983,136.064000,130.567983,136.064000,130.497290,12.733774,12.596249,1.463823,1.870141,22.180540,61914,2.164213
511704:ApriltagsCameraLog(1):,1,130.497290,115.045000,130.497290,115.045000,130.376588,13.189769,12.521877,1.868788,1.871333,47.036118,61920,2.685014
511724:ApriltagsCameraLog(1):,11,130.376588,134.896000,130.376588,134.896000,129.972901,12.671574,12.468188,1.497922,1.907105,20.123135,61915,2.107434
511744:ApriltagsCameraLog(1):,1,129.972901,112.973000,129.972901,112.973000,129.656371,13.129589,12.391881,1.920022,1.908300,51.536947,61921,2.760979
511764:ApriltagsCameraLog(1):,11,129.656371,133.605000,129.656371,133.605000,129.266224,12.549161,12.335729,1.538787,1.942972,18.398289,61917,2.023754
511784:ApriltagsCameraLog(1):,1,129.266224,112.474000,129.266224,112.474000,129.003536,13.003708,12.260634,1.958541,1.941078,53.467607,61923,2.869549
511804:ApriltagsCameraLog(1):,1,129.003536,113.363000,129.003536,113.363000,128.616765,12.862464,12.202950,1.986600,1.977061,53.520121,61925,2.984156
511806:ApriltagsCameraLog(1):,11,129.003536,132.754000,129.003536,132.754000,128.557485,12.465114,12.220238,1.552255,1.982363,17.690285,61918,1.983153
511824:ApriltagsCameraLog(1):,,,,,,128.336008,,12.126209,,1.974639,,,
511845:ApriltagsCameraLog(1):,1,128.557485,113.886000,128.557485,113.886000,128.003671,12.823471,12.050891,2.008540,2.003479,52.304111,61926,3.025029
511864:ApriltagsCameraLog(1):,1,128.003671,119.615000,128.003671,119.615000,127.597395,12.659246,11.993696,2.060079,2.039370,41.174109,61928,3.173877
511884:ApriltagsCameraLog(1):,1,127.597395,114.068000,127.597395,114.068000,127.219601,12.598676,11.939380,2.089281,2.075684,53.846707,61929,3.235608
511904:ApriltagsCameraLog(1):,1,127.219601,110.761000,127.219601,110.761000,126.851784,12.521725,11.879301,2.109526,2.111747,61.977027,61930,3.303019
511924:ApriltagsCameraLog(1):,,,,,,126.492471,,11.816579,,2.147688,,,
511945:ApriltagsCameraLog(1):,1,126.851784,112.433000,126.851784,112.433000,126.022805,12.473042,11.741429,2.126369,2.181458,58.080055,61931,3.348124
511984:ApriltagsCameraLog(1):,1,126.022805,113.012000,126.022805,113.012000,125.403425,12.366851,11.609450,2.144640,2.256539,56.315315,61933,3.434178
512004:ApriltagsCameraLog(1):,1,125.403425,111.175000,125.403425,111.175000,124.872447,12.218816,11.556556,2.200772,2.293775,62.092437,61935,3.578491
512024:ApriltagsCameraLog(1):,1,124.872447,110.292000,124.872447,110.292000,124.180063,12.063439,11.501294,2.258669,2.333452,65.988456,61937,3.730739
512044:ApriltagsCameraLog(1):,,,,,,123.300310,,11.444525,,2.373847,,,
512065:ApriltagsCameraLog(1):,1,124.180063,102.236000,124.180063,102.236000,122.349992,11.983574,11.379856,2.313157,2.417856,88.128259,61938,3.823538
512084:ApriltagsCameraLog(1):,1,122.349992,98.097000,122.349992,98.097000,121.264068,11.930679,11.325842,2.426062,2.464080,97.395403,61939,3.929266
512103:ApriltagsCameraLog(1):,,,,,,120.038791,,11.272974,,2.512795,,,
512124:ApriltagsCameraLog(1):,,,,,,118.635288,,11.213754,,2.558670,,,
512145:ApriltagsCameraLog(1):,1,121.264068,97.915000,121.264068,97.915000,116.907688,11.667514,11.157824,2.352021,2.608332,98.776121,61942,4.077357
512164:ApriltagsCameraLog(1):,1,116.907688,95.504000,116.907688,95.504000,114.818577,11.711039,11.109344,2.554831,2.655341,94.903116,61943,4.152547
512184:ApriltagsCameraLog(1):,,,,,,112.406141,,11.065939,,2.707278,,,
512204:ApriltagsCameraLog(1):,,,,,,109.832594,,11.014539,,2.759463,,,
512223:ApriltagsCameraLog(1):,,,,,,107.151930,,10.964901,,2.812449,,,
512244:ApriltagsCameraLog(1):,,,,,,104.246046,,10.920079,,2.865706,,,
512264:ApriltagsCameraLog(1):,,,,,,101.150648,,10.878514,,2.922883,,,
512284:ApriltagsCameraLog(1):,,,,,,97.981092,,10.840821,,2.980923,,,
512303:ApriltagsCameraLog(1):,,,,,,94.723646,,10.806763,,3.040846,,,
512324:ApriltagsCameraLog(1):,,,,,,91.331617,,10.775697,,3.103025,,,
512344:ApriltagsCameraLog(1):,,,,,,87.956068,,10.746330,,3.164905,,,
512363:ApriltagsCameraLog(1):,,,,,,84.498121,,10.717073,,3.223927,,,
512383:ApriltagsCameraLog(1):,,,,,,80.982496,,10.690651,,3.285474,,,
512403:ApriltagsCameraLog(1):,,,,,,77.398206,,10.667790,,3.347464,,,
512423:ApriltagsCameraLog(1):,,,,,,73.769972,,10.643690,,3.408140,,,
512444:ApriltagsCameraLog(1):,,,,,,70.042860,,10.622939,,3.470361,,,
512463:ApriltagsCameraLog(1):,,,,,,66.293775,,10.600102,,3.534563,,,
512483:ApriltagsCameraLog(1):,,,,,,62.522718,,10.582409,,3.597909,,,
512504:ApriltagsCameraLog(1):,13,66.293775,63.641000,66.293775,63.641000,58.726942,10.220730,10.568299,2.915623,3.663942,9.832585,61955,1.346386
512523:ApriltagsCameraLog(1):,,,,,,54.819882,,10.501373,,3.632742,,,
512544:ApriltagsCameraLog(1):,,,,,,50.873043,,10.487830,,3.696430,,,
512564:ApriltagsCameraLog(1):,,,,,,46.904232,,10.469894,,3.756932,,,
512584:ApriltagsCameraLog(1):,13,54.819882,55.140000,54.819882,55.140000,42.921688,10.131538,10.455633,3.107410,3.819833,7.558634,61958,1.290522
512607:ApriltagsCameraLog(1):,,,,,,38.990027,,10.376398,,3.778262,,,
512624:ApriltagsCameraLog(1):,13,42.921688,51.837000,42.921688,51.837000,35.089880,9.980747,10.360733,3.330586,3.842491,13.736902,61959,1.282790
512644:ApriltagsCameraLog(1):,13,35.089880,47.932000,35.089880,47.932000,31.539116,9.906586,10.298441,3.474069,3.874533,16.653654,61960,1.286346
512663:ApriltagsCameraLog(1):,,,,,,28.192605,,10.237653,,3.924351,,,
512684:ApriltagsCameraLog(1):,,,,,,24.460000,,10.225588,,3.994059,,,
512703:ApriltagsCameraLog(1):,,,,,,20.502176,,10.217982,,4.064689,,,
512723:ApriltagsCameraLog(1):,,,,,,16.648721,,10.215291,,4.134802,,,
512743:ApriltagsCameraLog(1):,,,,,,12.968301,,10.207238,,4.203454,,,
512765:ApriltagsCameraLog(1):,,,,,,7.878885,,10.195928,,4.267378,,,
512785:ApriltagsCameraLog(1):,,,,,,6.338052,,10.187665,,4.335062,,,
512806:ApriltagsCameraLog(1):,,,,,,1.968240,,10.161343,,4.425870,,,
512824:ApriltagsCameraLog(1):,,,,,,0.649881,,10.155230,,4.476001,,,
512843:ApriltagsCameraLog(1):,,,,,,-1.879721,,10.144092,,4.547611,,,
512864:ApriltagsCameraLog(1):,13,1.968240,0.033000,1.968240,0.033000,-4.184104,9.825236,10.119355,4.021626,4.621680,8.708023,61973,1.287008
512884:ApriltagsCameraLog(1):,13,-4.184104,2.821000,-4.184104,2.821000,-6.237562,9.843164,10.042528,4.185510,4.616026,12.120893,61974,1.265975
512905:ApriltagsCameraLog(1):,13,-6.237562,0.260000,-6.237562,0.260000,-7.878952,9.839036,9.989279,4.256103,4.655228,11.825448,61975,1.271000
512925:ApriltagsCameraLog(1):,13,-7.878952,-1.655000,-7.878952,-1.655000,-9.645230,9.815554,9.944843,4.294401,4.699563,11.997419,61976,1.299360
512944:ApriltagsCameraLog(1):,13,-9.645230,-2.925000,-9.645230,-2.925000,-10.573482,9.805901,9.900518,4.378997,4.740433,12.554647,61977,1.313582
512965:ApriltagsCameraLog(1):,13,-10.573482,-4.783000,-10.573482,-4.783000,-11.858913,9.763849,9.854679,4.428672,4.785133,12.444850,61978,1.360154
512985:ApriltagsCameraLog(1):,13,-11.858913,-5.749000,-11.858913,-5.749000,-12.411514,9.745297,9.808488,4.484926,4.834005,13.044980,61979,1.387186
513004:ApriltagsCameraLog(1):,13,-12.411514,-6.511000,-12.411514,-6.511000,-13.137279,9.737372,9.766301,4.540710,4.884191,13.060011,61980,1.401697
513024:ApriltagsCameraLog(1):,13,-13.137279,-7.669000,-13.137279,-7.669000,-13.652298,9.696096,9.717236,4.604313,4.938084,13.343212,61981,1.453272
513044:ApriltagsCameraLog(1):,7,-13.652298,-13.989000,-13.652298,-13.652298,-14.101651,9.163190,9.667244,3.516173,4.993113,76.798943,61987,9.662167
513046:ApriltagsCameraLog(1):,13,-14.101651,-7.927000,-14.101651,-7.927000,-14.104332,9.678294,9.652683,4.691528,4.960644,14.417405,61982,1.489198
513065:ApriltagsCameraLog(1):,,,,,,-14.368403,,9.603198,,5.019695,,,
513085:ApriltagsCameraLog(1):,13,-14.104332,-8.685000,-14.104332,-8.685000,-14.555170,9.626008,9.562091,4.733554,5.089327,14.475586,61983,1.548493
513104:ApriltagsCameraLog(1):,7,-14.555170,-14.803000,-14.555170,-14.555170,-14.506162,9.088772,9.511798,3.849261,5.147071,74.908953,61990,9.512173
513106:ApriltagsCameraLog(1):,13,-14.506162,-11.346000,-14.506162,-11.346000,-14.507298,9.519556,9.499774,4.894099,5.119165,13.868251,61986,1.692257
513124:ApriltagsCameraLog(1):,,,,,,-14.444160,,9.451323,,5.177676,,,
513144:ApriltagsCameraLog(1):,13,-14.507298,-9.547000,-14.507298,-9.547000,-14.361763,9.505798,9.407058,4.942298,5.246406,16.089368,61987,1.719339
513164:ApriltagsCameraLog(1):,13,-14.361763,-11.024000,-14.361763,-11.024000,-14.147634,9.445550,9.359078,5.007885,5.298857,15.165990,61988,1.796339
513184:ApriltagsCameraLog(1):,13,-14.147634,-9.251000,-14.147634,-9.251000,-13.933565,9.417040,9.307934,5.057355,5.353062,17.443292,61989,1.838694
513204:ApriltagsCameraLog(1):,13,-13.933565,-9.817000,-13.933565,-9.817000,-13.717322,9.381334,9.258992,5.121398,5.408030,17.152501,61990,1.893827
513224:ApriltagsCameraLog(1):,13,-13.717322,-11.972000,-13.717322,-11.972000,-13.519810,9.319864,9.210394,5.178199,5.461784,14.997362,61991,1.971099
513244:ApriltagsCameraLog(1):,,,,,,-13.338725,,9.160310,,5.513360,,,
513264:ApriltagsCameraLog(1):,13,-13.519810,-9.397000,-13.519810,-9.397000,-13.195903,9.300887,9.108461,5.227566,5.581332,18.438350,61992,2.006965
513284:ApriltagsCameraLog(1):,,,,,,-13.012835,,9.058842,,5.635648,,,
513304:ApriltagsCameraLog(1):,13,-13.195903,-9.804000,-13.195903,-9.804000,-12.864519,9.231674,9.007528,5.304495,5.702127,18.482536,61993,2.100160
513326:ApriltagsCameraLog(1):,,,,,,-12.559410,,8.956472,,5.756950,,,
513344:ApriltagsCameraLog(1):,13,-12.864519,-8.998000,-12.864519,-8.998000,-12.471519,9.181878,8.903175,5.401775,5.824945,20.086986,61995,2.185745
513363:ApriltagsCameraLog(1):,,,,,,-12.274682,,8.855469,,5.878494,,,
513384:ApriltagsCameraLog(1):,13,-12.471519,-9.097000,-12.471519,-9.097000,-12.093407,9.092456,8.802527,5.517444,5.945233,20.775296,61997,2.316686
513404:ApriltagsCameraLog(1):,,,,,,-11.866207,,8.754451,,5.999145,,,
513424:ApriltagsCameraLog(1):,13,-12.093407,-7.801000,-12.093407,-7.801000,-11.662960,8.996785,8.699465,5.633582,6.066157,23.782450,61999,2.454990
513446:ApriltagsCameraLog(1):,13,-11.662960,-7.117000,-11.662960,-7.117000,-11.421391,8.864078,8.649966,5.820825,6.119944,26.623649,62002,2.662890
513466:ApriltagsCameraLog(1):,13,-11.421391,-7.343000,-11.421391,-7.343000,-11.188588,8.820124,8.599342,5.872717,6.173542,26.486576,62003,2.726705
513484:ApriltagsCameraLog(1):,13,-11.188588,-7.272000,-11.188588,-7.272000,-10.983499,8.774956,8.548006,5.932609,6.227889,26.954390,62004,2.796067
513504:ApriltagsCameraLog(1):,13,-10.983499,-6.360000,-10.983499,-6.360000,-10.777152,8.692699,8.496218,6.013577,6.282780,29.637380,62005,2.908369
513523:ApriltagsCameraLog(1):,,,,,,-10.580131,,8.441880,,6.340285,,,
513544:ApriltagsCameraLog(1):,,,,,,-10.374138,,8.380212,,6.402170,,,
513564:ApriltagsCameraLog(1):,,,,,,-10.313713,,8.315861,,6.459471,,,
513583:ApriltagsCameraLog(1):,,,,,,-10.206596,,8.250234,,6.517604,,,
513604:ApriltagsCameraLog(1):,,,,,,-10.110466,,8.184804,,6.575500,,,
513626:ApriltagsCameraLog(1):,,,,,,-10.033562,,8.099273,,6.641296,,,
513644:ApriltagsCameraLog(1):,7,-10.206596,-6.470000,-10.206596,-10.206596,-9.973137,7.828686,8.047847,5.578678,6.681621,84.558179,62017,8.069608
513666:ApriltagsCameraLog(1):,7,-9.973137,-17.401000,-9.973137,-9.973137,-9.937579,7.782284,7.966512,5.626595,6.708433,106.631374,62018,8.023053
513684:ApriltagsCameraLog(1):,,,,,,-9.901675,,7.889959,,6.739747,,,
513704:ApriltagsCameraLog(1):,7,-9.937579,-6.316000,-9.937579,-9.937579,-9.890688,7.680297,7.818000,5.726668,6.788335,82.216538,62020,7.919696
513724:ApriltagsCameraLog(1):,,,,,,-9.882404,,7.737989,,6.816765,,,
513745:ApriltagsCameraLog(1):,7,-9.890688,-3.204000,-9.890688,-9.890688,-9.849445,7.601501,7.664480,5.769903,6.859195,99.663957,62021,7.840828
513765:ApriltagsCameraLog(1):,7,-9.849445,-7.482000,-9.849445,-9.849445,-9.802697,7.411771,7.580124,5.901122,6.880122,71.997427,62024,7.651910
513784:ApriltagsCameraLog(1):,,,,,,-9.791661,,7.494615,,6.896002,,,
513804:ApriltagsCameraLog(1):,,,,,,-9.742222,,7.417963,,6.934049,,,
513824:ApriltagsCameraLog(1):,7,-9.802697,-5.515000,-9.802697,-9.802697,-9.714756,7.324061,7.338009,5.953236,6.967858,82.186283,62026,7.565302
513843:ApriltagsCameraLog(1):,7,-9.714756,-20.408000,-9.714756,-9.714756,-9.679063,7.142384,7.252506,6.005838,6.980206,116.053431,62027,7.385346
513864:ApriltagsCameraLog(1):,7,-9.679063,-6.669000,-9.679063,-9.679063,-9.596578,7.126395,7.166529,6.054216,6.993633,72.815191,62028,7.371045
513884:ApriltagsCameraLog(1):,7,-9.596578,-7.687000,-9.596578,-9.596578,-9.536016,7.081002,7.077452,6.074656,7.001220,66.234340,62029,7.326793
513904:ApriltagsCameraLog(1):,7,-9.536016,-7.197000,-9.536016,-9.536016,-9.486287,7.004072,6.989836,6.118191,7.005019,67.884177,62030,7.251984
513924:ApriltagsCameraLog(1):,,,,,,-9.466739,,6.903119,,7.011583,,,
513944:ApriltagsCameraLog(1):,7,-9.486287,-12.245000,-9.486287,-9.486287,-9.472232,7.073322,6.818367,6.156427,7.034613,70.919731,62031,7.323167
513963:ApriltagsCameraLog(1):,,,,,,-9.466499,,6.732791,,7.030724,,,
513984:ApriltagsCameraLog(1):,7,-9.472232,-16.268000,-9.472232,-9.472232,-9.493965,6.791315,6.647776,6.182021,7.048055,89.594363,62033,7.042927
514004:ApriltagsCameraLog(1):,,,,,,-9.524173,,6.557592,,7.048610,,,
514024:ApriltagsCameraLog(1):,7,-9.493965,-9.437000,-9.493965,-9.493965,-9.535159,6.738971,6.472793,6.234580,7.060291,53.250836,62035,6.993651
514045:ApriltagsCameraLog(1):,7,-9.535159,-5.548000,-9.535159,-9.535159,-9.609410,6.571234,6.386788,6.270843,7.046009,72.212662,62037,6.828478
514064:ApriltagsCameraLog(1):,7,-9.609410,-11.033000,-9.609410,-9.609410,-9.691883,6.554674,6.298969,6.280695,7.033378,58.829741,62038,6.812309
514084:ApriltagsCameraLog(1):,7,-9.691883,-9.260000,-9.691883,-9.691883,-9.719622,6.421251,6.214775,6.268403,7.018136,52.601484,62039,6.677971
514105:ApriltagsCameraLog(1):,7,-9.719622,-8.133000,-9.719622,-9.719622,-9.733840,6.305219,6.130506,6.292941,6.998735,57.366830,62040,6.563908
514125:ApriltagsCameraLog(1):,7,-9.733840,-8.512000,-9.733840,-9.733840,-9.637954,6.264993,6.045641,6.311184,6.983748,55.212704,62041,6.525139
514144:ApriltagsCameraLog(1):,,,,,,-9.346915,,5.963686,,6.966278,,,
514165:ApriltagsCameraLog(1):,7,-9.637954,-7.260000,-9.637954,-9.637954,-8.855276,6.076651,5.882839,6.327734,6.966472,59.059715,62043,6.339204
514184:ApriltagsCameraLog(1):,,,,,,-8.234395,,5.800792,,6.945590,,,
514204:ApriltagsCameraLog(1):,,,,,,-7.380208,,5.717554,,6.943825,,,
514224:ApriltagsCameraLog(1):,7,-8.855276,-7.150000,-8.855276,-8.855276,-6.416158,5.899696,5.634175,6.287911,6.938573,54.201973,62046,6.163199
514244:ApriltagsCameraLog(1):,7,-6.416158,-5.366000,-6.416158,-6.416158,-5.409243,5.831305,5.550508,6.464248,6.908722,50.813730,62047,6.123078
514264:ApriltagsCameraLog(1):,,,,,,-4.417762,,5.467033,,6.884107,,,
514284:ApriltagsCameraLog(1):,7,-5.409243,-10.533000,-5.409243,-5.409243,-3.552589,5.678341,5.381578,6.370912,6.875262,67.642070,62049,5.965713
514304:ApriltagsCameraLog(1):,7,-3.552589,-20.744000,-3.552589,-3.552589,-2.828471,5.648568,5.296480,6.430994,6.850168,121.286236,62050,5.950577
514325:ApriltagsCameraLog(1):,7,-2.828471,-2.894000,-2.828471,-2.828471,-2.183457,5.508383,5.213945,6.422678,6.831720,43.793048,62051,5.813493
514364:ApriltagsCameraLog(1):,,,,,,-1.447158,,5.052980,,6.793468,,,
514386:ApriltagsCameraLog(1):,7,-2.183457,-0.242000,-2.183457,-2.183457,-1.057143,5.402767,4.952105,6.315854,6.783526,50.871743,62053,5.700119
514424:ApriltagsCameraLog(1):,7,-1.057143,-0.393000,-1.057143,-1.057143,-0.591555,5.206835,4.814131,6.316734,6.750832,43.807974,62055,5.509962
514444:ApriltagsCameraLog(1):,7,-0.591555,1.640000,-0.591555,-0.591555,-0.287019,5.090387,4.736349,6.281720,6.723461,49.098218,62057,5.392577
514464:ApriltagsCameraLog(1):,7,-0.287019,0.214000,-0.287019,-0.287019,-0.013568,4.979710,4.661588,6.304423,6.700042,41.256124,62058,5.285967
514484:ApriltagsCameraLog(1):,7,-0.013568,5.487000,-0.013568,-0.013568,0.241442,4.902362,4.583689,6.244560,6.674334,59.885004,62059,5.204259
514504:ApriltagsCameraLog(1):,7,0.241442,1.351000,0.241442,0.241442,0.451683,4.830591,4.503252,6.276413,6.653369,42.322537,62060,5.136951
514524:ApriltagsCameraLog(1):,7,0.451683,-6.082000,0.451683,0.451683,0.626603,4.833305,4.426429,6.251134,6.628815,63.000317,62061,5.138028
514544:ApriltagsCameraLog(1):,,,,,,0.776053,,4.347867,,6.609877,,,
514564:ApriltagsCameraLog(1):,7,0.626603,1.842000,0.626603,1.842000,0.896902,4.688931,4.263552,6.261907,6.602762,41.462214,62062,4.996126
514584:ApriltagsCameraLog(1):,,,,,,1.008433,,4.186825,,6.579106,,,
514604:ApriltagsCameraLog(1):,,,,,,1.071604,,4.101631,,6.571621,,,
514643:ApriltagsCameraLog(1):,,,,,,1.184214,,3.933659,,6.554294,,,
514664:ApriltagsCameraLog(1):,7,0.896902,1.458000,0.896902,1.458000,1.241892,4.392218,3.850268,6.195778,6.542519,36.503250,62066,4.695485
514683:ApriltagsCameraLog(1):,,,,,,1.260849,,3.777608,,6.511282,,,
514704:ApriltagsCameraLog(1):,7,1.241892,1.709000,1.241892,1.709000,1.296554,4.162891,3.700200,6.187070,6.500285,34.271452,62069,4.467756
514725:ApriltagsCameraLog(1):,,,,,,1.269449,,3.635537,,6.470759,,,
514744:ApriltagsCameraLog(1):,7,1.296554,3.588000,1.296554,3.588000,1.187051,4.020765,3.563328,6.157387,6.455858,38.827935,62071,4.323675
514764:ApriltagsCameraLog(1):,7,1.187051,2.066000,1.187051,2.066000,1.171525,3.865108,3.508853,6.115892,6.421911,32.980468,62073,4.164482
514784:ApriltagsCameraLog(1):,7,1.171525,2.827000,1.171525,2.827000,1.093766,3.786798,3.458439,6.100527,6.386302,34.594232,62074,4.085084
514805:ApriltagsCameraLog(1):,7,1.093766,5.841000,1.093766,5.841000,1.012223,3.767325,3.409789,6.089869,6.354662,43.527724,62075,4.064482
514825:ApriltagsCameraLog(1):,7,1.012223,2.140000,1.012223,2.140000,0.948304,3.646282,3.367772,6.077220,6.324510,31.758546,62076,3.942485
514826:ApriltagsCameraLog(1):,8,1.012223,-25.048000,1.012223,-25.048000,0.954378,3.684483,3.375589,6.081793,6.307797,106.488465,62076,4.066341
514844:ApriltagsCameraLog(1):,,,,,,0.811835,,3.335122,,6.287988,,,
514864:ApriltagsCameraLog(1):,7,0.954378,3.351000,0.954378,3.351000,0.781623,3.586455,3.299745,6.036929,6.272630,34.755270,62077,3.879510
514884:ApriltagsCameraLog(1):,,,,,,0.792098,,3.274057,,6.242976,,,
514924:ApriltagsCameraLog(1):,7,0.781623,4.750000,0.781623,4.750000,0.882735,3.491714,3.207717,6.001824,6.213530,38.071179,62079,3.781908
514944:ApriltagsCameraLog(1):,7,0.882735,3.535000,0.882735,3.535000,0.996476,3.316568,3.184695,5.946939,6.184087,32.685690,62082,3.604233
514946:ApriltagsCameraLog(1):,8,0.882735,3.984000,0.882735,3.984000,1.012835,3.315461,3.187692,5.948259,6.168745,34.606091,62082,3.676789
514965:ApriltagsCameraLog(1):,7,1.012835,3.073000,1.012835,3.073000,1.096695,3.234521,3.164842,5.945500,6.136675,30.369697,62083,3.522728
514967:ApriltagsCameraLog(1):,8,1.012835,3.670000,1.012835,3.670000,1.110753,3.247410,3.164902,5.944546,6.122884,32.756991,62083,3.610024
515004:ApriltagsCameraLog(1):,7,1.110753,2.662000,1.110753,2.662000,1.434948,3.161175,3.113810,5.898874,6.073133,28.394077,62085,3.447620
515007:ApriltagsCameraLog(1):,8,1.110753,2.888000,1.110753,2.888000,1.445936,3.178179,3.111864,5.898040,6.059756,29.755742,62085,3.533181
515024:ApriltagsCameraLog(1):,7,1.445936,2.996000,1.445936,2.996000,1.647374,3.111656,3.088413,5.883357,6.024484,27.939998,62086,3.398792
515026:ApriltagsCameraLog(1):,8,1.445936,4.102000,1.445936,4.102000,1.659869,3.120280,3.085789,5.882484,6.012156,31.385182,62086,3.474817
515044:ApriltagsCameraLog(1):,7,1.659869,8.573000,1.659869,8.573000,1.845468,3.128889,3.063866,5.870241,5.982044,41.150924,62087,3.416344
515046:ApriltagsCameraLog(1):,8,1.659869,4.001000,1.659869,4.001000,1.880164,3.120025,3.063695,5.874033,5.974503,30.594430,62087,3.473828
515064:ApriltagsCameraLog(1):,7,1.880164,3.714000,1.880164,3.714000,2.020431,3.052551,3.047716,5.846913,5.945236,28.071118,62088,3.340133
515072:ApriltagsCameraLog(1):,8,1.880164,4.400000,1.880164,4.400000,2.035075,3.056981,3.044188,5.843550,5.936379,30.368208,62088,3.407009
515084:ApriltagsCameraLog(1):,7,2.035075,5.304000,2.035075,5.304000,2.088716,3.032687,3.026714,5.819009,5.908283,31.263359,62089,3.320167
515085:ApriltagsCameraLog(1):,8,2.035075,5.230000,2.035075,5.230000,2.110806,3.035418,3.024328,5.820733,5.900117,31.743537,62089,3.382173
515104:ApriltagsCameraLog(1):,,,,,,2.170415,,3.006866,,5.873145,,,
515124:ApriltagsCameraLog(1):,7,2.110806,4.323000,2.110806,4.323000,2.310490,2.997632,2.992899,5.798913,5.855194,28.430418,62090,3.285044
515126:ApriltagsCameraLog(1):,8,2.110806,4.377000,2.110806,4.377000,2.326520,3.009767,2.989007,5.801015,5.847782,29.229231,62090,3.353637
515144:ApriltagsCameraLog(1):,7,2.326520,4.799000,2.326520,4.799000,2.496182,2.965734,2.976616,5.758242,5.822578,28.722421,62092,3.253580
515145:ApriltagsCameraLog(1):,8,2.326520,4.972000,2.326520,4.972000,2.514298,2.968223,2.973676,5.757538,5.815565,29.650432,62092,3.305932
515164:ApriltagsCameraLog(1):,7,2.514298,4.642000,2.514298,4.642000,2.741628,2.961402,2.964545,5.734874,5.787298,27.893094,62093,3.249936
515165:ApriltagsCameraLog(1):,8,2.514298,5.090000,2.514298,5.090000,2.758337,2.959392,2.962589,5.736602,5.780650,29.371383,62093,3.294458
515184:ApriltagsCameraLog(1):,7,2.758337,4.786000,2.758337,4.786000,3.153409,2.951775,2.954372,5.719252,5.753533,27.579587,62094,3.241266
515185:ApriltagsCameraLog(1):,8,2.758337,5.838000,2.758337,5.838000,3.169817,2.942276,2.952325,5.720721,5.748163,30.354959,62094,3.275969
515205:ApriltagsCameraLog(1):,7,3.169817,5.489000,3.169817,5.489000,3.762803,2.926651,2.944891,5.711418,5.723261,28.015200,62095,3.217640
515206:ApriltagsCameraLog(1):,8,3.169817,5.359000,3.169817,5.359000,3.782644,2.935908,2.941577,5.714068,5.719273,28.233190,62095,3.270312
515225:ApriltagsCameraLog(1):,7,3.782644,5.241000,3.782644,5.241000,4.468698,2.927413,2.936866,5.702567,5.693615,26.084628,62096,3.220590
515227:ApriltagsCameraLog(1):,8,3.782644,6.205000,3.782644,6.205000,4.485717,2.922993,2.935298,5.704781,5.690481,28.656782,62096,3.258590
515243:ApriltagsCameraLog(1):,,,,,,5.188935,,2.930679,,5.666367,,,
515264:ApriltagsCameraLog(1):,7,4.485717,6.972000,4.485717,6.972000,5.798677,2.927577,2.929502,5.644854,5.644989,28.461841,62098,3.224311
515266:ApriltagsCameraLog(1):,8,4.485717,7.583000,4.485717,7.583000,5.818533,2.929056,2.928342,5.645433,5.641641,30.211334,62098,3.258359
515283:ApriltagsCameraLog(1):,,,,,,6.368479,,2.926944,,5.616853,,,
515324:ApriltagsCameraLog(1):,7,5.818533,8.443000,5.818533,8.443000,7.011179,2.955968,2.925509,5.655739,5.573751,29.103493,62099,3.256656
515326:ApriltagsCameraLog(1):,8,5.818533,8.185000,5.818533,8.185000,7.035790,2.936192,2.927086,5.660480,5.572661,28.669353,62099,3.272892
515364:ApriltagsCameraLog(1):,7,7.035790,7.334000,7.035790,7.334000,7.295019,2.937716,2.926152,5.615062,5.528245,23.631281,62101,3.243372
515366:ApriltagsCameraLog(1):,8,7.035790,9.937000,7.035790,9.937000,7.304271,2.926316,2.926811,5.619222,5.527668,29.794952,62101,3.261837
515404:ApriltagsCameraLog(1):,7,7.304271,9.599000,7.304271,9.599000,7.279478,2.921022,2.925411,5.516797,5.487385,28.105046,62104,3.232428
515406:ApriltagsCameraLog(1):,8,7.304271,10.454000,7.304271,10.454000,7.296596,2.922716,2.924939,5.517796,5.484611,30.209070,62104,3.246644
515424:ApriltagsCameraLog(1):,,,,,,7.199936,,2.925423,,5.463895,,,
515444:ApriltagsCameraLog(1):,7,7.296596,9.433000,7.296596,9.433000,7.084580,2.913905,2.926102,5.471957,5.445245,27.705509,62106,3.228554
515446:ApriltagsCameraLog(1):,8,7.296596,9.877000,7.296596,9.877000,7.099413,2.921036,2.925315,5.471082,5.442655,28.836020,62106,3.240172
515465:ApriltagsCameraLog(1):,7,7.099413,9.097000,7.099413,9.097000,6.965563,2.918335,2.927491,5.423990,5.423999,27.465761,62108,3.236592
515467:ApriltagsCameraLog(1):,8,7.099413,9.899000,7.099413,9.899000,6.978917,2.927094,2.926912,5.425608,5.421506,29.352115,62108,3.241510
515484:ApriltagsCameraLog(1):,7,6.978917,8.824000,6.978917,8.824000,6.826468,2.913951,2.929431,5.409592,5.403768,27.085388,62109,3.233295
515485:ApriltagsCameraLog(1):,8,6.978917,9.517000,6.978917,9.517000,6.838417,2.918860,2.928716,5.410573,5.401549,28.654011,62109,3.231698
515504:ApriltagsCameraLog(1):,,,,,,6.637456,,2.930562,,5.385160,,,
515525:ApriltagsCameraLog(1):,7,6.838417,8.772000,6.838417,8.772000,6.390263,2.918847,2.932462,5.379959,5.371851,27.359946,62111,3.240856
515526:ApriltagsCameraLog(1):,8,6.838417,9.103000,6.838417,9.103000,6.403438,2.925447,2.931904,5.378404,5.369945,28.066191,62111,3.235492
515543:ApriltagsCameraLog(1):,7,6.403438,8.961000,6.403438,8.961000,6.113661,2.917487,2.934302,5.357515,5.355758,28.790534,62112,3.240856
515545:ApriltagsCameraLog(1):,8,6.403438,9.013000,6.403438,9.013000,6.128672,2.925841,2.933566,5.355611,5.353769,28.830053,62112,3.232955
515564:ApriltagsCameraLog(1):,7,6.128672,7.880000,6.128672,7.880000,5.789609,2.926913,2.936297,5.341903,5.340074,27.040532,62113,3.251327
515566:ApriltagsCameraLog(1):,8,6.128672,8.816000,6.128672,8.816000,5.799028,2.937697,2.936090,5.342477,5.338066,29.110829,62113,3.243101
515603:ApriltagsCameraLog(1):,,,,,,5.069780,,2.941275,,5.316079,,,
515624:ApriltagsCameraLog(1):,7,5.799028,7.580000,5.799028,7.580000,4.731951,2.935274,2.943968,5.330928,5.307508,27.191295,62115,3.260086
515626:ApriltagsCameraLog(1):,8,5.799028,8.474000,5.799028,8.474000,4.743810,2.936678,2.943853,5.330148,5.306823,29.054055,62115,3.240298
515644:ApriltagsCameraLog(1):,7,4.743810,7.171000,4.743810,7.171000,4.445088,2.939640,2.946640,5.292235,5.297630,28.747828,62117,3.266626
515646:ApriltagsCameraLog(1):,8,4.743810,7.863000,4.743810,7.863000,4.458917,2.943632,2.946569,5.293235,5.295983,30.089794,62117,3.241964
515664:ApriltagsCameraLog(1):,7,4.458917,7.556000,4.458917,7.556000,4.059132,2.945929,2.948804,5.278025,5.287673,30.375405,62118,3.274062
515665:ApriltagsCameraLog(1):,8,4.458917,8.267000,4.458917,8.267000,4.075993,2.945139,2.948821,5.278405,5.285812,31.669818,62118,3.241964
515685:ApriltagsCameraLog(1):,,,,,,3.838347,,2.950919,,5.277316,,,
515704:ApriltagsCameraLog(1):,7,4.075993,6.541000,4.075993,6.541000,3.456573,2.942614,2.952384,5.278356,5.271808,28.865890,62119,3.269693
515705:ApriltagsCameraLog(1):,8,4.075993,6.706000,4.075993,6.706000,3.469433,2.950672,2.952190,5.279090,5.270744,29.010256,62119,3.246164
515724:ApriltagsCameraLog(1):,7,3.469433,6.081000,3.469433,6.081000,3.192135,2.949121,2.953997,5.257573,5.264609,29.283947,62121,3.277489
515727:ApriltagsCameraLog(1):,8,3.469433,7.220000,3.469433,7.220000,3.206116,2.950338,2.953931,5.259957,5.263256,31.550880,62121,3.243144
515743:ApriltagsCameraLog(1):,,,,,,2.981739,,2.954417,,5.258203,,,
515764:ApriltagsCameraLog(1):,7,3.206116,5.644000,3.206116,5.644000,2.734546,2.949439,2.954607,5.259206,5.253786,28.874126,62122,3.276833
515766:ApriltagsCameraLog(1):,8,3.206116,5.915000,3.206116,5.915000,2.748257,2.948334,2.954442,5.258758,5.253155,29.130514,62122,3.240172
