460069:ApriltagsCameraLog(1):,tag,last yaw,cam yaw,calc yaw,update yaw, est yaw,x,est x,y,est y,adjust,frame,dist
460083:ApriltagsCameraLog(1):,,,,,,120.153029,,9.372573,,3.958814,,,
460105:ApriltagsCameraLog(1):,,,,,,120.034926,,9.328841,,4.025885,,,
460125:ApriltagsCameraLog(1):,,,,,,119.914076,,9.284919,,4.093555,,,
460164:ApriltagsCameraLog(1):,,,,,,119.392226,,9.201634,,4.229190,,,
460184:ApriltagsCameraLog(1):,1,120.034926,108.453000,120.034926,120.034926,118.900587,9.574118,9.161839,3.700072,4.295118,106.668084,59343,6.553091
460203:ApriltagsCameraLog(1):,,,,,,118.200338,,9.127303,,4.355297,,,
460223:ApriltagsCameraLog(1):,,,,,,117.304953,,9.087680,,4.420899,,,
460243:ApriltagsCameraLog(1):,,,,,,116.250265,,9.048818,,4.487652,,,
460264:ApriltagsCameraLog(1):,1,118.900587,109.632000,118.900587,118.900587,114.855001,9.457475,9.013288,3.909894,4.557051,98.523901,59347,6.766484
460283:ApriltagsCameraLog(1):,,,,,,113.131044,,8.987558,,4.615889,,,
460303:ApriltagsCameraLog(1):,,,,,,111.224916,,8.958321,,4.682599,,,
460323:ApriltagsCameraLog(1):,,,,,,109.239137,,8.931906,,4.748853,,,
460344:ApriltagsCameraLog(1):,,,,,,107.165468,,8.909539,,4.815209,,,
460363:ApriltagsCameraLog(1):,,,,,,104.830873,,8.884600,,4.882053,,,
460383:ApriltagsCameraLog(1):,,,,,,102.224367,,8.862257,,4.949521,,,
460403:ApriltagsCameraLog(1):,,,,,,99.609620,,8.843939,,5.015768,,,
460423:ApriltagsCameraLog(1):,,,,,,96.799867,,8.822907,,5.082250,,,
460444:ApriltagsCameraLog(1):,,,,,,95.294740,,8.804095,,5.147888,,,
460464:ApriltagsCameraLog(1):,,,,,,90.534913,,8.785031,,5.213596,,,
460484:ApriltagsCameraLog(1):,,,,,,87.277467,,8.770279,,5.279249,,,
460504:ApriltagsCameraLog(1):,,,,,,83.896425,,8.759025,,5.347086,,,
460525:ApriltagsCameraLog(1):,,,,,,80.411012,,8.751894,,5.413390,,,
460544:ApriltagsCameraLog(1):,,,,,,76.876161,,8.729252,,5.471074,,,
460564:ApriltagsCameraLog(1):,,,,,,73.272645,,8.710163,,5.530594,,,
460583:ApriltagsCameraLog(1):,,,,,,69.614198,,8.694980,,5.588525,,,
460604:ApriltagsCameraLog(1):,,,,,,65.931032,,8.682449,,5.647963,,,
460623:ApriltagsCameraLog(1):,,,,,,62.198427,,8.661303,,5.706335,,,
460643:ApriltagsCameraLog(1):,,,,,,58.416383,,8.644781,,5.764788,,,
460663:ApriltagsCameraLog(1):,,,,,,54.604127,,8.623067,,5.826211,,,
460683:ApriltagsCameraLog(1):,,,,,,50.701234,,8.605247,,5.888545,,,
460704:ApriltagsCameraLog(1):,,,,,,46.801088,,8.591975,,5.951715,,,
460723:ApriltagsCameraLog(1):,,,,,,42.873475,,8.583004,,6.015320,,,
460743:ApriltagsCameraLog(1):,,,,,,39.143617,,8.567237,,6.077712,,,
460763:ApriltagsCameraLog(1):,,,,,,35.649965,,8.546962,,6.134614,,,
460783:ApriltagsCameraLog(1):,,,,,,32.669923,,8.529004,,6.192577,,,
460804:ApriltagsCameraLog(1):,,,,,,29.950807,,8.512985,,6.252523,,,
460823:ApriltagsCameraLog(1):,,,,,,27.031190,,8.489129,,6.310674,,,
460843:ApriltagsCameraLog(1):,,,,,,24.161012,,8.467999,,6.370921,,,
460863:ApriltagsCameraLog(1):,,,,,,21.436403,,8.437445,,6.432607,,,
460883:ApriltagsCameraLog(1):,,,,,,18.912294,,8.409372,,6.496121,,,
460903:ApriltagsCameraLog(1):,,,,,,16.591432,,8.383844,,6.561028,,,
460923:ApriltagsCameraLog(1):,,,,,,14.545228,,8.360353,,6.627978,,,
460944:ApriltagsCameraLog(1):,,,,,,12.748964,,8.327277,,6.687882,,,
460964:ApriltagsCameraLog(1):,,,,,,11.197145,,8.295126,,6.749931,,,
461004:ApriltagsCameraLog(1):,,,,,,8.859804,,8.224428,,6.873382,,,
461025:ApriltagsCameraLog(1):,,,,,,7.865541,,8.184640,,6.934646,,,
461044:ApriltagsCameraLog(1):,,,,,,7.395875,,8.145103,,6.997803,,,
461064:ApriltagsCameraLog(1):,7,8.859804,26.699000,8.859804,8.859804,6.827333,7.476859,8.097914,5.806044,7.055841,165.066589,59388,7.786609
461084:ApriltagsCameraLog(1):,7,6.827333,-6.266000,6.827333,6.827333,6.525782,7.527871,8.041306,5.834004,7.102631,137.756972,59390,7.831534
461103:ApriltagsCameraLog(1):,,,,,,6.335813,,7.987025,,7.147824,,,
461123:ApriltagsCameraLog(1):,,,,,,6.165525,,7.939717,,7.207696,,,
461144:ApriltagsCameraLog(1):,7,6.525782,2.532000,6.525782,6.525782,6.033689,7.567321,7.887890,5.997945,7.266057,83.949632,59392,7.873834
461163:ApriltagsCameraLog(1):,,,,,,5.940509,,7.821184,,7.294424,,,
461184:ApriltagsCameraLog(1):,7,6.033689,4.068000,6.033689,6.033689,5.866352,7.579243,7.765263,6.022885,7.348126,71.889464,59393,7.884958
461205:ApriltagsCameraLog(1):,7,5.866352,7.071000,5.866352,5.866352,5.797061,7.262527,7.699004,6.139031,7.372236,64.522648,59395,7.573201
461224:ApriltagsCameraLog(1):,,,,,,5.670347,,7.621719,,7.389953,,,
461244:ApriltagsCameraLog(1):,7,5.797061,7.899000,5.797061,5.797061,5.447874,7.053187,7.562197,6.313121,7.437882,67.775907,59398,7.375521
461264:ApriltagsCameraLog(1):,,,,,,5.159651,,7.481185,,7.452730,,,
461287:ApriltagsCameraLog(1):,7,5.447874,7.032000,5.447874,5.447874,4.709211,7.005563,7.417041,6.415455,7.496125,64.505398,59400,7.335538
461303:ApriltagsCameraLog(1):,,,,,,4.069682,,7.340102,,7.511086,,,
461343:ApriltagsCameraLog(1):,7,4.709211,9.145000,4.709211,4.709211,2.350321,6.984384,7.209176,6.400967,7.594202,80.094031,59401,7.310370
461363:ApriltagsCameraLog(1):,,,,,,1.314268,,7.129674,,7.603020,,,
461384:ApriltagsCameraLog(1):,7,2.350321,-16.810000,2.350321,2.350321,0.284300,6.857288,7.060074,6.325960,7.639130,158.476847,59403,7.168343
461404:ApriltagsCameraLog(1):,7,0.284300,6.378000,0.284300,0.284300,-0.703217,6.759978,6.985175,6.378532,7.662092,86.166985,59405,7.067602
461423:ApriltagsCameraLog(1):,,,,,,-1.574118,,6.907892,,7.671533,,,
461443:ApriltagsCameraLog(1):,,,,,,-2.269003,,6.837860,,7.708738,,,
461463:ApriltagsCameraLog(1):,,,,,,-2.768881,,6.766803,,7.745945,,,
461484:ApriltagsCameraLog(1):,7,-1.574118,-2.065000,-1.574118,-1.574118,-3.134176,6.499922,6.694984,6.754925,7.784294,54.301095,59409,6.845034
461503:ApriltagsCameraLog(1):,,,,,,-3.357993,,6.609817,,7.790618,,,
461523:ApriltagsCameraLog(1):,,,,,,-3.426658,,6.539103,,7.829112,,,
461545:ApriltagsCameraLog(1):,7,-3.134176,-5.282000,-3.134176,-3.134176,-3.344260,6.357892,6.469267,6.771622,7.868104,61.468656,59411,6.700069
461584:ApriltagsCameraLog(1):,7,-3.344260,-22.829000,-3.344260,-3.344260,-2.452021,6.184937,6.313924,6.890834,7.907105,145.593742,59413,6.547419
461604:ApriltagsCameraLog(1):,,,,,,-1.779019,,6.238552,,7.927705,,,
461624:ApriltagsCameraLog(1):,7,-2.452021,-4.954000,-2.452021,-2.452021,-0.850675,6.090073,6.165745,7.059353,7.949258,61.153520,59415,6.489384
461644:ApriltagsCameraLog(1):,7,-0.850675,-2.543000,-0.850675,-0.850675,0.384748,5.912546,6.082965,7.176102,7.945619,55.868600,59417,6.347785
461663:ApriltagsCameraLog(1):,7,0.384748,-2.678000,0.384748,0.384748,1.768093,5.833100,5.996772,7.270713,7.934562,61.897053,59418,6.298050
461684:ApriltagsCameraLog(1):,7,1.768093,-2.519000,1.768093,1.768093,3.223890,5.759457,5.910370,7.324614,7.929390,67.106397,59419,6.246243
461704:ApriltagsCameraLog(1):,7,3.223890,-0.324000,3.223890,3.223890,4.831427,5.657296,5.823395,7.366464,7.922907,62.752484,59420,6.164876
461723:ApriltagsCameraLog(1):,,,,,,6.463835,,5.735950,,7.915645,,,
461744:ApriltagsCameraLog(1):,7,4.831427,1.080000,4.831427,4.831427,8.185942,5.598087,5.658340,7.384821,7.916542,63.200045,59421,6.119862
461763:ApriltagsCameraLog(1):,,,,,,9.771859,,5.573988,,7.894166,,,
461785:ApriltagsCameraLog(1):,7,8.185942,2.944000,8.185942,8.185942,11.260506,5.492690,5.501228,7.451412,7.885321,69.218880,59423,6.051678
461803:ApriltagsCameraLog(1):,,,,,,12.827973,,5.419070,,7.862206,,,
461824:ApriltagsCameraLog(1):,7,11.260506,11.140000,11.260506,11.260506,14.366059,5.370922,5.345697,7.452924,7.848098,45.125129,59425,5.948477
461843:ApriltagsCameraLog(1):,7,14.366059,13.819000,14.366059,14.366059,15.920314,5.214708,5.264076,7.437958,7.815443,45.836370,59427,5.807364
461865:ApriltagsCameraLog(1):,7,15.920314,18.076000,15.920314,15.920314,17.473930,5.177846,5.180750,7.439126,7.781109,52.547719,59428,5.778615
461883:ApriltagsCameraLog(1):,,,,,,18.976672,,5.098866,,7.747356,,,
461903:ApriltagsCameraLog(1):,,,,,,20.399402,,5.024730,,7.725286,,,
461923:ApriltagsCameraLog(1):,,,,,,21.841357,,4.951148,,7.701432,,,
461965:ApriltagsCameraLog(1):,7,18.976672,19.039000,18.976672,18.976672,23.945239,4.972066,4.802583,7.154554,7.653362,41.344783,59432,5.511086
462004:ApriltagsCameraLog(1):,7,23.945239,20.877000,23.945239,23.945239,27.020733,4.786666,4.649823,7.306243,7.572740,52.471923,59434,5.394031
462025:ApriltagsCameraLog(1):,,,,,,28.158960,,4.570222,,7.532311,,,
462044:ApriltagsCameraLog(1):,7,27.020733,26.191000,27.020733,27.020733,29.205408,4.663492,4.494915,7.314754,7.503243,42.577630,59436,5.289437
462063:ApriltagsCameraLog(1):,,,,,,30.164589,,4.415448,,7.462057,,,
462084:ApriltagsCameraLog(1):,7,29.205408,30.006000,29.205408,29.205408,31.021522,4.505303,4.339438,7.243046,7.431939,41.026015,59438,5.123121
462103:ApriltagsCameraLog(1):,,,,,,31.778569,,4.259584,,7.386926,,,
462123:ApriltagsCameraLog(1):,7,31.021522,30.949000,31.021522,31.021522,32.415776,4.395059,4.185018,7.175731,7.354881,37.286965,59440,5.002312
462143:ApriltagsCameraLog(1):,,,,,,33.039014,,4.106967,,7.310085,,,
462164:ApriltagsCameraLog(1):,7,32.415776,30.508000,32.415776,30.508000,33.349378,4.304456,4.027811,7.077056,7.283386,43.004589,59442,4.889339
462183:ApriltagsCameraLog(1):,,,,,,34.170367,,3.952657,,7.243464,,,
462204:ApriltagsCameraLog(1):,7,33.349378,32.849000,33.349378,32.849000,34.645525,4.164624,3.875229,6.993303,7.215488,36.609740,59444,4.733146
462224:ApriltagsCameraLog(1):,,,,,,35.156668,,3.796392,,7.174477,,,
462244:ApriltagsCameraLog(1):,7,34.645525,33.231000,34.645525,33.231000,35.686758,4.023873,3.717751,6.912187,7.149721,38.378553,59446,4.577820
462245:ApriltagsCameraLog(1):,9,34.645525,38.941000,34.645525,34.645525,35.681517,3.915769,3.721809,6.723474,7.134766,75.529152,59446,6.979289
462263:ApriltagsCameraLog(1):,,,,,,36.240153,,3.641431,,7.099792,,,
462289:ApriltagsCameraLog(1):,7,35.681517,35.260000,35.681517,35.260000,36.827922,3.873379,3.560681,6.854879,7.075866,33.719530,59448,4.419460
462303:ApriltagsCameraLog(1):,,,,,,37.376631,,3.481212,,7.033038,,,
462324:ApriltagsCameraLog(1):,7,36.827922,36.836000,36.827922,36.836000,37.868269,3.739184,3.400059,6.830337,7.007335,31.316035,59450,4.286345
462325:ApriltagsCameraLog(1):,9,36.827922,34.143000,36.827922,36.827922,37.873713,3.648478,3.403500,6.635876,6.991292,64.907095,59450,6.771088
462343:ApriltagsCameraLog(1):,,,,,,38.376185,,3.319751,,6.953509,,,
462364:ApriltagsCameraLog(1):,7,37.873713,36.445000,37.873713,36.445000,38.843104,3.570342,3.235691,6.754266,6.930302,34.101182,59453,4.104771
462384:ApriltagsCameraLog(1):,7,38.843104,38.425000,38.843104,38.425000,39.239939,3.463140,3.161089,6.752190,6.894561,30.241990,59454,4.003538
462386:ApriltagsCameraLog(1):,9,38.843104,31.116000,38.843104,38.843104,39.242025,3.398366,3.166777,6.557935,6.881918,88.053663,59454,6.583971
462404:ApriltagsCameraLog(1):,7,39.242025,37.889000,39.242025,37.889000,39.589757,3.390308,3.086074,6.746924,6.849967,32.317350,59455,3.933231
462406:ApriltagsCameraLog(1):,9,39.242025,53.922000,39.242025,39.242025,39.585488,3.294754,3.091700,6.516839,6.840183,120.893361,59455,6.498049
462444:ApriltagsCameraLog(1):,7,39.585488,38.054000,39.585488,38.054000,39.946385,3.325274,2.928611,6.709788,6.792038,32.156177,59456,3.860693
462446:ApriltagsCameraLog(1):,8,39.585488,39.629000,39.585488,39.629000,39.940365,3.308850,2.934916,6.694642,6.783022,29.479385,59456,4.043959
462448:ApriltagsCameraLog(1):,9,39.585488,39.122000,39.585488,39.585488,39.944455,3.287585,2.940218,6.530024,6.772749,51.334475,59456,6.507572
462484:ApriltagsCameraLog(1):,7,39.944455,38.858000,39.944455,38.858000,40.138887,3.176310,2.783968,6.658622,6.721919,29.524597,59458,3.703904
462485:ApriltagsCameraLog(1):,8,39.944455,40.274000,39.944455,40.274000,40.133129,3.161649,2.791346,6.641097,6.713125,29.036957,59458,3.888823
462487:ApriltagsCameraLog(1):,9,39.944455,52.462000,39.944455,39.944455,40.137001,3.168417,2.797176,6.478155,6.704244,108.630593,59458,6.405331
462524:ApriltagsCameraLog(1):,7,40.137001,39.688000,40.137001,39.688000,40.258278,3.025549,2.655812,6.615231,6.663237,26.518811,59460,3.547410
462526:ApriltagsCameraLog(1):,9,40.137001,38.759000,40.137001,40.137001,40.255724,3.084641,2.665345,6.529151,6.656054,54.937822,59460,6.410531
462564:ApriltagsCameraLog(1):,7,40.255724,39.525000,40.255724,39.525000,40.357748,2.900288,2.543063,6.593942,6.625496,26.155242,59462,3.421770
462566:ApriltagsCameraLog(1):,9,40.255724,30.754000,40.255724,40.255724,40.352819,2.907405,2.551339,6.451211,6.619885,91.804368,59462,6.259375
462583:ApriltagsCameraLog(1):,,,,,,40.394205,,2.497292,,6.606463,,,
462604:ApriltagsCameraLog(1):,7,40.352819,39.693000,40.352819,39.693000,40.520548,2.735448,2.449672,6.543700,6.599088,24.514473,59464,3.249635
462605:ApriltagsCameraLog(1):,8,40.352819,41.549000,40.352819,41.549000,40.515749,2.725981,2.456986,6.527120,6.592493,27.524642,59464,3.447995
462624:ApriltagsCameraLog(1):,,,,,,40.675957,,2.421223,,6.582482,,,
462644:ApriltagsCameraLog(1):,7,40.515749,39.703000,40.515749,39.703000,40.739128,2.595646,2.385852,6.528094,6.578976,23.676878,59466,3.112148
462646:ApriltagsCameraLog(1):,8,40.515749,41.058000,40.515749,41.058000,40.733447,2.582687,2.390520,6.509835,6.573835,24.777098,59466,3.312833
462666:ApriltagsCameraLog(1):,7,40.733447,40.001000,40.733447,40.001000,40.760885,2.445677,2.357467,6.509380,6.566331,22.232679,59468,2.964423
462670:ApriltagsCameraLog(1):,8,40.733447,41.219000,40.733447,41.219000,40.755610,2.434223,2.357075,6.490800,6.560582,23.472798,59468,3.173231
462684:ApriltagsCameraLog(1):,7,40.755610,40.228000,40.755610,40.228000,40.804892,2.393558,2.344608,6.492569,6.554078,21.347551,59469,2.909710
462691:ApriltagsCameraLog(1):,8,40.755610,41.431000,40.755610,41.431000,40.800383,2.381893,2.343599,6.473985,6.548726,23.436837,59469,3.119260
462704:ApriltagsCameraLog(1):,7,40.800383,39.665000,40.800383,39.665000,40.647189,2.329995,2.330633,6.497281,6.542443,22.059487,59470,2.851283
462705:ApriltagsCameraLog(1):,8,40.800383,40.857000,40.800383,40.857000,40.637426,2.319825,2.327406,6.480348,6.538432,21.666515,59470,3.068067
462724:ApriltagsCameraLog(1):,7,40.637426,40.246000,40.637426,40.246000,40.611014,2.288900,2.310523,6.459659,6.533111,20.157799,59471,2.799811
462725:ApriltagsCameraLog(1):,8,40.637426,41.321000,40.637426,41.321000,40.605809,2.283871,2.306117,6.442478,6.526649,22.587735,59471,3.017811
462743:ApriltagsCameraLog(1):,,,,,,40.588667,,2.291451,,6.519643,,,
462763:ApriltagsCameraLog(1):,7,40.605809,40.142000,40.605809,40.142000,40.465071,2.223833,2.283908,6.472420,6.519399,19.818720,59472,2.742532
462766:ApriltagsCameraLog(1):,8,40.605809,41.228000,40.605809,41.228000,40.459478,2.215249,2.275546,6.451936,6.515139,21.987582,59472,2.962458
462783:ApriltagsCameraLog(1):,,,,,,40.409340,,2.258498,,6.509787,,,
462804:ApriltagsCameraLog(1):,7,40.459478,39.391000,40.459478,39.391000,40.642799,2.156787,2.248851,6.477556,6.509645,20.418591,59474,2.680939
462805:ApriltagsCameraLog(1):,8,40.459478,39.305000,40.459478,39.305000,40.631126,2.169205,2.238480,6.477156,6.506741,22.842753,59474,2.934819
462824:ApriltagsCameraLog(1):,,,,,,40.933145,,2.227041,,6.503776,,,
462845:ApriltagsCameraLog(1):,7,40.631126,39.570000,40.631126,39.570000,41.001810,2.065283,2.225426,6.478296,6.504266,19.652169,59476,2.595860
462847:ApriltagsCameraLog(1):,8,40.631126,40.975000,40.631126,40.975000,40.993504,2.053151,2.209856,6.461663,6.501845,20.297457,59476,2.827835
462864:ApriltagsCameraLog(1):,7,40.993504,40.318000,40.993504,40.318000,40.837202,2.009350,2.192649,6.471677,6.499414,18.507396,59478,2.542040
462866:ApriltagsCameraLog(1):,8,40.993504,41.538000,40.993504,41.538000,40.832406,1.993498,2.174929,6.451374,6.496974,20.226473,59478,2.772753
462883:ApriltagsCameraLog(1):,7,40.832406,40.268000,40.832406,40.268000,40.573588,1.991322,2.155142,6.454813,6.494004,18.118457,59479,2.518809
462885:ApriltagsCameraLog(1):,8,40.832406,41.478000,40.832406,41.478000,40.565986,1.984167,2.139001,6.434030,6.490384,20.270881,59479,2.755196
462904:ApriltagsCameraLog(1):,7,40.565986,40.060000,40.565986,40.060000,40.192051,1.979540,2.122664,6.448407,6.486578,17.901877,59480,2.504962
462905:ApriltagsCameraLog(1):,8,40.565986,41.343000,40.565986,41.343000,40.182764,1.974916,2.108330,6.427651,6.483020,20.417464,59480,2.743173
462924:ApriltagsCameraLog(1):,7,40.182764,40.137000,40.182764,40.137000,39.668043,1.983879,2.093813,6.436833,6.478989,17.110831,59481,2.504110
462926:ApriltagsCameraLog(1):,8,40.182764,41.624000,40.182764,41.624000,39.662007,1.977678,2.082282,6.418338,6.474900,21.642189,59481,2.739494
462944:ApriltagsCameraLog(1):,7,39.662007,39.785000,39.662007,39.785000,39.014461,1.967174,2.073226,6.424334,6.470460,17.071313,59482,2.482987
462945:ApriltagsCameraLog(1):,8,39.662007,41.042000,39.662007,41.042000,39.008099,1.967563,2.062335,6.403918,6.465887,21.364987,59482,2.721771
462963:ApriltagsCameraLog(1):,,,,,,38.311596,,2.054623,,6.461132,,,
462984:ApriltagsCameraLog(1):,7,39.008099,39.622000,39.008099,39.622000,37.622204,1.967828,2.055609,6.416807,6.461282,17.870341,59483,2.479592
462986:ApriltagsCameraLog(1):,8,39.008099,40.884000,39.008099,40.884000,37.619074,1.969263,2.047228,6.398699,6.457052,22.265084,59483,2.718515
463003:ApriltagsCameraLog(1):,,,,,,36.974134,,2.041610,,6.452423,,,
463046:ApriltagsCameraLog(1):,7,37.619074,38.277000,37.619074,38.277000,35.815076,1.968442,2.042697,6.410342,6.453503,17.904406,59485,2.474893
463048:ApriltagsCameraLog(1):,8,37.619074,39.686000,37.619074,39.686000,35.811913,1.970439,2.035869,6.391873,6.449468,22.556984,59485,2.711654
463065:ApriltagsCameraLog(1):,7,35.811913,35.969000,35.811913,35.969000,35.286224,1.964136,2.031309,6.427985,6.443819,17.044730,59489,2.472640
463067:ApriltagsCameraLog(1):,8,35.811913,37.216000,35.811913,37.216000,35.283796,1.960035,2.024679,6.411136,6.442172,21.272941,59489,2.706723
463084:ApriltagsCameraLog(1):,7,35.283796,35.322000,35.283796,35.322000,34.818325,1.960171,2.019681,6.435234,6.439567,16.824948,59490,2.470114
463086:ApriltagsCameraLog(1):,8,35.283796,36.522000,35.283796,36.522000,34.815679,1.957584,2.013726,6.419006,6.439053,20.965188,59490,2.706911
463104:ApriltagsCameraLog(1):,,,,,,34.415675,,2.009362,,6.437313,,,
463126:ApriltagsCameraLog(1):,7,34.815679,34.665000,34.815679,34.665000,34.036647,1.966995,2.009060,6.437191,6.437366,17.061429,59491,2.476021
463127:ApriltagsCameraLog(1):,8,34.815679,36.017000,34.815679,36.017000,34.032041,1.957650,2.004881,6.419336,6.437332,20.884077,59491,2.705537
463146:ApriltagsCameraLog(1):,7,34.032041,33.805000,34.032041,33.805000,33.664858,1.961174,2.000578,6.440576,6.435612,17.138198,59493,2.469716
463148:ApriltagsCameraLog(1):,8,34.032041,35.148000,34.032041,35.148000,33.659550,1.954368,1.996611,6.425586,6.436068,20.704559,59493,2.703247
463185:ApriltagsCameraLog(1):,7,33.659550,33.202000,33.659550,33.202000,32.860553,1.959194,1.992886,6.443766,6.434597,17.510006,59494,2.467986
463187:ApriltagsCameraLog(1):,8,33.659550,34.638000,33.659550,34.638000,32.852606,1.952443,1.989561,6.429515,6.435399,20.440385,59494,2.702331
463205:ApriltagsCameraLog(1):,7,32.852606,32.948000,32.852606,32.948000,32.456031,1.967614,1.986370,6.431107,6.434850,16.915309,59495,2.469434
463207:ApriltagsCameraLog(1):,8,32.852606,34.337000,32.852606,34.337000,32.449830,1.962976,1.984480,6.416274,6.434420,21.376166,59495,2.701654
463224:ApriltagsCameraLog(1):,7,32.449830,32.464000,32.449830,32.464000,32.054097,1.962090,1.982413,6.430627,6.432967,16.727616,59496,2.462993
463232:ApriltagsCameraLog(1):,8,32.449830,33.710000,32.449830,33.710000,32.047224,1.959958,1.980324,6.417956,6.432712,20.930260,59496,2.698484
463245:ApriltagsCameraLog(1):,7,32.047224,31.768000,32.047224,31.768000,31.644335,1.961767,1.978388,6.436469,6.430597,17.175142,59497,2.463575
463248:ApriltagsCameraLog(1):,8,32.047224,33.223000,32.047224,33.223000,31.633844,1.954363,1.976688,6.424063,6.431084,20.745555,59497,2.695371
463265:ApriltagsCameraLog(1):,7,31.633844,31.501000,31.633844,31.501000,31.144751,1.962295,1.975294,6.436325,6.428811,16.924968,59498,2.462885
463267:ApriltagsCameraLog(1):,8,31.633844,32.956000,31.633844,32.956000,31.136000,1.955385,1.974004,6.424788,6.429309,21.014925,59498,2.695111
463284:ApriltagsCameraLog(1):,7,31.136000,30.884000,31.136000,30.884000,30.590673,1.959433,1.974406,6.436303,6.424176,17.090451,59499,2.458795
463287:ApriltagsCameraLog(1):,8,31.136000,32.168000,31.136000,32.168000,30.579257,1.952985,1.973144,6.422178,6.424707,20.430185,59499,2.689878
463305:ApriltagsCameraLog(1):,7,30.579257,30.666000,30.579257,30.666000,30.137301,1.961113,1.973647,6.433451,6.418643,16.807275,59500,2.457842
463308:ApriltagsCameraLog(1):,8,30.579257,32.006000,30.579257,32.006000,30.128596,1.956540,1.972826,6.420257,6.419101,21.161211,59500,2.689878
463324:ApriltagsCameraLog(1):,7,30.128596,29.713000,30.128596,29.713000,29.714066,1.960936,1.976256,6.440020,6.411657,17.361499,59501,2.458594
463326:ApriltagsCameraLog(1):,8,30.128596,31.174000,30.128596,31.174000,29.700114,1.949368,1.975491,6.426140,6.412969,20.412339,59501,2.685049
463344:ApriltagsCameraLog(1):,7,29.700114,29.180000,29.700114,29.180000,29.230126,1.956226,1.981597,6.444903,6.402337,17.501801,59502,2.454564
463346:ApriltagsCameraLog(1):,8,29.700114,30.448000,29.700114,30.448000,29.216710,1.949728,1.980384,6.434558,6.404518,19.888479,59502,2.688069
463364:ApriltagsCameraLog(1):,7,29.216710,28.672000,29.216710,28.672000,28.761712,1.957524,1.984897,6.439129,6.388532,17.524585,59503,2.452414
463366:ApriltagsCameraLog(1):,8,29.216710,30.135000,29.216710,30.135000,28.747979,1.945600,1.983742,6.426077,6.390474,20.118620,59503,2.678316
463385:ApriltagsCameraLog(1):,7,28.747979,28.156000,28.747979,28.156000,28.382492,1.957418,1.988415,6.436135,6.371774,17.582000,59504,2.449919
463388:ApriltagsCameraLog(1):,8,28.747979,29.383000,28.747979,29.383000,28.367755,1.948790,1.986599,6.425389,6.373969,19.601603,59504,2.678898
463406:ApriltagsCameraLog(1):,7,28.367755,27.541000,28.367755,27.541000,27.996274,1.960677,1.994165,6.433020,6.352352,17.979478,59505,2.450816
463409:ApriltagsCameraLog(1):,8,28.367755,28.869000,28.367755,28.869000,27.980378,1.947816,1.993708,6.420933,6.355958,19.316492,59505,2.674310
463424:ApriltagsCameraLog(1):,,,,,,27.616795,,2.001860,,6.331963,,,
463445:ApriltagsCameraLog(1):,7,27.980378,27.084000,27.980378,27.084000,27.207554,1.958414,2.013410,6.429510,6.304093,18.056168,59506,2.446350
463447:ApriltagsCameraLog(1):,8,27.980378,28.339000,27.980378,28.339000,27.191466,1.948101,2.011450,6.419741,6.307790,19.038635,59506,2.672438
463466:ApriltagsCameraLog(1):,7,27.191466,26.165000,27.191466,26.165000,26.695028,1.972685,2.015800,6.397418,6.274219,18.278571,59508,2.447125
463470:ApriltagsCameraLog(1):,8,27.191466,27.622000,27.191466,27.622000,26.677113,1.960921,2.014002,6.388775,6.278320,19.107292,59508,2.664827
463486:ApriltagsCameraLog(1):,7,26.677113,25.995000,26.677113,25.995000,26.136915,1.971152,2.018469,6.374772,6.242826,17.621949,59509,2.437086
463489:ApriltagsCameraLog(1):,8,26.677113,27.418000,26.677113,27.418000,26.121208,1.959845,2.015770,6.363931,6.246899,19.545005,59509,2.649603
463503:ApriltagsCameraLog(1):,7,26.121208,25.475000,26.121208,25.475000,25.624471,1.977874,2.019784,6.346160,6.206796,17.530100,59510,2.433256
463506:ApriltagsCameraLog(1):,8,26.121208,26.826000,26.121208,26.826000,25.608317,1.973108,2.018692,6.338802,6.211342,19.455593,59510,2.646832
463524:ApriltagsCameraLog(1):,7,25.608317,25.223000,25.608317,25.223000,25.033620,1.979166,2.023077,6.322498,6.170988,17.041348,59511,2.426135
463526:ApriltagsCameraLog(1):,8,25.608317,26.383000,25.608317,26.383000,25.020269,1.971423,2.020371,6.314157,6.175638,19.451387,59511,2.631608
463544:ApriltagsCameraLog(1):,7,25.020269,24.834000,25.020269,24.834000,24.693654,1.977650,2.025200,6.291779,6.130378,16.619226,59512,2.414415
463546:ApriltagsCameraLog(1):,8,25.020269,25.873000,25.020269,25.873000,24.682541,1.973321,2.022017,6.282414,6.135989,19.458137,59512,2.616157
463564:ApriltagsCameraLog(1):,7,24.682541,24.331000,24.682541,24.331000,23.659242,1.981627,2.019093,6.268532,6.089767,16.861193,59513,2.411073
463565:ApriltagsCameraLog(1):,8,24.682541,25.444000,24.682541,25.444000,23.647575,1.974897,2.016379,6.259369,6.095488,19.204326,59513,2.605683
463584:ApriltagsCameraLog(1):,7,23.647575,23.764000,23.647575,23.764000,22.910078,1.985737,2.012862,6.219858,6.053088,16.387296,59514,2.399838
463585:ApriltagsCameraLog(1):,8,23.647575,24.858000,23.647575,24.858000,22.896945,1.985706,2.010234,6.212034,6.057626,19.867133,59514,2.590252
463624:ApriltagsCameraLog(1):,7,22.896945,23.123000,22.896945,23.123000,21.202483,1.990312,2.005194,6.183303,5.950962,16.514210,59515,2.393644
463625:ApriltagsCameraLog(1):,8,22.896945,24.217000,22.896945,24.217000,21.189894,1.989574,2.004809,6.174807,5.956109,19.921741,59515,2.574828
463664:ApriltagsCameraLog(1):,7,21.189894,22.523000,21.189894,22.523000,19.012395,2.003459,1.999949,6.107082,5.854323,18.231720,59516,2.385892
463666:ApriltagsCameraLog(1):,8,21.189894,23.737000,21.189894,23.737000,19.004859,2.010362,1.999597,6.100343,5.855972,21.900067,59516,2.556785
463704:ApriltagsCameraLog(1):,7,19.004859,20.695000,19.004859,20.695000,16.944198,2.013929,1.993265,6.001434,5.746117,18.682284,59518,2.372654
463705:ApriltagsCameraLog(1):,8,19.004859,21.626000,19.004859,21.626000,16.935823,2.034834,1.993989,5.999576,5.748001,21.793679,59518,2.533450
463724:ApriltagsCameraLog(1):,7,16.935823,19.419000,16.935823,19.419000,15.220562,2.015237,1.991279,5.893665,5.692831,19.780853,59520,2.355751
463727:ApriltagsCameraLog(1):,8,16.935823,20.429000,16.935823,20.429000,15.221244,2.035546,1.992128,5.889625,5.694827,22.827400,59520,2.489717
463744:ApriltagsCameraLog(1):,7,15.221244,17.730000,15.221244,17.730000,14.129222,2.003706,1.989171,5.802679,5.637774,19.595966,59522,2.333225
463746:ApriltagsCameraLog(1):,8,15.221244,18.560000,15.221244,18.560000,14.131237,2.024756,1.989354,5.798681,5.639868,22.102229,59522,2.446242
463764:ApriltagsCameraLog(1):,,,,,,12.585886,,1.985301,,5.583711,,,
463784:ApriltagsCameraLog(1):,7,14.131237,16.624000,14.131237,16.624000,10.528696,2.000192,1.977262,5.753922,5.525218,19.488370,59523,2.324966
463785:ApriltagsCameraLog(1):,8,14.131237,17.519000,14.131237,17.519000,10.533146,2.018357,1.977334,5.751248,5.527285,21.938263,59523,2.423350
463803:ApriltagsCameraLog(1):,7,10.533146,14.119000,10.533146,14.119000,9.235029,1.994587,1.969283,5.620315,5.470192,21.038110,59525,2.310663
463805:ApriltagsCameraLog(1):,8,10.533146,14.720000,10.533146,14.720000,9.240946,2.024148,1.969510,5.618705,5.470246,22.816137,59525,2.385324
463824:ApriltagsCameraLog(1):,7,9.240946,12.574000,9.240946,12.574000,6.941701,1.991098,1.964498,5.571134,5.410977,20.599855,59526,2.306277
463825:ApriltagsCameraLog(1):,8,9.240946,13.131000,9.240946,13.131000,6.951160,2.020416,1.964965,5.569182,5.412094,22.141255,59526,2.367546
463843:ApriltagsCameraLog(1):,,,,,,5.064233,,1.957530,,5.352314,,,
463863:ApriltagsCameraLog(1):,7,6.951160,11.217000,6.951160,11.217000,3.138879,1.992928,1.950406,5.490349,5.292556,22.069284,59527,2.308753
463865:ApriltagsCameraLog(1):,8,6.951160,11.468000,6.951160,11.468000,3.150439,2.029290,1.951448,5.487452,5.291669,22.993362,59527,2.354887
463884:ApriltagsCameraLog(1):,,,,,,1.164092,,1.946057,,5.231420,,,
463924:ApriltagsCameraLog(1):,7,3.150439,8.131000,3.150439,8.131000,-2.480622,1.973667,1.922112,5.370504,5.112836,23.015895,59529,2.295480
463925:ApriltagsCameraLog(1):,8,3.150439,7.680000,3.150439,7.680000,-2.458314,2.018902,1.922896,5.370034,5.113245,22.576388,59529,2.317281
463965:ApriltagsCameraLog(1):,7,-2.458314,2.255000,-2.458314,2.255000,-7.520909,1.952757,1.910617,5.197355,4.993695,22.606410,59532,2.295574
463967:ApriltagsCameraLog(1):,8,-2.458314,2.333000,-2.458314,2.333000,-7.501805,1.994816,1.911273,5.197341,4.993514,22.363097,59532,2.264884
464004:ApriltagsCameraLog(1):,7,-7.501805,0.503000,-7.501805,0.503000,-12.252786,1.923448,1.895499,5.035288,4.883045,27.733570,59533,2.300428
464006:ApriltagsCameraLog(1):,8,-7.501805,0.363000,-7.501805,0.363000,-12.221060,1.989843,1.894030,5.032705,4.880375,26.763711,59533,2.247656
464024:ApriltagsCameraLog(1):,7,-12.221060,-3.795000,-12.221060,-3.795000,-14.735549,1.897048,1.896347,4.907171,4.829904,28.501137,59535,2.308480
464026:ApriltagsCameraLog(1):,8,-12.221060,-3.914000,-12.221060,-3.914000,-14.708812,1.966764,1.894978,4.903876,4.825171,27.043211,59535,2.221501
464044:ApriltagsCameraLog(1):,,,,,,-17.376111,,1.895337,,4.777551,,,
464065:ApriltagsCameraLog(1):,7,-14.708812,-8.320000,-14.708812,-8.320000,-20.262769,1.907859,1.897197,4.857804,4.740394,25.643842,59537,2.330895
464067:ApriltagsCameraLog(1):,8,-14.708812,-8.127000,-14.708812,-8.127000,-20.240540,1.954574,1.897425,4.860750,4.738265,24.297128,59537,2.206610
464084:ApriltagsCameraLog(1):,7,-20.240540,-13.753000,-20.240540,-13.753000,-23.225948,1.902162,1.900420,4.723465,4.700461,26.287708,59539,2.367998
464085:ApriltagsCameraLog(1):,8,-20.240540,-13.366000,-20.240540,-13.366000,-23.211153,1.950739,1.900425,4.730567,4.695301,24.738192,59539,2.207509
464103:ApriltagsCameraLog(1):,7,-23.211153,-18.538000,-23.211153,-18.538000,-26.323557,1.896529,1.901594,4.665035,4.659617,23.555591,59540,2.381691
464106:ApriltagsCameraLog(1):,8,-23.211153,-17.477000,-23.211153,-17.477000,-26.323602,1.953018,1.899391,4.669856,4.653073,23.134498,59540,2.212921
464124:ApriltagsCameraLog(1):,7,-26.323602,-19.503000,-26.323602,-19.503000,-29.459390,1.894461,1.898844,4.591035,4.624662,27.346702,59541,2.407233
464131:ApriltagsCameraLog(1):,8,-26.323602,-19.515000,-26.323602,-19.515000,-29.443596,1.954519,1.897960,4.599784,4.617722,24.828280,59541,2.221397
464164:ApriltagsCameraLog(1):,7,-29.443596,-24.731000,-29.443596,-24.731000,-35.427717,1.891781,1.896264,4.554020,4.588036,23.998445,59542,2.413937
464166:ApriltagsCameraLog(1):,8,-29.443596,-22.390000,-29.443596,-22.390000,-35.425253,1.954624,1.895123,4.560076,4.581186,25.177939,59542,2.220501
464184:ApriltagsCameraLog(1):,,,,,,-38.164788,,1.897461,,4.567866,,,
464204:ApriltagsCameraLog(1):,7,-35.425253,-29.647000,-35.425253,-29.647000,-40.831719,1.911257,1.896180,4.462810,4.563046,26.304751,59544,2.458940
464206:ApriltagsCameraLog(1):,8,-35.425253,-27.469000,-35.425253,-27.469000,-40.819023,1.953522,1.897104,4.478538,4.553954,26.515484,59544,2.220839
464224:ApriltagsCameraLog(1):,,,,,,-43.207209,,1.900561,,4.543882,,,
464244:ApriltagsCameraLog(1):,7,-40.819023,-32.547000,-40.819023,-32.547000,-45.223200,1.883825,1.900545,4.427321,4.540371,30.128407,59546,2.436102
464246:ApriltagsCameraLog(1):,8,-40.819023,-32.206000,-40.819023,-32.206000,-45.190068,1.926767,1.899132,4.432576,4.532819,27.000881,59546,2.188306
464264:ApriltagsCameraLog(1):,7,-45.190068,-39.010000,-45.190068,-39.010000,-46.639510,1.900976,1.901005,4.398689,4.521916,26.842660,59548,2.448744
464266:ApriltagsCameraLog(1):,8,-45.190068,-37.433000,-45.190068,-37.433000,-46.614366,1.937001,1.900664,4.406363,4.512699,25.738917,59548,2.186878
464284:ApriltagsCameraLog(1):,7,-46.614366,-41.143000,-46.614366,-41.143000,-47.452347,1.936623,1.903399,4.419094,4.502816,25.794536,59549,2.459055
464304:ApriltagsCameraLog(1):,7,-47.452347,-42.782000,-47.452347,-42.782000,-47.868431,1.936410,1.906994,4.439962,4.495876,24.269359,59550,2.442892
464324:ApriltagsCameraLog(1):,7,-47.868431,-42.981000,-47.868431,-42.981000,-47.884284,1.958186,1.909415,4.483500,4.491379,24.518393,59551,2.433649
464364:ApriltagsCameraLog(1):,7,-47.884284,-44.238000,-47.884284,-44.238000,-47.438019,1.969377,1.913375,4.496756,4.491312,22.492204,59552,2.435287
464384:ApriltagsCameraLog(1):,7,-47.438019,-44.001000,-47.438019,-44.001000,-47.254652,1.987621,1.917900,4.538958,4.491943,22.080350,59554,2.429060
464403:ApriltagsCameraLog(1):,,,,,,-47.136263,,1.923340,,4.496528,,,
464424:ApriltagsCameraLog(1):,7,-47.254652,-43.614000,-47.254652,-43.614000,-47.089571,1.983237,1.923329,4.534960,4.496226,22.408156,59555,2.428435
464443:ApriltagsCameraLog(1):,,,,,,-47.014427,,1.927903,,4.499506,,,
464470:ApriltagsCameraLog(1):,7,-47.089571,-43.244000,-47.089571,-43.244000,-46.981468,1.978705,1.927914,4.533871,4.499808,22.717936,59557,2.426011
464483:ApriltagsCameraLog(1):,,,,,,-46.930984,,1.931912,,4.502079,,,
464504:ApriltagsCameraLog(1):,7,-46.981468,-43.079000,-46.981468,-43.079000,-46.936477,1.982348,1.931912,4.535821,4.502079,22.838742,59559,2.428479
464523:ApriltagsCameraLog(1):,,,,,,-46.916172,,1.935893,,4.504569,,,
464544:ApriltagsCameraLog(1):,7,-46.936477,-43.161000,-46.936477,-43.161000,-46.921665,1.977818,1.935906,4.539385,4.504871,22.569113,59561,2.422943
464564:ApriltagsCameraLog(1):,7,-46.921665,-43.091000,-46.921665,-43.091000,-46.866819,1.981668,1.938958,4.539786,4.507191,22.693479,59563,2.426011
464585:ApriltagsCameraLog(1):,7,-46.866819,-43.083000,-46.866819,-43.083000,-46.784304,1.978925,1.942039,4.538246,4.509634,22.603413,59564,2.424814
464604:ApriltagsCameraLog(1):,7,-46.784304,-43.135000,-46.784304,-43.135000,-46.635884,1.980489,1.944956,4.544743,4.512074,22.362398,59565,2.422943
464623:ApriltagsCameraLog(1):,,,,,,-46.457719,,1.947794,,4.514276,,,
464644:ApriltagsCameraLog(1):,7,-46.635884,-43.092000,-46.635884,-43.092000,-46.298418,1.982978,1.948107,4.546384,4.514570,22.209956,59566,2.424814
464684:ApriltagsCameraLog(1):,7,-46.298418,-42.927000,-46.298418,-42.927000,-45.999447,1.987005,1.950969,4.556551,4.517041,21.920775,59568,2.424219
464703:ApriltagsCameraLog(1):,,,,,,-45.662290,,1.953977,,4.519836,,,
464724:ApriltagsCameraLog(1):,7,-45.999447,-42.786000,-45.999447,-42.786000,-45.437071,1.988371,1.954280,4.556419,4.519837,21.689188,59570,2.426810
464744:ApriltagsCameraLog(1):,7,-45.437071,-42.344000,-45.437071,-42.344000,-45.180798,1.992493,1.957152,4.560234,4.522696,21.533290,59572,2.430791
464763:ApriltagsCameraLog(1):,7,-45.180798,-42.148000,-45.180798,-42.148000,-44.933146,1.993287,1.960146,4.565746,4.525676,21.422427,59573,2.429665
464784:ApriltagsCameraLog(1):,7,-44.933146,-41.954000,-44.933146,-41.954000,-44.667088,1.990346,1.962954,4.560158,4.529188,21.351327,59575,2.431311
464805:ApriltagsCameraLog(1):,7,-44.667088,-41.646000,-44.667088,-41.646000,-44.377733,1.991360,1.965272,4.562383,4.531704,21.429305,59576,2.432173
464825:ApriltagsCameraLog(1):,7,-44.377733,-41.384000,-44.377733,-41.384000,-44.055241,1.991060,1.967476,4.560015,4.534175,21.408443,59577,2.434497
464843:ApriltagsCameraLog(1):,,,,,,-43.707813,,1.969466,,4.536248,,,
464864:ApriltagsCameraLog(1):,7,-44.055241,-41.246000,-44.055241,-41.246000,-43.375477,1.994881,1.969467,4.566035,4.536255,21.119310,59578,2.435945
464883:ApriltagsCameraLog(1):,,,,,,-42.996176,,1.971939,,4.538688,,,
464905:ApriltagsCameraLog(1):,7,-43.375477,-40.889000,-43.375477,-40.889000,-42.639121,1.999510,1.971940,4.579247,4.538696,20.586542,59579,2.435884
464924:ApriltagsCameraLog(1):,,,,,,-42.239703,,1.974381,,4.542385,,,
464944:ApriltagsCameraLog(1):,7,-42.639121,-40.043000,-42.639121,-40.043000,-42.050189,1.997045,1.974696,4.570752,4.542104,20.824642,59582,2.441573
464964:ApriltagsCameraLog(1):,7,-42.050189,-39.774000,-42.050189,-39.774000,-41.441710,2.002062,1.976339,4.582476,4.544760,20.302185,59583,2.442232
464984:ApriltagsCameraLog(1):,7,-41.441710,-39.291000,-41.441710,-39.291000,-41.212572,2.003004,1.978922,4.578431,4.547990,20.149099,59585,2.447831
465004:ApriltagsCameraLog(1):,,,,,,-40.524018,,1.980769,,4.550578,,,
465024:ApriltagsCameraLog(1):,7,-41.212572,-38.877000,-41.212572,-38.877000,-40.068085,2.000645,1.981071,4.571790,4.550610,20.480292,59586,2.450329
465026:ApriltagsCameraLog(1):,8,-41.212572,-38.110000,-41.212572,-38.110000,-40.044647,1.984661,1.982790,4.574377,4.552381,19.009523,59586,2.188530
465044:ApriltagsCameraLog(1):,7,-40.044647,-38.579000,-40.044647,-38.579000,-39.525529,2.014201,1.983357,4.598613,4.554111,19.059838,59587,2.452929
465046:ApriltagsCameraLog(1):,8,-40.044647,-37.981000,-40.044647,-37.981000,-39.502121,1.990227,1.986273,4.601066,4.558068,17.525458,59587,2.190937
465066:ApriltagsCameraLog(1):,7,-39.502121,-38.110000,-39.502121,-38.110000,-39.233997,2.013403,1.986805,4.606329,4.562233,18.916459,59588,2.450608
465068:ApriltagsCameraLog(1):,8,-39.502121,-37.578000,-39.502121,-37.578000,-39.212057,1.991206,1.989349,4.609218,4.566190,17.332758,59588,2.191985
465104:ApriltagsCameraLog(1):,7,-39.212057,-37.563000,-39.212057,-37.563000,-38.026005,2.012807,1.989946,4.598134,4.570743,19.389249,59589,2.455560
465106:ApriltagsCameraLog(1):,8,-39.212057,-36.913000,-39.212057,-36.913000,-38.004331,1.991309,1.992074,4.601265,4.573171,17.917688,59589,2.196043
465123:ApriltagsCameraLog(1):,,,,,,-37.443870,,1.992108,,4.575887,,,
465143:ApriltagsCameraLog(1):,7,-38.004331,-36.902000,-38.004331,-36.902000,-36.949485,2.018042,1.992108,4.610862,4.575897,18.506748,59591,2.458656
465145:ApriltagsCameraLog(1):,8,-38.004331,-36.162000,-38.004331,-36.162000,-36.930357,1.993703,1.994579,4.612725,4.579125,17.296174,59591,2.200672
465164:ApriltagsCameraLog(1):,7,-36.930357,-36.099000,-36.930357,-36.099000,-36.670953,2.023525,1.995210,4.617066,4.582554,18.107753,59593,2.464737
465166:ApriltagsCameraLog(1):,8,-36.930357,-35.492000,-36.930357,-35.492000,-36.656174,1.995676,1.997992,4.619381,4.585803,16.752632,59593,2.205752
465184:ApriltagsCameraLog(1):,7,-36.656174,-35.762000,-36.656174,-35.762000,-35.927355,2.017862,1.998173,4.609124,4.589575,18.215244,59594,2.465021
465185:ApriltagsCameraLog(1):,8,-36.656174,-35.027000,-36.656174,-35.027000,-35.914365,1.994406,2.000136,4.612343,4.591441,17.053520,59594,2.208054
465204:ApriltagsCameraLog(1):,7,-35.914365,-35.317000,-35.914365,-35.317000,-35.394999,2.023528,2.000282,4.618441,4.593991,17.746370,59595,2.468253
465205:ApriltagsCameraLog(1):,8,-35.914365,-34.911000,-35.914365,-34.911000,-35.379309,1.996262,2.002662,4.621875,4.596397,16.157207,59595,2.210485
465224:ApriltagsCameraLog(1):,7,-35.379309,-34.813000,-35.379309,-34.813000,-34.780540,2.025365,2.002791,4.623837,4.599414,17.703410,59596,2.469323
465225:ApriltagsCameraLog(1):,8,-35.379309,-34.201000,-35.379309,-34.201000,-34.765357,1.998403,2.005130,4.626122,4.601827,16.443903,59596,2.213818
465244:ApriltagsCameraLog(1):,7,-34.765357,-34.274000,-34.765357,-34.274000,-34.178805,2.027096,2.005295,4.629946,4.604390,17.585790,59597,2.470271
465245:ApriltagsCameraLog(1):,8,-34.765357,-33.588000,-34.765357,-33.588000,-34.164543,1.999677,2.007592,4.631099,4.606889,16.466372,59597,2.216488
465263:ApriltagsCameraLog(1):,,,,,,-33.704555,,2.008023,,4.608968,,,
465284:ApriltagsCameraLog(1):,7,-34.164543,-33.840000,-34.164543,-33.840000,-33.427150,2.032928,2.009052,4.632662,4.608563,17.356911,59598,2.476414
465286:ApriltagsCameraLog(1):,8,-34.164543,-33.369000,-34.164543,-33.369000,-33.414676,2.000998,2.011702,4.635598,4.610862,15.928041,59598,2.219284
465303:ApriltagsCameraLog(1):,,,,,,-33.227869,,2.012703,,4.614136,,,
465344:ApriltagsCameraLog(1):,7,-33.227869,-32.023000,-33.227869,-32.023000,-32.988917,2.024905,2.016558,4.599530,4.615545,18.956589,59603,2.489771
465345:ApriltagsCameraLog(1):,8,-33.227869,-31.455000,-33.227869,-31.455000,-32.977101,2.003401,2.017550,4.604140,4.614172,17.522960,59603,2.235523
465363:ApriltagsCameraLog(1):,,,,,,-32.812484,,2.019684,,4.614768,,,
465388:ApriltagsCameraLog(1):,7,-32.977101,-31.906000,-32.977101,-31.906000,-32.633956,2.024888,2.029976,4.602176,4.618458,18.727007,59605,2.489402
465390:ApriltagsCameraLog(1):,8,-32.977101,-31.233000,-32.977101,-31.233000,-32.623572,2.006535,2.030540,4.606053,4.617202,17.513681,59605,2.239093
465425:ApriltagsCameraLog(1):,7,-32.623572,-31.679000,-32.623572,-31.679000,-32.162795,2.030085,2.047988,4.609275,4.624613,18.533155,59606,2.491706
465427:ApriltagsCameraLog(1):,8,-32.623572,-30.993000,-32.623572,-30.993000,-32.151717,2.010360,2.048646,4.611658,4.624150,17.377755,59606,2.242681
465444:ApriltagsCameraLog(1):,7,-32.151717,-31.398000,-32.151717,-31.398000,-31.981170,2.039342,2.064002,4.619335,4.629345,18.251716,59607,2.496559
465445:ApriltagsCameraLog(1):,8,-32.151717,-30.854000,-32.151717,-30.854000,-31.969249,2.012793,2.064819,4.622888,4.629550,16.890807,59607,2.243830
465484:ApriltagsCameraLog(1):,7,-31.969249,-31.349000,-31.969249,-31.349000,-31.793597,2.043098,2.109130,4.622456,4.629800,18.045838,59608,2.498989
465485:ApriltagsCameraLog(1):,8,-31.969249,-30.676000,-31.969249,-30.676000,-31.783980,2.018238,2.109485,4.626732,4.630116,16.928499,59608,2.248741
465524:ApriltagsCameraLog(1):,7,-31.783980,-30.917000,-31.783980,-30.917000,-31.744017,2.063352,2.173784,4.618487,4.630281,18.641582,59610,2.519292
465525:ApriltagsCameraLog(1):,8,-31.783980,-30.482000,-31.783980,-30.482000,-31.733839,2.036651,2.172725,4.622680,4.630664,17.119278,59610,2.268394
465544:ApriltagsCameraLog(1):,7,-31.733839,-30.862000,-31.733839,-30.862000,-31.572292,2.086791,2.205042,4.618280,4.626172,18.830300,59612,2.540032
465546:ApriltagsCameraLog(1):,8,-31.733839,-30.291000,-31.733839,-30.291000,-31.563167,2.063088,2.202104,4.623273,4.625124,17.564599,59612,2.293733
465564:ApriltagsCameraLog(1):,7,-31.563167,-30.733000,-31.563167,-30.733000,-31.393258,2.107854,2.238286,4.625293,4.616687,18.894144,59613,2.555731
465566:ApriltagsCameraLog(1):,8,-31.563167,-30.130000,-31.563167,-30.130000,-31.383191,2.084617,2.235151,4.628884,4.616444,17.730794,59613,2.313526
465585:ApriltagsCameraLog(1):,7,-31.383191,-30.469000,-31.383191,-30.469000,-31.170849,2.139039,2.274489,4.629654,4.608243,19.267865,59614,2.581745
465587:ApriltagsCameraLog(1):,8,-31.383191,-30.012000,-31.383191,-30.012000,-31.159307,2.107511,2.271844,4.637136,4.609382,17.820870,59614,2.333993
465604:ApriltagsCameraLog(1):,7,-31.159307,-30.852000,-31.159307,-30.852000,-30.848011,2.157421,2.308921,4.638117,4.602830,18.304465,59615,2.594841
465606:ApriltagsCameraLog(1):,8,-31.159307,-30.244000,-31.159307,-30.244000,-30.841939,2.130176,2.305052,4.641530,4.605048,17.295079,59615,2.355599
465625:ApriltagsCameraLog(1):,7,-30.841939,-30.337000,-30.841939,-30.337000,-30.542991,2.183811,2.343832,4.631607,4.593061,18.887562,59616,2.622462
465627:ApriltagsCameraLog(1):,8,-30.841939,-29.931000,-30.841939,-29.931000,-30.533943,2.153417,2.338914,4.634860,4.594389,17.512173,59616,2.381263
465643:ApriltagsCameraLog(1):,,,,,,-30.228572,,2.379657,,4.581306,,,
465684:ApriltagsCameraLog(1):,7,-30.533943,-30.191000,-30.533943,-30.191000,-29.690242,2.240707,2.477952,4.621737,4.535727,19.061404,59618,2.678673
465685:ApriltagsCameraLog(1):,8,-30.533943,-29.616000,-30.533943,-29.616000,-29.685134,2.210736,2.472571,4.625716,4.538590,18.039388,59618,2.440337
465705:ApriltagsCameraLog(1):,7,-29.685134,-29.516000,-29.685134,-29.516000,-29.412566,2.307466,2.513751,4.610601,4.518036,19.292879,59620,2.746500
465707:ApriltagsCameraLog(1):,8,-29.685134,-28.751000,-29.685134,-28.751000,-29.407767,2.278203,2.505985,4.614713,4.522907,18.694902,59620,2.512218
465724:ApriltagsCameraLog(1):,,,,,,-29.172296,,2.546862,,4.503415,,,
465744:ApriltagsCameraLog(1):,7,-29.407767,-29.305000,-29.407767,-29.305000,-28.960809,2.377231,2.598905,4.561860,4.472390,19.856916,59622,2.831866
465746:ApriltagsCameraLog(1):,8,-29.407767,-28.715000,-29.407767,-28.715000,-28.958799,2.349919,2.590438,4.569002,4.474637,18.989874,59622,2.594944
465764:ApriltagsCameraLog(1):,,,,,,-28.706124,,2.631377,,4.439238,,,
465785:ApriltagsCameraLog(1):,7,-28.958799,-28.527000,-28.958799,-28.527000,-28.450692,2.418974,2.680737,4.553243,4.402742,20.861250,59623,2.874719
465787:ApriltagsCameraLog(1):,8,-28.958799,-27.998000,-28.958799,-27.998000,-28.444217,2.387180,2.672550,4.560153,4.406147,19.819345,59623,2.635253
465804:ApriltagsCameraLog(1):,7,-28.444217,-29.055000,-28.444217,-29.055000,-28.231684,2.483549,2.713018,4.507602,4.372879,21.900119,59625,2.954937
465807:ApriltagsCameraLog(1):,8,-28.444217,-28.285000,-28.444217,-28.285000,-28.233681,2.463461,2.705977,4.507968,4.377179,19.102844,59625,2.725433
465824:ApriltagsCameraLog(1):,7,-28.233681,-29.048000,-28.233681,-29.048000,-28.010989,2.537456,2.746967,4.481323,4.337939,22.845911,59626,3.015702
465826:ApriltagsCameraLog(1):,8,-28.233681,-28.252000,-28.233681,-28.252000,-28.015146,2.509779,2.740737,4.487455,4.341289,19.248225,59626,2.776629
465843:ApriltagsCameraLog(1):,7,-28.015146,-27.758000,-28.015146,-27.758000,-27.759159,2.564116,2.784288,4.441722,4.301793,22.018701,59627,3.058337
465845:ApriltagsCameraLog(1):,8,-28.015146,-26.874000,-28.015146,-26.874000,-27.753928,2.532018,2.777247,4.448937,4.304509,21.704035,59627,2.810121
465864:ApriltagsCameraLog(1):,,,,,,-27.526365,,2.814891,,4.264134,,,
465884:ApriltagsCameraLog(1):,7,-27.753928,-28.697000,-27.753928,-28.697000,-27.350584,2.612787,2.865308,4.422015,4.217386,23.957466,59628,3.111602
465885:ApriltagsCameraLog(1):,8,-27.753928,-28.246000,-27.753928,-28.246000,-27.355559,2.579262,2.860119,4.431325,4.221868,20.871850,59628,2.861622
465904:ApriltagsCameraLog(1):,,,,,,-27.161927,,2.903044,,4.178667,,,
465924:ApriltagsCameraLog(1):,7,-27.355559,-27.597000,-27.355559,-27.597000,-26.942201,2.682934,2.957253,4.351002,4.129358,23.212176,59630,3.208119
465926:ApriltagsCameraLog(1):,8,-27.355559,-26.870000,-27.355559,-26.870000,-26.942750,2.655607,2.948259,4.357652,4.135284,21.672000,59630,2.958553
465943:ApriltagsCameraLog(1):,,,,,,-25.747415,,2.981320,,4.095879,,,
465964:ApriltagsCameraLog(1):,7,-26.942750,-27.016000,-26.942750,-27.016000,-22.193338,2.771477,3.014983,4.270147,4.055677,23.779240,59632,3.325790
465969:ApriltagsCameraLog(1):,8,-26.942750,-26.400000,-26.942750,-26.400000,-22.191760,2.738917,3.007632,4.280001,4.060710,22.680368,59632,3.064095
465983:ApriltagsCameraLog(1):,7,-22.191760,-27.525000,-22.191760,-27.525000,-17.532026,2.933903,3.031982,4.400663,4.030888,37.472545,59634,3.429846
465985:ApriltagsCameraLog(1):,8,-22.191760,-26.754000,-22.191760,-26.754000,-17.538186,2.861845,3.032527,4.405318,4.045028,32.487936,59634,3.163714
466003:ApriltagsCameraLog(1):,7,-17.538186,-24.624000,-17.538186,-24.624000,-12.398928,3.057176,3.067793,4.502398,4.025155,42.969418,59635,3.518647
466005:ApriltagsCameraLog(1):,8,-17.538186,-23.500000,-17.538186,-23.500000,-12.402780,2.945376,3.072281,4.510673,4.043014,36.545773,59635,3.236969
466023:ApriltagsCameraLog(1):,,,,,,-6.932722,,3.108092,,4.025221,,,
466045:ApriltagsCameraLog(1):,,,,,,-1.758161,,3.143192,,3.997629,,,
466065:ApriltagsCameraLog(1):,,,,,,2.900042,,3.184383,,3.962680,,,
466083:ApriltagsCameraLog(1):,,,,,,7.187457,,3.230248,,3.927300,,,
466123:ApriltagsCameraLog(1):,,,,,,14.666399,,3.321056,,3.868504,,,
466143:ApriltagsCameraLog(1):,,,,,,17.248187,,3.358203,,3.841260,,,
466163:ApriltagsCameraLog(1):,,,,,,18.341326,,3.386912,,3.799380,,,
466183:ApriltagsCameraLog(1):,,,,,,21.211504,,3.417812,,3.757126,,,
466204:ApriltagsCameraLog(1):,,,,,,22.532610,,3.446205,,3.721658,,,
466223:ApriltagsCameraLog(1):,,,,,,23.249468,,3.463993,,3.681340,,,
466244:ApriltagsCameraLog(1):,16,21.211504,22.218000,21.211504,22.218000,23.730120,2.798675,3.482876,3.918986,3.640254,10.741857,59641,1.594945
466264:ApriltagsCameraLog(1):,,,,,,24.127002,,3.402381,,3.623239,,,
466283:ApriltagsCameraLog(1):,,,,,,24.429126,,3.412673,,3.582631,,,
466304:ApriltagsCameraLog(1):,9,23.730120,32.463000,23.730120,32.463000,24.692798,2.844782,3.422696,3.730523,3.544413,53.135741,59649,3.920620
466325:ApriltagsCameraLog(1):,,,,,,24.973141,,3.413033,,3.512568,,,
466344:ApriltagsCameraLog(1):,9,24.692798,53.099000,24.692798,53.099000,25.157162,2.878224,3.418433,3.661295,3.481013,108.345732,59651,3.901310
466365:ApriltagsCameraLog(1):,16,25.157162,25.576000,25.157162,25.576000,25.347128,2.791808,3.412023,3.725729,3.455970,10.197158,59646,1.598404
466384:ApriltagsCameraLog(1):,9,25.347128,32.396000,25.347128,32.396000,25.424226,2.878718,3.323356,3.663096,3.454433,48.160827,59652,3.906086
466407:ApriltagsCameraLog(1):,16,25.424226,25.821000,25.424226,25.821000,25.474514,2.796769,3.307967,3.682924,3.433121,10.171988,59647,1.597974
466426:ApriltagsCameraLog(1):,9,25.474514,38.222000,25.474514,38.222000,25.502287,2.906831,3.233388,3.620328,3.429147,64.110522,59653,3.897945
466428:ApriltagsCameraLog(1):,16,25.502287,26.321000,25.502287,26.321000,25.542773,2.806905,3.224891,3.612056,3.432417,10.596750,59649,1.599354
466465:ApriltagsCameraLog(1):,9,25.542773,34.440000,25.542773,34.440000,25.539162,2.894566,3.165689,3.500826,3.400622,51.912984,59655,3.808902
466484:ApriltagsCameraLog(1):,16,25.539162,26.188000,25.539162,26.188000,25.598094,2.806462,3.156657,3.582482,3.377186,10.482067,59650,1.605424
466505:ApriltagsCameraLog(1):,9,25.598094,34.369000,25.598094,34.369000,25.683789,2.906635,3.106200,3.425776,3.368574,50.965174,59657,3.768894
466507:ApriltagsCameraLog(1):,16,25.683789,26.629000,25.683789,26.629000,25.718060,2.820148,3.098877,3.485625,3.367845,10.850195,59653,1.614149
466545:ApriltagsCameraLog(1):,9,25.718060,34.601000,25.718060,34.601000,25.953298,2.912843,3.060211,3.366185,3.331795,50.767578,59659,3.735677
466565:ApriltagsCameraLog(1):,16,25.953298,26.631000,25.953298,26.631000,26.087323,2.817237,3.055158,3.421441,3.308508,10.752347,59655,1.633738
466584:ApriltagsCameraLog(1):,9,26.087323,33.802000,26.087323,33.802000,26.199472,2.898788,3.021345,3.349652,3.293691,47.347747,59661,3.715997
466624:ApriltagsCameraLog(1):,16,26.199472,27.058000,26.199472,27.058000,26.428069,2.820533,3.018011,3.374971,3.253994,11.022941,59657,1.643927
466645:ApriltagsCameraLog(1):,9,26.428069,33.682000,26.428069,33.682000,26.504775,2.896391,2.991343,3.288593,3.238615,45.576138,59664,3.676866
466664:ApriltagsCameraLog(1):,16,26.504775,27.293000,26.504775,27.293000,26.540576,2.831358,2.991153,3.278934,3.217247,11.142137,59662,1.666007
466684:ApriltagsCameraLog(1):,9,26.540576,33.772000,26.540576,33.772000,26.567072,2.899569,2.972830,3.186797,3.199500,44.683956,59668,3.616459
466704:ApriltagsCameraLog(1):,16,26.567072,27.420000,26.567072,27.420000,26.588614,2.828425,2.973724,3.244024,3.176794,11.346596,59664,1.681859
466724:ApriltagsCameraLog(1):,9,26.588614,34.457000,26.588614,34.457000,26.578393,2.913558,2.959449,3.145770,3.156347,46.139794,59670,3.602753
466744:ApriltagsCameraLog(1):,16,26.578393,27.585000,26.578393,27.585000,26.653493,2.830793,2.967101,3.227764,3.133182,11.544644,59665,1.686104
466764:ApriltagsCameraLog(1):,9,26.653493,34.625000,26.653493,34.625000,26.694327,2.923537,2.966159,3.118014,3.118400,46.284538,59672,3.594300
466784:ApriltagsCameraLog(1):,16,26.694327,27.537000,26.694327,27.537000,26.753333,2.846677,2.981418,3.166203,3.097239,11.466423,59668,1.696909
466804:ApriltagsCameraLog(1):,9,26.753333,34.806000,26.753333,34.806000,26.760082,2.950381,2.985224,3.101003,3.079468,46.664965,59674,3.606168
466844:ApriltagsCameraLog(1):,16,26.760082,27.222000,26.760082,27.222000,26.717752,2.860971,3.029504,3.153967,3.044724,10.998653,59669,1.689130
466866:ApriltagsCameraLog(1):,9,26.717752,35.179000,26.717752,35.179000,26.673808,2.980231,3.044860,3.071069,3.034449,47.815762,59676,3.612576
466884:ApriltagsCameraLog(1):,16,26.673808,27.588000,26.673808,27.588000,26.667471,2.909032,3.075145,3.127207,3.018961,11.211552,59672,1.659057
466904:ApriltagsCameraLog(1):,9,26.667471,34.239000,26.667471,34.239000,26.677956,3.029927,3.095700,3.030229,3.010459,45.748768,59679,3.629467
466924:ApriltagsCameraLog(1):,16,26.677956,26.891000,26.677956,26.891000,26.699351,2.945489,3.128656,3.094211,2.993669,10.359938,59674,1.642979
466944:ApriltagsCameraLog(1):,9,26.699351,33.885000,26.699351,33.885000,26.687318,3.069670,3.151893,3.012502,2.985769,45.059283,59681,3.652392
466964:ApriltagsCameraLog(1):,9,26.687318,34.171000,26.687318,34.171000,26.683271,3.124705,3.187473,2.982515,2.972069,46.248265,59683,3.681531
466966:ApriltagsCameraLog(1):,16,26.687318,27.348000,26.687318,27.348000,26.715288,3.027446,3.187978,3.061167,2.971250,10.357914,59677,1.589499
466984:ApriltagsCameraLog(1):,9,26.715288,33.732000,26.715288,33.732000,26.661801,3.149809,3.215498,2.982798,2.965478,45.302947,59684,3.702828
466985:ApriltagsCameraLog(1):,16,26.715288,26.320000,26.715288,26.320000,26.692561,3.048259,3.215980,3.042258,2.964605,10.037666,59678,1.581997
467004:ApriltagsCameraLog(1):,9,26.692561,33.269000,26.692561,33.269000,26.617860,3.181359,3.243963,2.960176,2.956214,44.319281,59685,3.717039
467005:ApriltagsCameraLog(1):,16,26.617860,27.246000,26.617860,27.246000,26.647375,3.117562,3.244910,3.029130,2.954632,9.840775,59680,1.532396
467024:ApriltagsCameraLog(1):,16,26.647375,26.363000,26.647375,26.363000,26.624937,3.128159,3.277657,3.013593,2.947821,9.523758,59681,1.532552
467043:ApriltagsCameraLog(1):,9,26.624937,34.066000,26.624937,34.066000,26.582468,3.241754,3.307248,2.943269,2.939639,47.215617,59687,3.758941
467045:ApriltagsCameraLog(1):,16,26.582468,27.759000,26.582468,27.759000,26.613676,3.175078,3.308519,3.010778,2.938373,10.029329,59682,1.496695
467064:ApriltagsCameraLog(1):,9,26.613676,34.007000,26.613676,34.007000,26.568704,3.262606,3.343516,2.941584,2.930495,47.320437,59688,3.775762
467083:ApriltagsCameraLog(1):,16,26.568704,27.156000,26.568704,27.156000,26.550074,3.203308,3.385990,2.999773,2.914904,9.367289,59683,1.480959
467104:ApriltagsCameraLog(1):,9,26.550074,34.178000,26.550074,34.178000,26.515750,3.303508,3.417671,2.929258,2.907585,48.357543,59689,3.804044
467144:ApriltagsCameraLog(1):,16,26.515750,27.065000,26.515750,27.065000,26.477915,3.274196,3.506469,2.982866,2.874365,8.959854,59685,1.436670
467164:ApriltagsCameraLog(1):,10,26.477915,26.368000,26.477915,26.368000,26.498290,3.423039,3.540634,2.904925,2.862946,24.750625,59692,3.435192
467184:ApriltagsCameraLog(1):,16,26.498290,27.369000,26.498290,27.369000,26.488442,3.343236,3.586210,2.958212,2.842852,8.924159,59687,1.401170
467204:ApriltagsCameraLog(1):,9,26.488442,34.086000,26.488442,34.086000,26.506365,3.468096,3.621676,2.890656,2.830037,50.000034,59694,3.926632
467206:ApriltagsCameraLog(1):,10,26.488442,25.964000,26.488442,25.964000,26.536563,3.489550,3.621762,2.890429,2.830280,26.049084,59694,3.468879
467224:ApriltagsCameraLog(1):,16,26.536563,24.765000,26.536563,24.765000,26.482761,3.458448,3.670139,2.915259,2.805004,9.178772,59690,1.349676
467244:ApriltagsCameraLog(1):,9,26.482761,34.092000,26.482761,34.092000,26.381728,3.551159,3.705445,2.849335,2.787062,50.778086,59696,3.979506
467245:ApriltagsCameraLog(1):,10,26.482761,25.682000,26.482761,25.682000,26.411521,3.578363,3.705703,2.854887,2.786498,27.033271,59696,3.503631
467263:ApriltagsCameraLog(1):,,,,,,26.342138,,3.754386,,2.756141,,,
467304:ApriltagsCameraLog(1):,9,26.411521,33.585000,26.411521,33.585000,26.012548,3.629573,3.848532,2.795177,2.695561,50.127179,59698,4.023590
467306:ApriltagsCameraLog(1):,10,26.411521,25.090000,26.411521,25.090000,26.040741,3.662128,3.848660,2.804328,2.695460,28.540777,59698,3.526164
467325:ApriltagsCameraLog(1):,10,26.040741,25.450000,26.040741,25.450000,25.863256,3.747542,3.898608,2.747372,2.662916,26.872279,59700,3.546671
467344:ApriltagsCameraLog(1):,,,,,,25.779668,,3.942721,,2.628879,,,
467364:ApriltagsCameraLog(1):,10,25.863256,24.160000,25.863256,24.160000,25.721989,3.842058,3.984577,2.683552,2.593710,29.944170,59703,3.573273
467384:ApriltagsCameraLog(1):,10,25.721989,23.304000,25.721989,23.304000,25.592074,3.887479,4.026755,2.654374,2.556806,31.919097,59704,3.587990
467404:ApriltagsCameraLog(1):,10,25.592074,24.326000,25.592074,24.326000,25.532547,3.919556,4.072081,2.610924,2.518513,28.923516,59705,3.584139
467424:ApriltagsCameraLog(1):,9,25.532547,32.798000,25.532547,32.798000,25.528404,3.949842,4.114009,2.582702,2.480636,53.144308,59706,4.222590
467426:ApriltagsCameraLog(1):,10,25.532547,24.254000,25.532547,24.254000,25.555329,3.976302,4.112111,2.594893,2.481131,29.259459,59706,3.617822
467427:ApriltagsCameraLog(1):,13,25.555329,23.985000,25.555329,25.555329,25.545896,4.290520,4.110422,2.652648,2.482381,60.095425,59701,6.867407
467443:ApriltagsCameraLog(1):,9,25.545896,96.319000,25.545896,96.319000,25.556765,4.003538,4.164990,2.558719,2.445504,251.258134,59707,4.263332
467445:ApriltagsCameraLog(1):,10,25.545896,24.548000,25.545896,24.548000,25.613042,4.027554,4.164835,2.569563,2.445947,28.747882,59707,3.642430
467485:ApriltagsCameraLog(1):,10,25.613042,23.987000,25.613042,23.987000,25.624864,4.029753,4.259099,2.527044,2.367554,30.167590,59708,3.618536
467524:ApriltagsCameraLog(1):,10,25.624864,22.702000,25.624864,22.702000,25.617039,4.128186,4.354514,2.462331,2.285907,33.954339,59710,3.659328
467565:ApriltagsCameraLog(1):,10,25.617039,24.155000,25.617039,24.155000,25.622038,4.198708,4.459984,2.380143,2.207605,30.217788,59712,3.670420
467567:ApriltagsCameraLog(1):,13,25.622038,24.099000,25.622038,25.622038,25.612566,4.548068,4.454953,2.451780,2.209585,58.032943,59707,6.670317
467590:ApriltagsCameraLog(1):,10,25.612566,22.536000,25.612566,22.536000,25.601705,4.300244,4.520374,2.327120,2.173285,35.060635,59714,3.726476
467605:ApriltagsCameraLog(1):,10,25.601705,23.701000,25.601705,23.701000,25.529379,4.342919,4.574543,2.273611,2.137862,31.984108,59715,3.734476
467607:ApriltagsCameraLog(1):,13,25.529379,23.026000,25.529379,25.529379,25.517607,4.690893,4.569273,2.340651,2.139281,61.926740,59710,6.566001
467624:ApriltagsCameraLog(1):,10,25.517607,24.297000,25.517607,24.297000,25.487220,4.400075,4.639384,2.250212,2.102833,30.485419,59716,3.771142
467625:ApriltagsCameraLog(1):,13,25.487220,26.156000,25.487220,25.487220,25.478881,4.768990,4.633551,2.338282,2.106041,52.212404,59711,6.492429
467643:ApriltagsCameraLog(1):,10,25.478881,22.959000,25.478881,22.959000,25.445625,4.451675,4.704403,2.201827,2.072396,34.218837,59717,3.791450
467663:ApriltagsCameraLog(1):,,,,,,25.427903,,4.761075,,2.037893,,,
467684:ApriltagsCameraLog(1):,13,25.445625,22.116000,25.445625,25.445625,25.469101,4.807422,4.826691,2.224031,2.000691,65.226594,59713,6.491694
467704:ApriltagsCameraLog(1):,10,25.469101,22.689000,25.469101,22.689000,25.631085,4.556631,4.898325,2.147053,1.966271,35.600732,59719,3.857047
467724:ApriltagsCameraLog(1):,13,25.631085,23.302000,25.631085,25.631085,25.733775,4.893962,4.955905,2.188340,1.932838,59.628937,59714,6.420556
467744:ApriltagsCameraLog(1):,10,25.733775,23.425000,25.733775,23.425000,26.077808,4.637773,5.029712,2.097543,1.904986,34.782245,59721,3.907261
467764:ApriltagsCameraLog(1):,13,26.077808,22.780000,26.077808,26.077808,26.783123,5.058127,5.090812,2.031026,1.881093,63.227633,59717,6.318426
467804:ApriltagsCameraLog(1):,,,,,,28.399586,,5.231779,,1.832040,,,
467844:ApriltagsCameraLog(1):,,,,,,30.692982,,5.369025,,1.785172,,,
467864:ApriltagsCameraLog(1):,,,,,,32.165150,,5.437123,,1.766279,,,
467883:ApriltagsCameraLog(1):,,,,,,33.766407,,5.504183,,1.749345,,,
467904:ApriltagsCameraLog(1):,,,,,,35.384144,,5.571130,,1.734513,,,
467923:ApriltagsCameraLog(1):,,,,,,36.257557,,5.638669,,1.721057,,,
467943:ApriltagsCameraLog(1):,,,,,,39.572682,,5.703157,,1.716515,,,
467963:ApriltagsCameraLog(1):,,,,,,42.179188,,5.766359,,1.717130,,,
468003:ApriltagsCameraLog(1):,,,,,,48.243641,,5.893000,,1.727196,,,
468024:ApriltagsCameraLog(1):,,,,,,51.731800,,5.952347,,1.732876,,,
468043:ApriltagsCameraLog(1):,,,,,,55.272144,,6.013246,,1.742252,,,
468063:ApriltagsCameraLog(1):,,,,,,58.974537,,6.073730,,1.754009,,,
468083:ApriltagsCameraLog(1):,,,,,,62.825245,,6.131966,,1.769337,,,
468103:ApriltagsCameraLog(1):,,,,,,66.805042,,6.189899,,1.788658,,,
468123:ApriltagsCameraLog(1):,,,,,,70.760121,,6.247209,,1.811500,,,
468144:ApriltagsCameraLog(1):,,,,,,74.838795,,6.303243,,1.837020,,,
468164:ApriltagsCameraLog(1):,,,,,,76.884998,,6.361451,,1.860991,,,
468184:ApriltagsCameraLog(1):,,,,,,83.171925,,6.418381,,1.889215,,,
468204:ApriltagsCameraLog(1):,,,,,,87.453846,,6.472297,,1.913988,,,
468224:ApriltagsCameraLog(1):,,,,,,91.823658,,6.526110,,1.943228,,,
468244:ApriltagsCameraLog(1):,,,,,,96.231922,,6.578743,,1.976649,,,
468263:ApriltagsCameraLog(1):,,,,,,100.686878,,6.630896,,2.003142,,,
468283:ApriltagsCameraLog(1):,,,,,,105.078663,,6.683150,,2.034055,,,
468304:ApriltagsCameraLog(1):,,,,,,109.374317,,6.734317,,2.068216,,,
468323:ApriltagsCameraLog(1):,,,,,,113.513416,,6.781450,,2.104844,,,
468343:ApriltagsCameraLog(1):,,,,,,115.526661,,6.837849,,2.138013,,,
468363:ApriltagsCameraLog(1):,,,,,,121.039051,,6.900770,,2.166607,,,
468384:ApriltagsCameraLog(1):,,,,,,124.117970,,6.961301,,2.199271,,,
468404:ApriltagsCameraLog(1):,,,,,,126.658558,,7.021840,,2.235472,,,
468424:ApriltagsCameraLog(1):,,,,,,129.339222,,7.086312,,2.267559,,,
468443:ApriltagsCameraLog(1):,,,,,,132.190174,,7.151105,,2.303968,,,
468483:ApriltagsCameraLog(1):,,,,,,137.735523,,7.276508,,2.373658,,,
468504:ApriltagsCameraLog(1):,,,,,,139.932789,,7.334374,,2.411605,,,
468524:ApriltagsCameraLog(1):,,,,,,141.591725,,7.392336,,2.452278,,,
468543:ApriltagsCameraLog(1):,,,,,,143.113331,,7.461629,,2.485042,,,
468564:ApriltagsCameraLog(1):,,,,,,144.508595,,7.538299,,2.507909,,,
468583:ApriltagsCameraLog(1):,,,,,,145.645680,,7.613204,,2.532346,,,
468604:ApriltagsCameraLog(1):,,,,,,146.601490,,7.689934,,2.558912,,,
468644:ApriltagsCameraLog(1):,,,,,,148.010487,,7.839959,,2.599673,,,
468684:ApriltagsCameraLog(1):,,,,,,148.886646,,7.997551,,2.638996,,,
468704:ApriltagsCameraLog(1):,14,148.010487,149.938000,148.010487,149.938000,149.757313,7.500332,8.075031,1.980105,2.659523,23.561660,59765,2.844255
468724:ApriltagsCameraLog(1):,14,149.757313,149.706000,149.757313,149.706000,150.320082,7.608525,8.120324,2.048091,2.633321,20.137436,59766,2.879329
468744:ApriltagsCameraLog(1):,,,,,,150.891548,,8.170763,,2.605432,,,
468763:ApriltagsCameraLog(1):,,,,,,151.402413,,8.251565,,2.620130,,,
468783:ApriltagsCameraLog(1):,14,150.320082,151.429000,150.320082,151.429000,151.646858,7.735114,8.332543,2.062590,2.635532,23.066180,59768,2.970458
468804:ApriltagsCameraLog(1):,,,,,,152.346660,,8.387227,,2.612038,,,
468824:ApriltagsCameraLog(1):,14,151.646858,152.637000,151.646858,152.637000,152.805339,7.873089,8.469369,2.095733,2.626428,23.601759,59770,3.059424
468864:ApriltagsCameraLog(1):,14,152.805339,152.798000,152.805339,152.798000,153.703675,7.968762,8.608119,2.139183,2.620797,21.904940,59771,3.111110
468883:ApriltagsCameraLog(1):,,,,,,154.091735,,8.664192,,2.602127,,,
468904:ApriltagsCameraLog(1):,,,,,,154.457030,,8.747919,,2.618040,,,
468924:ApriltagsCameraLog(1):,,,,,,154.849792,,8.830650,,2.634335,,,
468944:ApriltagsCameraLog(1):,,,,,,155.195861,,8.914122,,2.649990,,,
468964:ApriltagsCameraLog(1):,,,,,,155.558410,,8.999274,,2.666511,,,
468983:ApriltagsCameraLog(1):,,,,,,155.953918,,9.081945,,2.683113,,,
469003:ApriltagsCameraLog(1):,14,155.195861,155.800000,155.195861,155.800000,156.313720,8.567696,9.165394,2.218437,2.700449,27.248004,59780,3.586954
469023:ApriltagsCameraLog(1):,,,,,,156.678822,,9.224090,,2.688343,,,
469044:ApriltagsCameraLog(1):,14,156.313720,157.208000,156.313720,157.208000,156.873829,8.653753,9.306970,2.263038,2.705341,28.458012,59781,3.640247
469064:ApriltagsCameraLog(1):,,,,,,157.434249,,9.365136,,2.695353,,,
469084:ApriltagsCameraLog(1):,14,156.873829,156.575000,156.873829,156.575000,157.832504,8.812022,9.451234,2.288214,2.711040,27.987320,59783,3.771906
469104:ApriltagsCameraLog(1):,,,,,,158.251866,,9.510305,,2.702731,,,
469125:ApriltagsCameraLog(1):,14,157.832504,159.456000,157.832504,159.456000,158.444127,8.986205,9.594405,2.337469,2.719239,32.864213,59785,3.909244
469144:ApriltagsCameraLog(1):,14,158.444127,159.220000,158.444127,159.220000,158.950625,9.093147,9.659025,2.358209,2.714003,31.235496,59787,3.998314
469165:ApriltagsCameraLog(1):,14,158.950625,160.370000,158.950625,160.370000,159.113798,9.196884,9.719783,2.373917,2.702882,33.914932,59788,4.087433
469184:ApriltagsCameraLog(1):,14,159.113798,158.562000,159.113798,158.562000,159.053889,9.248480,9.784701,2.386180,2.694346,31.705540,59789,4.130941
469205:ApriltagsCameraLog(1):,14,159.053889,160.046000,159.053889,160.046000,158.821442,9.322385,9.847279,2.366694,2.680891,33.700968,59790,4.207404
469223:ApriltagsCameraLog(1):,,,,,,158.316196,,9.909571,,2.667467,,,
469244:ApriltagsCameraLog(1):,14,158.821442,159.849000,158.821442,159.849000,157.478488,9.378417,9.990140,2.358708,2.668541,34.309695,59791,4.264086
469264:ApriltagsCameraLog(1):,,,,,,156.002733,,10.049650,,2.654805,,,
469288:ApriltagsCameraLog(1):,,,,,,154.895860,,10.160887,,2.652483,,,
469303:ApriltagsCameraLog(1):,,,,,,152.646410,,10.203203,,2.654893,,,
469324:ApriltagsCameraLog(1):,,,,,,150.493089,,10.279655,,2.650408,,,
469344:ApriltagsCameraLog(1):,,,,,,148.043138,,10.355405,,2.645035,,,
469363:ApriltagsCameraLog(1):,,,,,,145.447618,,10.429582,,2.632686,,,
469383:ApriltagsCameraLog(1):,,,,,,142.676317,,10.504826,,2.616486,,,
469403:ApriltagsCameraLog(1):,,,,,,139.852831,,10.578112,,2.597118,,,
469424:ApriltagsCameraLog(1):,,,,,,137.078783,,10.652074,,2.575380,,,
469443:ApriltagsCameraLog(1):,,,,,,134.513475,,10.724607,,2.550214,,,
469464:ApriltagsCameraLog(1):,,,,,,132.195360,,10.796684,,2.524653,,,
469484:ApriltagsCameraLog(1):,,,,,,130.190355,,10.868266,,2.496033,,,
469504:ApriltagsCameraLog(1):,,,,,,128.473741,,10.940731,,2.464183,,,
469523:ApriltagsCameraLog(1):,,,,,,127.136156,,11.010331,,2.431790,,,
469544:ApriltagsCameraLog(1):,1,130.190355,114.628000,130.190355,114.628000,126.054002,10.869116,11.083886,2.333582,2.398793,89.726750,59812,4.762641
469564:ApriltagsCameraLog(1):,,,,,,125.189277,,11.160803,,2.369474,,,
469584:ApriltagsCameraLog(1):,1,126.054002,84.242000,126.054002,84.242000,124.642707,11.042756,11.234666,2.355154,2.344170,175.465855,59814,4.608234
469603:ApriltagsCameraLog(1):,,,,,,124.215557,,11.310902,,2.315467,,,
469624:ApriltagsCameraLog(1):,1,124.642707,115.525000,124.642707,115.525000,123.929913,11.173579,11.388415,2.319247,2.293422,62.669451,59815,4.472605
469643:ApriltagsCameraLog(1):,,,,,,123.713845,,11.468935,,2.266303,,,
469664:ApriltagsCameraLog(1):,1,123.929913,112.745000,123.929913,112.745000,123.601235,11.265148,11.546574,2.224949,2.243622,67.205005,59817,4.340381
469684:ApriltagsCameraLog(1):,,,,,,123.501318,,11.619704,,2.219070,,,
469704:ApriltagsCameraLog(1):,1,123.601235,108.969000,123.601235,108.969000,123.548010,11.346908,11.690652,2.191478,2.198248,76.403738,59819,4.252223
469723:ApriltagsCameraLog(1):,,,,,,123.622116,,11.759181,,2.175034,,,
469744:ApriltagsCameraLog(1):,1,123.548010,114.128000,123.548010,114.128000,123.789658,11.514228,11.829868,2.133794,2.156671,57.581604,59821,4.081332
469764:ApriltagsCameraLog(1):,,,,,,123.949586,,11.896608,,2.138398,,,
469784:ApriltagsCameraLog(1):,1,123.789658,110.841000,123.789658,110.841000,124.064942,11.620654,11.967245,2.098514,2.123289,66.094183,59823,3.975112
469804:ApriltagsCameraLog(1):,1,124.064942,112.113000,124.064942,112.113000,124.350707,11.701430,12.036201,2.076226,2.105282,61.864560,59824,3.897727
469824:ApriltagsCameraLog(1):,1,124.350707,112.832000,124.350707,112.832000,124.524983,11.840464,12.103037,2.054158,2.088323,58.509672,59826,3.773768
469844:ApriltagsCameraLog(1):,1,124.524983,114.061000,124.524983,114.061000,124.726031,11.879211,12.170567,2.078572,2.072197,55.388176,59827,3.758272
469864:ApriltagsCameraLog(1):,1,124.726031,115.663000,124.726031,115.663000,124.884787,11.929880,12.236949,2.083052,2.057659,51.039303,59828,3.721746
469884:ApriltagsCameraLog(1):,,,,,,125.023933,,12.303420,,2.043593,,,
469904:ApriltagsCameraLog(1):,1,124.884787,116.152000,124.884787,116.152000,125.117317,11.995193,12.375101,2.062166,2.030588,49.201868,59829,3.658139
469923:ApriltagsCameraLog(1):,,,,,,125.432141,,12.442579,,2.016609,,,
469944:ApriltagsCameraLog(1):,1,125.117317,115.189000,125.117317,115.189000,125.690319,12.167997,12.515538,2.040722,2.003894,49.998144,59831,3.511124
469964:ApriltagsCameraLog(1):,,,,,,125.931766,,12.584606,,1.990297,,,
469984:ApriltagsCameraLog(1):,1,125.690319,113.602000,125.690319,113.602000,126.233890,12.240334,12.657303,2.081937,1.977841,54.957069,59833,3.485075
470004:ApriltagsCameraLog(1):,11,126.233890,123.963000,126.233890,123.963000,126.477381,12.214648,12.723774,2.022612,1.966502,10.724731,59829,1.467497
470024:ApriltagsCameraLog(1):,,,,,,126.748594,,12.751481,,1.956518,,,
470044:ApriltagsCameraLog(1):,11,126.477381,125.189000,126.477381,125.189000,127.053465,12.341548,12.823064,1.998740,1.944747,10.454973,59831,1.532714
470064:ApriltagsCameraLog(1):,1,127.053465,117.769000,127.053465,117.769000,127.188227,12.553831,12.852764,1.980386,1.934766,43.427954,59837,3.189957
470084:ApriltagsCameraLog(1):,11,127.188227,125.585000,127.188227,125.585000,127.582954,12.469619,12.921085,1.976945,1.922548,11.389880,59833,1.602016
470103:ApriltagsCameraLog(1):,1,127.582954,117.249000,127.582954,117.249000,127.862205,12.703893,12.955730,1.962125,1.913389,43.861126,59839,3.071298
470105:ApriltagsCameraLog(1):,11,127.862205,129.604000,127.862205,129.604000,127.818472,12.620095,12.954865,1.952938,1.913523,12.363967,59835,1.691235
470124:ApriltagsCameraLog(1):,1,127.818472,118.758000,127.818472,118.758000,128.152782,12.830024,12.994180,1.950676,1.905912,39.654096,59841,2.975545
470125:ApriltagsCameraLog(1):,11,128.152782,127.146000,128.152782,127.146000,128.109280,12.662253,12.993843,1.947170,1.906650,11.811682,59836,1.716410
470143:ApriltagsCameraLog(1):,1,128.109280,126.605000,128.109280,126.605000,128.403626,12.839400,13.036910,2.019250,1.896786,24.344656,59842,3.020174
470145:ApriltagsCameraLog(1):,11,128.403626,127.178000,128.403626,127.178000,128.394756,12.742509,13.034255,1.936692,1.903699,12.501082,59837,1.767025
470164:ApriltagsCameraLog(1):,1,128.394756,124.361000,128.394756,124.361000,128.709752,12.880773,13.080678,2.010255,1.892179,29.321451,59843,2.986690
470167:ApriltagsCameraLog(1):,11,128.709752,127.689000,128.709752,127.689000,128.685619,12.798419,13.078673,1.919814,1.897471,12.658546,59838,1.810763
470184:ApriltagsCameraLog(1):,1,128.685619,120.129000,128.685619,120.129000,129.005065,13.027156,13.125326,1.939301,1.885033,36.554602,59844,2.837369
470203:ApriltagsCameraLog(1):,11,129.005065,128.073000,129.005065,128.073000,129.310005,12.850047,13.190853,1.932633,1.875422,12.713341,59839,1.828676
470223:ApriltagsCameraLog(1):,1,129.310005,122.384000,129.310005,122.384000,129.672511,13.039661,13.234354,1.951556,1.865006,33.389049,59845,2.840810
470244:ApriltagsCameraLog(1):,11,129.672511,129.026000,129.672511,129.026000,130.020974,12.979264,13.293042,1.908390,1.855848,13.185171,59841,1.923062
470263:ApriltagsCameraLog(1):,1,130.020974,120.387000,130.020974,120.387000,130.220016,13.194132,13.331615,1.910969,1.843753,36.725015,59847,2.713104
470283:ApriltagsCameraLog(1):,11,130.220016,130.035000,130.220016,130.035000,130.705576,13.091016,13.389375,1.885602,1.831296,13.315626,59843,2.009218
470303:ApriltagsCameraLog(1):,1,130.705576,121.234000,130.705576,121.234000,131.084836,13.313387,13.424104,1.913998,1.820794,35.350689,59849,2.644378
470306:ApriltagsCameraLog(1):,2,130.705576,41.879000,130.705576,41.879000,131.036278,13.394998,13.427435,1.995574,1.823468,222.814884,59849,3.193256
470307:ApriltagsCameraLog(1):,11,131.036278,130.811000,131.036278,130.811000,130.957415,13.209784,13.427539,1.865647,1.825120,14.102700,59845,2.099000
470324:ApriltagsCameraLog(1):,1,130.957415,122.908000,130.957415,122.908000,131.348753,13.460523,13.464654,1.883400,1.814984,31.175277,59851,2.534023
470325:ApriltagsCameraLog(1):,11,131.348753,130.145000,131.348753,130.145000,131.300894,13.266443,13.471315,1.869818,1.817612,15.759140,59846,2.133244
470343:ApriltagsCameraLog(1):,1,131.300894,120.969000,131.300894,120.969000,131.709134,13.474124,13.508431,1.885711,1.803141,35.040455,59852,2.529279
470345:ApriltagsCameraLog(1):,11,131.709134,134.252000,131.709134,134.252000,131.653745,13.310739,13.512883,1.853151,1.805886,18.053643,59847,2.174194
470364:ApriltagsCameraLog(1):,1,131.653745,123.681000,131.653745,123.681000,132.021114,13.564779,13.546648,1.858300,1.785833,29.935697,59853,2.457020
470365:ApriltagsCameraLog(1):,2,131.653745,161.282000,131.653745,161.282000,131.972079,13.633486,13.554749,1.971895,1.787887,82.576181,59853,2.979713
470383:ApriltagsCameraLog(1):,1,131.972079,126.270000,131.972079,126.270000,132.396758,13.570290,13.603148,1.898554,1.768336,26.552202,59854,2.488749
470393:ApriltagsCameraLog(1):,11,131.972079,131.211000,131.972079,131.211000,132.357667,13.361357,13.608852,1.839410,1.774986,15.868131,59848,2.218232
470403:ApriltagsCameraLog(1):,11,132.357667,131.587000,132.357667,131.587000,132.577830,13.445093,13.635291,1.793831,1.749884,16.654538,59850,2.307858
470424:ApriltagsCameraLog(1):,1,132.357667,124.222000,132.357667,124.222000,132.908065,13.659469,13.663073,1.820098,1.724721,29.030099,59855,2.375898
470425:ApriltagsCameraLog(1):,2,132.357667,162.087000,132.357667,162.087000,132.860288,13.728115,13.681303,1.933610,1.727284,79.690392,59855,2.882291
470443:ApriltagsCameraLog(1):,11,132.860288,131.766000,132.860288,131.766000,133.457808,13.505735,13.723303,1.778819,1.704800,17.611897,59851,2.359343
470484:ApriltagsCameraLog(1):,1,133.457808,124.430000,133.457808,124.430000,133.933868,13.737903,13.777547,1.771208,1.647972,29.246683,59857,2.296312
470486:ApriltagsCameraLog(1):,11,133.933868,132.693000,133.933868,132.693000,133.878940,13.589147,13.784601,1.752585,1.648789,18.502927,59853,2.432551
470504:ApriltagsCameraLog(1):,1,133.878940,125.629000,133.878940,125.629000,134.117644,13.868583,13.806683,1.713040,1.623504,26.377030,59860,2.181652
470524:ApriltagsCameraLog(1):,1,134.117644,125.643000,134.117644,125.643000,134.280485,13.893972,13.846581,1.686634,1.600527,26.187643,59861,2.146864
470526:ApriltagsCameraLog(1):,2,134.117644,163.772000,134.117644,163.772000,134.219163,13.963512,13.854597,1.801338,1.602563,71.241864,59861,2.620714
470527:ApriltagsCameraLog(1):,11,134.117644,133.558000,134.117644,133.558000,134.303427,13.648251,13.860413,1.688927,1.604946,18.105139,59855,2.518200
470543:ApriltagsCameraLog(1):,1,134.303427,126.270000,134.303427,126.270000,134.358733,13.935304,13.859844,1.657616,1.575863,24.916538,59862,2.102108
470545:ApriltagsCameraLog(1):,11,134.303427,133.679000,134.303427,133.679000,134.297403,13.675964,13.869767,1.662002,1.577861,18.536275,59856,2.555856
470564:ApriltagsCameraLog(1):,1,134.297403,126.400000,134.297403,126.400000,134.582502,14.001276,13.871892,1.604822,1.548312,23.620036,59864,2.024683
470566:ApriltagsCameraLog(1):,11,134.297403,134.175000,134.297403,134.175000,134.516042,13.723335,13.884725,1.587589,1.550729,18.352464,59858,2.641318
470584:ApriltagsCameraLog(1):,11,134.516042,134.975000,134.516042,134.975000,134.661406,13.740155,13.882369,1.563937,1.522243,19.191383,59859,2.668654
470603:ApriltagsCameraLog(1):,1,134.661406,126.972000,134.661406,126.972000,134.742072,14.011494,13.889557,1.571954,1.500259,22.877817,59865,1.991633
470611:ApriltagsCameraLog(1):,11,134.742072,134.704000,134.742072,134.704000,134.677090,13.769994,13.903113,1.531584,1.502479,18.762338,59860,2.711397
470647:ApriltagsCameraLog(1):,1,134.677090,126.903000,134.677090,126.903000,134.852596,14.046877,13.932061,1.546361,1.456059,22.434365,59866,1.952744
470648:ApriltagsCameraLog(1):,2,134.677090,166.094000,134.677090,166.094000,134.784924,14.137775,13.945916,1.665405,1.457810,67.224317,59866,2.403891
470650:ApriltagsCameraLog(1):,11,134.784924,134.877000,134.784924,134.877000,134.878659,13.800227,13.954141,1.496951,1.459485,19.231071,59861,2.756952
470683:ApriltagsCameraLog(1):,1,134.878659,126.958000,134.878659,126.958000,134.851096,14.077684,13.975573,1.485761,1.428355,21.651233,59868,1.885215
470703:ApriltagsCameraLog(1):,1,134.851096,126.646000,134.851096,126.646000,134.683642,14.117749,14.008297,1.446547,1.409847,21.221929,59870,1.832142
470705:ApriltagsCameraLog(1):,2,134.851096,51.436000,134.851096,51.436000,134.607272,14.181518,14.020529,1.580035,1.409562,145.654493,59870,2.324022
470707:ApriltagsCameraLog(1):,11,134.851096,135.019000,134.851096,135.019000,134.493030,13.818824,14.021431,1.450607,1.412899,19.743028,59863,2.802126
470723:ApriltagsCameraLog(1):,1,134.493030,126.604000,134.493030,126.604000,134.617996,14.145599,14.017921,1.431550,1.386571,20.474629,59871,1.805669
470725:ApriltagsCameraLog(1):,11,134.493030,135.048000,134.493030,135.048000,134.538701,13.836529,14.032595,1.388115,1.387672,20.986043,59865,2.860327
470744:ApriltagsCameraLog(1):,1,134.538701,126.609000,134.538701,126.609000,134.603592,14.182058,14.032650,1.403695,1.369235,19.937504,59873,1.764977
470746:ApriltagsCameraLog(1):,11,134.538701,134.739000,134.538701,134.739000,134.523670,13.877604,14.048706,1.353418,1.371248,20.716385,59867,2.913698
470763:ApriltagsCameraLog(1):,,,,,,134.485832,,14.055181,,1.357200,,,
470785:ApriltagsCameraLog(1):,1,134.523670,126.472000,134.523670,126.472000,134.304558,14.203885,14.087559,1.396523,1.349404,19.846613,59874,1.749292
470786:ApriltagsCameraLog(1):,11,134.304558,134.987000,134.304558,134.987000,134.223349,13.916456,14.103639,1.346583,1.350844,21.984042,59869,2.947450
470804:ApriltagsCameraLog(1):,1,134.223349,126.415000,134.223349,126.415000,134.139630,14.224777,14.125308,1.389244,1.340928,19.353825,59875,1.733480
470805:ApriltagsCameraLog(1):,2,134.223349,164.618000,134.223349,164.618000,134.057324,14.283066,14.140477,1.528836,1.342747,59.217612,59875,2.207471
470824:ApriltagsCameraLog(1):,11,134.057324,136.163000,134.057324,136.163000,134.175586,13.918707,14.181465,1.332330,1.343091,25.037300,59870,2.960285
470844:ApriltagsCameraLog(1):,1,134.175586,126.493000,134.175586,126.493000,134.271544,14.256334,14.201976,1.387581,1.337496,19.016713,59876,1.719311
470864:ApriltagsCameraLog(1):,11,134.271544,135.415000,134.271544,135.415000,134.277784,14.004887,14.249883,1.344282,1.340266,23.519445,59872,3.013257
470885:ApriltagsCameraLog(1):,,,,,,134.368578,,14.270546,,1.338656,,,
470903:ApriltagsCameraLog(1):,,,,,,134.478441,,14.302575,,1.337796,,,
470924:ApriltagsCameraLog(1):,,,,,,134.632250,,14.335509,,1.336980,,,
470944:ApriltagsCameraLog(1):,2,134.368578,164.776000,134.368578,164.776000,134.791552,14.484077,14.369353,1.523572,1.336236,53.599802,59882,2.033105
470963:ApriltagsCameraLog(1):,2,134.791552,165.322000,134.791552,165.322000,135.060901,14.483939,14.412826,1.534322,1.339908,54.016391,59883,2.040920
470966:ApriltagsCameraLog(1):,11,135.060901,134.229000,135.060901,134.229000,135.173981,14.202564,14.419986,1.370023,1.345200,23.958227,59878,3.139776
470984:ApriltagsCameraLog(1):,2,135.173981,165.471000,135.173981,165.471000,135.314659,14.514710,14.446420,1.523059,1.345889,52.729947,59884,2.010665
470987:ApriltagsCameraLog(1):,11,135.314659,135.090000,135.314659,135.090000,135.430003,14.234511,14.453503,1.373158,1.350723,22.787656,59879,3.160870
471003:ApriltagsCameraLog(1):,2,135.430003,165.174000,135.430003,165.174000,135.608274,14.563456,14.480295,1.506999,1.351491,50.464172,59885,1.962163
471023:ApriltagsCameraLog(1):,11,135.608274,135.621000,135.608274,135.621000,135.926983,14.260916,14.526611,1.378096,1.352317,22.440413,59880,3.176486
471044:ApriltagsCameraLog(1):,2,135.926983,165.957000,135.926983,165.957000,136.154203,14.587281,14.553082,1.509561,1.350749,50.305278,59886,1.945861
471063:ApriltagsCameraLog(1):,,,,,,136.565916,,14.601010,,1.347622,,,
471083:ApriltagsCameraLog(1):,2,136.154203,165.675000,136.154203,165.675000,136.802122,14.652545,14.641009,1.504593,1.340512,47.897199,59888,1.889936
471104:ApriltagsCameraLog(1):,,,,,,137.114958,,14.687898,,1.338491,,,
471124:ApriltagsCameraLog(1):,2,136.802122,166.222000,136.802122,166.222000,137.312712,14.714259,14.727096,1.487622,1.332013,45.958285,59890,1.832332
471126:ApriltagsCameraLog(1):,11,137.312712,135.536000,137.312712,135.536000,137.440741,14.455112,14.732967,1.405758,1.336728,27.583878,59885,3.302799
471144:ApriltagsCameraLog(1):,2,137.440741,166.795000,137.440741,166.795000,137.636832,14.778139,14.759405,1.470653,1.328513,44.017039,59892,1.773103
471164:ApriltagsCameraLog(1):,2,137.636832,167.154000,137.636832,167.154000,137.913775,14.802535,14.800613,1.468868,1.317447,43.566876,59893,1.753100
471184:ApriltagsCameraLog(1):,2,137.913775,166.601000,137.913775,166.601000,138.197709,14.837601,14.838287,1.447950,1.308060,41.429010,59894,1.713588
471204:ApriltagsCameraLog(1):,2,138.197709,167.235000,138.197709,167.235000,138.473243,14.879727,14.872959,1.431216,1.300919,40.470687,59895,1.670898
471205:ApriltagsCameraLog(1):,11,138.197709,136.351000,138.197709,136.351000,138.616436,14.585120,14.878455,1.360772,1.305525,28.945824,59889,3.429205
471223:ApriltagsCameraLog(1):,11,138.616436,136.823000,138.616436,136.823000,138.538736,14.656374,14.887299,1.349652,1.288889,29.399632,59891,3.491101
471264:ApriltagsCameraLog(1):,2,138.616436,167.325000,138.616436,167.325000,138.578280,14.906328,14.913789,1.407451,1.268621,39.083067,59896,1.637094
471266:ApriltagsCameraLog(1):,11,138.578280,136.922000,138.578280,136.922000,138.736239,14.681689,14.929616,1.320709,1.269980,29.409094,59892,3.528782
471285:ApriltagsCameraLog(1):,2,138.736239,167.371000,138.736239,167.371000,138.760387,14.998832,14.925602,1.373108,1.266639,36.098206,59899,1.542932
471286:ApriltagsCameraLog(1):,11,138.760387,137.098000,138.760387,137.098000,138.918400,14.732973,14.931939,1.294620,1.269809,29.945761,59894,3.584652
471304:ApriltagsCameraLog(1):,2,138.918400,167.479000,138.918400,167.479000,138.903968,15.023194,14.927604,1.353133,1.266193,35.080157,59900,1.512176
471324:ApriltagsCameraLog(1):,2,138.903968,167.625000,138.903968,167.625000,139.096412,15.048472,14.941281,1.328137,1.264487,34.132603,59901,1.476875
471344:ApriltagsCameraLog(1):,2,139.096412,167.814000,139.096412,167.814000,139.191465,15.070492,14.953427,1.317027,1.262604,33.401846,59902,1.453381
471364:ApriltagsCameraLog(1):,2,139.191465,167.695000,139.191465,167.695000,139.213261,15.098140,14.964027,1.293860,1.260660,32.119067,59904,1.417731
471365:ApriltagsCameraLog(1):,11,139.191465,137.111000,139.191465,137.111000,139.388386,14.838475,14.972205,1.253939,1.260334,32.054929,59898,3.691814
471384:ApriltagsCameraLog(1):,11,139.388386,137.194000,139.388386,137.194000,139.006611,14.852145,14.960424,1.266239,1.256931,32.386582,59899,3.694825
471404:ApriltagsCameraLog(1):,2,139.006611,82.425000,139.006611,82.425000,138.820299,15.067034,14.956844,1.329272,1.254914,57.963413,59905,1.463202
471423:ApriltagsCameraLog(1):,,,,,,138.594681,,14.959940,,1.258281,,,
471443:ApriltagsCameraLog(1):,,,,,,138.589188,,14.959866,,1.258212,,,
471464:ApriltagsCameraLog(1):,11,138.820299,137.148000,138.820299,137.148000,138.602921,14.856648,14.957943,1.262468,1.260535,31.082975,59902,3.703712
471484:ApriltagsCameraLog(1):,11,138.602921,137.070000,138.602921,137.070000,138.552280,14.850914,14.948261,1.251512,1.265083,30.737599,59904,3.706506
471504:ApriltagsCameraLog(1):,11,138.552280,136.580000,138.552280,136.580000,138.501308,14.860160,14.936829,1.238821,1.271113,32.053725,59905,3.721661
471525:ApriltagsCameraLog(1):,,,,,,138.477922,,14.925657,,1.277479,,,
