9663:ApriltagsCameraLog(1):,tag,last yaw,cam yaw,calc yaw,update yaw, est yaw,x,est x,y,est y,adjust,frame,dist
9725:ApriltagsCameraLog(1):,7,-23.767515,-24.144000,-24.144000,-24.144000,-23.683223,1.937271,1.916906,5.179452,5.142049,15.182984,95371,2.272873
9739:ApriltagsCameraLog(1):,8,-23.767515,-23.236000,-23.236000,-23.236000,-23.731490,1.910832,1.929892,5.137613,5.167264,14.208835,95371,2.151104
9749:ApriltagsCameraLog(1):,7,-23.731490,-24.142000,-24.142000,-24.142000,-23.137322,1.937284,1.917604,5.179521,5.147981,15.182984,95373,2.272873
9757:ApriltagsCameraLog(1):,8,-23.731490,-23.265000,-23.265000,-23.265000,-23.188002,1.910910,1.930862,5.136626,5.169397,14.208835,95373,2.151104
9763:ApriltagsCameraLog(1):,7,-23.188002,-24.153000,-24.153000,-24.153000,-22.542240,1.937214,1.920051,5.179142,5.147430,15.182984,95374,2.272873
9767:ApriltagsCameraLog(1):,8,-23.188002,-23.288000,-23.288000,-23.288000,-22.595614,1.910971,1.933226,5.135844,5.168607,14.208835,95374,2.151104
9776:ApriltagsCameraLog(1):,7,-22.595614,-24.127000,-24.127000,-24.127000,-22.159851,1.937381,1.918995,5.180038,5.147245,15.182984,95375,2.272873
9780:ApriltagsCameraLog(1):,8,-22.595614,-23.330000,-23.330000,-23.330000,-22.210840,1.911083,1.932259,5.134415,5.169426,14.208835,95375,2.151104
9791:ApriltagsCameraLog(1):,7,-22.210840,-24.175000,-24.175000,-24.175000,-21.726301,1.937072,1.919272,5.178384,5.146811,15.182984,95376,2.272873
9795:ApriltagsCameraLog(1):,8,-22.210840,-23.328000,-23.328000,-23.328000,-21.783073,1.911078,1.932244,5.134483,5.168444,14.208835,95376,2.151104
9801:ApriltagsCameraLog(1):,7,-21.783073,-24.173000,-21.783073,-24.173000,-21.237355,1.950771,1.919248,5.261139,5.146382,30.365969,95377,2.272873
9805:ApriltagsCameraLog(1):,8,-21.783073,-23.288000,-23.288000,-23.288000,-21.267164,1.913304,1.941168,5.134840,5.223499,14.228056,95377,2.153507
9822:ApriltagsCameraLog(1):,7,-21.267164,-24.142000,-21.267164,-24.142000,-20.013616,1.953272,1.924299,5.279059,5.163495,30.365969,95378,2.272873
9826:ApriltagsCameraLog(1):,8,-21.267164,-23.332000,-21.267164,-23.332000,-20.043098,1.904359,1.945010,5.204479,5.240145,28.417671,95378,2.151104
9833:ApriltagsCameraLog(1):,7,-20.043098,-24.155000,-20.043098,-24.155000,-18.574568,1.958560,1.919990,5.321661,5.214460,30.365969,95379,2.272873
9837:ApriltagsCameraLog(1):,8,-20.043098,-23.288000,-20.043098,-23.288000,-18.604632,1.899179,1.947446,5.245924,5.284545,28.417671,95379,2.151104
9846:ApriltagsCameraLog(1):,7,-18.604632,-24.162000,-18.604632,-24.162000,-17.783877,1.963609,1.923359,5.371855,5.256000,30.365969,95380,2.272873
9852:ApriltagsCameraLog(1):,8,-18.604632,-23.347000,-18.604632,-23.347000,-17.814308,1.891961,1.956040,5.294473,5.330924,28.417671,95380,2.151104
9861:ApriltagsCameraLog(1):,7,-17.814308,-24.149000,-17.814308,-24.149000,-16.969873,1.965847,1.915175,5.399482,5.305829,30.365969,95381,2.272873
9866:ApriltagsCameraLog(1):,8,-17.814308,-23.329000,-17.814308,-23.329000,-16.999188,1.887477,1.952079,5.321065,5.366980,28.417671,95381,2.151104
9875:ApriltagsCameraLog(1):,7,-16.999188,-24.146000,-16.999188,-24.146000,-15.241444,1.967755,1.912659,5.428005,5.333656,30.365969,95382,2.272873
9880:ApriltagsCameraLog(1):,8,-16.999188,-23.317000,-16.999188,-23.317000,-15.270415,1.884898,1.952796,5.347681,5.394331,28.456111,95382,2.153507
9889:ApriltagsCameraLog(1):,7,-15.270415,-24.155000,-15.270415,-24.155000,-14.327502,1.970458,1.911211,5.488573,5.358962,30.365969,95384,2.272873
9894:ApriltagsCameraLog(1):,8,-15.270415,-23.353000,-15.270415,-23.353000,-14.357079,1.870562,1.954167,5.406198,5.441786,28.417671,95384,2.151104
9902:ApriltagsCameraLog(1):,7,-14.357079,-24.171000,-14.357079,-24.171000,-13.389049,1.971148,1.902136,5.520597,5.414461,30.365969,95385,2.272873
9907:ApriltagsCameraLog(1):,8,-14.357079,-23.302000,-14.357079,-23.302000,-13.419350,1.863569,1.951679,5.436568,5.481654,28.417671,95385,2.151104
9929:ApriltagsCameraLog(1):,7,-13.419350,-24.179000,-13.419350,-24.179000,-11.478094,1.971325,1.901362,5.553483,5.446001,30.365969,95386,2.272873
9934:ApriltagsCameraLog(1):,8,-13.419350,-23.302000,-13.419350,-23.302000,-11.508811,1.855887,1.954712,5.467630,5.512750,28.417671,95386,2.151104
9945:ApriltagsCameraLog(1):,7,-11.508811,-24.188000,-11.508811,-24.188000,-8.573182,1.970021,1.895585,5.620472,5.478417,30.365969,95389,2.272873
9949:ApriltagsCameraLog(1):,8,-11.508811,-23.301000,-11.508811,-23.301000,-8.604612,1.841156,1.951808,5.529997,5.568644,28.456111,95389,2.153507
9979:ApriltagsCameraLog(1):,7,-8.604612,-24.146000,-8.604612,-24.146000,-5.652592,1.963763,1.881878,5.722123,5.536875,30.365969,95390,2.272873
9984:ApriltagsCameraLog(1):,8,-8.604612,-23.236000,-8.604612,-23.236000,-5.681277,1.811014,1.940991,5.624509,5.654863,28.456111,95390,2.153507
9997:ApriltagsCameraLog(1):,7,-5.681277,-24.169000,-5.681277,-24.169000,-3.738498,1.952271,1.859248,5.823990,5.629602,30.365969,95391,2.272873
10001:ApriltagsCameraLog(1):,8,-5.681277,-23.338000,-5.681277,-23.338000,-3.768889,1.773349,1.925779,5.718229,5.753976,28.417671,95391,2.151104
10019:ApriltagsCameraLog(1):,7,-3.768889,-24.144000,-3.768889,-24.144000,-1.838462,1.941947,1.829515,5.890258,5.724894,30.365969,95392,2.272873
10023:ApriltagsCameraLog(1):,8,-3.768889,-23.280000,-3.768889,-23.280000,-1.867061,1.747795,1.909393,5.778270,5.829902,28.417671,95392,2.151104
10046:ApriltagsCameraLog(1):,7,-1.867061,-24.161000,-1.867061,-24.161000,0.998417,1.929494,1.812013,5.955781,5.790296,30.365969,95393,2.272873
10059:ApriltagsCameraLog(1):,8,-1.867061,-23.061000,-1.867061,-23.061000,0.965050,1.722948,1.898574,5.837017,5.895413,28.456111,95393,2.153507
10076:ApriltagsCameraLog(1):,7,0.965050,-23.624000,0.965050,-23.624000,3.786305,1.919976,1.785245,6.032397,5.851642,30.532424,95394,2.283277
10082:ApriltagsCameraLog(1):,8,0.965050,-22.198000,0.965050,-22.198000,3.754392,1.694123,1.879411,5.905466,5.967020,28.596248,95394,2.162265
10093:ApriltagsCameraLog(1):,7,3.754392,-22.019000,3.754392,-22.019000,4.733117,1.934011,1.761003,6.022822,5.921601,30.920990,95396,2.307562
10100:ApriltagsCameraLog(1):,8,3.754392,-18.137000,3.754392,-18.137000,4.624106,1.721420,1.879481,5.904451,5.986026,29.230759,95396,2.201922
10109:ApriltagsCameraLog(1):,7,4.624106,-17.992000,4.624106,-17.992000,6.596747,1.980318,1.777339,5.860830,5.928874,31.483832,95398,2.342739
10114:ApriltagsCameraLog(1):,8,4.624106,-12.572000,4.624106,-12.572000,6.390849,1.815030,1.916157,5.763939,5.885727,30.059365,95398,2.253710
10123:ApriltagsCameraLog(1):,7,6.390849,-9.368000,6.390849,-9.368000,8.350500,2.008140,1.851728,5.602618,5.806877,32.015935,95401,2.375996
10134:ApriltagsCameraLog(1):,7,8.350500,-6.720000,8.350500,-6.720000,9.024326,2.015169,1.961026,5.568785,5.674057,32.242414,95402,2.390151
10149:ApriltagsCameraLog(1):,7,9.024326,-2.711000,9.024326,-2.711000,9.645962,2.003920,2.000940,5.483188,5.606030,32.195634,95403,2.387227
10154:ApriltagsCameraLog(1):,8,9.024326,2.825000,9.024326,2.825000,9.436528,1.956732,2.003430,5.409480,5.524819,31.507089,95403,2.344193
10162:ApriltagsCameraLog(1):,7,9.436528,36.595000,9.436528,36.595000,10.444634,1.979602,1.970999,5.290358,5.451867,32.239714,95405,2.389982
10202:ApriltagsCameraLog(1):,7,10.444634,4.770000,10.444634,4.770000,15.719725,1.968845,1.949825,5.224990,5.343389,32.291832,95406,2.393239
10206:ApriltagsCameraLog(1):,8,10.444634,13.686000,10.444634,13.686000,15.338689,1.979697,1.966977,5.147406,5.265493,31.698153,95406,2.356135
10217:ApriltagsCameraLog(1):,8,15.338689,14.725000,14.725000,14.725000,17.266028,1.959288,1.973920,5.197097,5.186834,15.782618,95407,2.347827
10250:ApriltagsCameraLog(1):,,,,,,19.890334,,1.963301,,5.193114,,,
10270:ApriltagsCameraLog(1):,,,,,,21.653640,,1.963417,,5.193365,,,
10290:ApriltagsCameraLog(1):,,,,,,23.400466,,1.963526,,5.193620,,,
10310:ApriltagsCameraLog(1):,,,,,,25.133559,,1.963344,,5.193983,,,
10330:ApriltagsCameraLog(1):,,,,,,26.872146,,1.963416,,5.194252,,,
10351:ApriltagsCameraLog(1):,,,,,,29.473159,,1.963477,,5.194523,,,
10370:ApriltagsCameraLog(1):,,,,,,30.354812,,1.963450,,5.194504,,,
10390:ApriltagsCameraLog(1):,,,,,,32.112624,,1.963424,,5.194484,,,
10410:ApriltagsCameraLog(1):,,,,,,33.881423,,1.963461,,5.194760,,,
10430:ApriltagsCameraLog(1):,,,,,,35.658462,,1.963548,,5.195333,,,
10452:ApriltagsCameraLog(1):,,,,,,37.460220,,1.963821,,5.195264,,,
10469:ApriltagsCameraLog(1):,,,,,,39.248244,,1.963871,,5.195839,,,
10490:ApriltagsCameraLog(1):,,,,,,41.085708,,1.963844,,5.195814,,,
10510:ApriltagsCameraLog(1):,,,,,,42.914931,,1.963858,,5.196392,,,
10530:ApriltagsCameraLog(1):,,,,,,44.744155,,1.963821,,5.196668,,,
10550:ApriltagsCameraLog(1):,,,,,,46.573379,,1.963775,,5.196942,,,
10570:ApriltagsCameraLog(1):,,,,,,48.430068,,1.963418,,5.197200,,,
10589:ApriltagsCameraLog(1):,,,,,,50.305984,,1.963354,,5.197471,,,
10610:ApriltagsCameraLog(1):,,,,,,52.159927,,1.963584,,5.197772,,,
10630:ApriltagsCameraLog(1):,,,,,,54.044082,,1.963504,,5.198038,,,
10650:ApriltagsCameraLog(1):,,,,,,55.914504,,1.963414,,5.198304,,,
10670:ApriltagsCameraLog(1):,,,,,,57.795913,,1.963317,,5.198567,,,
10690:ApriltagsCameraLog(1):,,,,,,59.622390,,1.963143,,5.199120,,,
10710:ApriltagsCameraLog(1):,,,,,,61.440627,,1.963028,,5.199376,,,
10730:ApriltagsCameraLog(1):,,,,,,63.190200,,1.962688,,5.199241,,,
