28227:ApriltagsCameraLog(1):,tag,last yaw,cam yaw,calc yaw,update yaw, est yaw,x,est x,y,est y,adjust,frame,dist
28304:ApriltagsCameraLog(1):,7,-28.169039,-28.276000,-28.276000,-28.276000,-28.067415,1.860820,1.836567,5.137146,5.089153,14.567203,110522,2.195900
28312:ApriltagsCameraLog(1):,8,-28.169039,-27.999000,-27.999000,-27.999000,-28.083374,1.830777,1.853041,5.072854,5.121005,13.418476,110522,2.052309
28324:ApriltagsCameraLog(1):,7,-28.083374,-28.205000,-28.205000,-28.205000,-27.988364,1.861328,1.839306,5.139499,5.088356,14.567203,110523,2.195900
28328:ApriltagsCameraLog(1):,8,-28.083374,-27.949000,-27.949000,-27.949000,-27.996747,1.830697,1.854832,5.074485,5.122035,13.418476,110523,2.052309
28357:ApriltagsCameraLog(1):,7,-27.996747,-28.242000,-28.242000,-28.242000,-27.795680,1.861064,1.840332,5.138273,5.089365,14.567203,110524,2.195900
28363:ApriltagsCameraLog(1):,8,-27.996747,-27.916000,-27.916000,-27.916000,-27.810951,1.830644,1.855487,5.075562,5.121187,13.418476,110524,2.052309
28375:ApriltagsCameraLog(1):,7,-27.810951,-28.303000,-28.303000,-28.303000,-27.618297,1.858390,1.840213,5.137455,5.089851,14.547108,110525,2.193388
28379:ApriltagsCameraLog(1):,8,-27.810951,-27.911000,-27.911000,-27.911000,-27.642886,1.830636,1.853615,5.075725,5.120719,13.418476,110525,2.052309
28399:ApriltagsCameraLog(1):,7,-27.642886,-28.339000,-28.339000,-28.339000,-27.422977,1.858132,1.839421,5.136264,5.089831,14.547108,110526,2.193388
28405:ApriltagsCameraLog(1):,8,-27.642886,-27.880000,-27.880000,-27.880000,-27.452716,1.830585,1.853050,5.076736,5.119912,13.418476,110526,2.052309
28428:ApriltagsCameraLog(1):,7,-27.452716,-28.250000,-28.250000,-28.250000,-27.108125,1.861007,1.839175,5.138007,5.089955,14.567203,110527,2.195900
28436:ApriltagsCameraLog(1):,8,-27.452716,-27.896000,-27.896000,-27.896000,-27.127651,1.830612,1.854852,5.076214,5.120917,13.418476,110527,2.052309
28455:ApriltagsCameraLog(1):,7,-27.127651,-28.299000,-28.299000,-28.299000,-26.773337,1.858419,1.839573,5.137588,5.089586,14.547108,110530,2.193388
28461:ApriltagsCameraLog(1):,8,-27.127651,-27.932000,-27.932000,-27.932000,-26.800973,1.830670,1.853045,5.075040,5.120231,13.418476,110530,2.052309
28470:ApriltagsCameraLog(1):,7,-26.800973,-28.320000,-28.320000,-28.320000,-26.669578,1.858268,1.839327,5.136892,5.088899,14.547108,110532,2.193388
28475:ApriltagsCameraLog(1):,8,-26.800973,-27.947000,-27.947000,-27.947000,-26.699777,1.830694,1.853013,5.074550,5.119658,13.418476,110532,2.052309
28484:ApriltagsCameraLog(1):,7,-26.699777,-28.298000,-28.298000,-28.298000,-26.454665,1.858426,1.839190,5.137621,5.088471,14.547108,110533,2.193388
28489:ApriltagsCameraLog(1):,8,-26.699777,-28.006000,-28.006000,-28.006000,-26.481376,1.830788,1.853045,5.072626,5.120093,13.418476,110533,2.052309
28498:ApriltagsCameraLog(1):,7,-26.481376,-28.316000,-28.316000,-28.316000,-26.353344,1.858297,1.839555,5.137025,5.087383,14.547108,110535,2.193388
28509:ApriltagsCameraLog(1):,8,-26.481376,-27.972000,-27.972000,-27.972000,-26.381332,1.830734,1.853239,5.073735,5.119408,13.418476,110535,2.052309
28516:ApriltagsCameraLog(1):,7,-26.381332,-28.283000,-28.283000,-28.283000,-26.132403,1.860770,1.839723,5.136914,5.088040,14.567203,110537,2.195900
28520:ApriltagsCameraLog(1):,8,-26.381332,-27.958000,-27.958000,-27.958000,-26.156003,1.830712,1.855106,5.074192,5.119672,13.418476,110537,2.052309
28527:ApriltagsCameraLog(1):,7,-26.156003,-28.266000,-26.156003,-28.266000,-26.018040,1.872434,1.839631,5.208792,5.088207,29.094215,110538,2.193388
28531:ApriltagsCameraLog(1):,8,-26.156003,-27.978000,-27.978000,-27.978000,-26.029476,1.830744,1.862387,5.073539,5.167537,13.418476,110538,2.052309
28541:ApriltagsCameraLog(1):,7,-26.029476,-28.319000,-26.029476,-28.319000,-25.785733,1.873178,1.842523,5.213012,5.103892,29.094215,110539,2.193388
28546:ApriltagsCameraLog(1):,8,-26.029476,-27.940000,-27.940000,-27.940000,-25.801067,1.830683,1.864000,5.074779,5.175657,13.418476,110539,2.052309
28563:ApriltagsCameraLog(1):,7,-25.801067,-28.314000,-25.801067,-28.314000,-25.561113,1.874498,1.842601,5.220634,5.107310,29.094215,110540,2.193388
28566:ApriltagsCameraLog(1):,8,-25.801067,-27.950000,-25.801067,-27.950000,-25.576656,1.825945,1.864692,5.144463,5.181822,26.836951,110540,2.052309
28573:ApriltagsCameraLog(1):,7,-25.576656,-28.337000,-25.576656,-28.337000,-25.459975,1.875765,1.839909,5.228128,5.155579,29.094215,110541,2.193388
28577:ApriltagsCameraLog(1):,8,-25.576656,-27.954000,-25.576656,-27.954000,-25.476828,1.825297,1.864739,5.151762,5.202734,26.836951,110541,2.052309
28586:ApriltagsCameraLog(1):,7,-25.476828,-28.356000,-25.476828,-28.356000,-25.360152,1.876319,1.839718,5.231463,5.167616,29.094215,110542,2.193388
28590:ApriltagsCameraLog(1):,8,-25.476828,-27.944000,-25.476828,-27.944000,-25.377967,1.825000,1.865229,5.155009,5.209046,26.836951,110542,2.052309
28602:ApriltagsCameraLog(1):,7,-25.377967,-28.237000,-25.377967,-28.237000,-25.161373,1.879157,1.839281,5.233678,5.171763,29.134407,110543,2.195900
28611:ApriltagsCameraLog(1):,8,-25.377967,-27.959000,-25.377967,-27.959000,-25.171266,1.824700,1.866813,5.158223,5.211824,26.836951,110543,2.052309
28622:ApriltagsCameraLog(1):,7,-25.171266,-28.293000,-25.171266,-28.293000,-24.955987,1.877979,1.839978,5.241677,5.174967,29.094215,110544,2.193388
28627:ApriltagsCameraLog(1):,8,-25.171266,-27.930000,-25.171266,-27.930000,-24.969691,1.824054,1.866407,5.164942,5.218308,26.836951,110544,2.052309
28635:ApriltagsCameraLog(1):,7,-24.969691,-28.255000,-24.969691,-28.255000,-24.853971,1.879203,1.839676,5.242742,5.181404,29.122465,110546,2.195154
28642:ApriltagsCameraLog(1):,8,-24.969691,-27.731000,-24.969691,-27.731000,-24.870928,1.821257,1.866667,5.166887,5.221407,26.807565,110546,2.050473
28649:ApriltagsCameraLog(1):,7,-24.870928,-28.127000,-24.870928,-28.127000,-24.747322,1.879894,1.836356,5.240371,5.184260,29.150926,110547,2.196933
28656:ApriltagsCameraLog(1):,8,-24.870928,-27.657000,-24.870928,-27.657000,-24.767337,1.821105,1.865215,5.164415,5.221154,26.816298,110547,2.051019
28666:ApriltagsCameraLog(1):,7,-24.767337,-27.704000,-24.767337,-27.704000,-24.540731,1.873176,1.836064,5.222018,5.182600,29.140635,110549,2.196290
28670:ApriltagsCameraLog(1):,8,-24.767337,-27.091000,-24.767337,-27.091000,-24.575431,1.824856,1.860995,5.146311,5.208625,26.905962,110549,2.056623
28683:ApriltagsCameraLog(1):,7,-24.575431,-27.182000,-24.575431,-27.182000,-24.348272,1.871285,1.837171,5.215815,5.166740,29.154497,110550,2.197156
28687:ApriltagsCameraLog(1):,8,-24.575431,-26.688000,-24.575431,-26.688000,-24.371166,1.824692,1.860226,5.141198,5.199366,26.926033,110550,2.057877
28693:ApriltagsCameraLog(1):,7,-24.371166,-26.785000,-24.371166,-26.785000,-24.247476,1.871843,1.836779,5.208960,5.160773,29.209915,110551,2.200620
28697:ApriltagsCameraLog(1):,8,-24.371166,-26.290000,-26.290000,-26.290000,-24.266816,1.827530,1.860210,5.071755,5.192833,13.466690,110551,2.058336
28705:ApriltagsCameraLog(1):,7,-24.266816,-26.422000,-24.266816,-26.422000,-24.126724,1.871869,1.838208,5.198773,5.112590,29.266604,110552,2.204163
28708:ApriltagsCameraLog(1):,8,-24.266816,-26.135000,-26.135000,-26.135000,-24.146585,1.829648,1.860454,5.064324,5.170309,13.496991,110552,2.062124
28716:ApriltagsCameraLog(1):,7,-24.146585,-26.136000,-26.136000,-26.136000,-24.034444,1.856152,1.840084,5.124140,5.099282,14.642081,110553,2.205260
28719:ApriltagsCameraLog(1):,8,-24.146585,-25.575000,-25.575000,-25.575000,-24.083346,1.831248,1.850674,5.070121,5.115652,13.527860,110553,2.065982
28727:ApriltagsCameraLog(1):,7,-24.083346,-25.771000,-25.771000,-25.771000,-23.944591,1.855579,1.837775,5.123675,5.085467,14.651463,110554,2.206433
28730:ApriltagsCameraLog(1):,8,-24.083346,-25.101000,-25.101000,-25.101000,-23.990457,1.829674,1.849714,5.071927,5.111241,13.533542,110554,2.066693
28737:ApriltagsCameraLog(1):,7,-23.990457,-25.258000,-25.258000,-25.258000,-23.832097,1.858476,1.836716,5.126993,5.085438,14.681672,110555,2.210209
28742:ApriltagsCameraLog(1):,8,-23.990457,-24.776000,-24.776000,-24.776000,-23.860844,1.828428,1.851397,5.068860,5.113514,13.539947,110555,2.067493
28751:ApriltagsCameraLog(1):,7,-23.860844,-24.819000,-24.819000,-24.819000,-23.598003,1.859859,1.835786,5.125572,5.083626,14.710651,110556,2.213831
28754:ApriltagsCameraLog(1):,8,-23.860844,-24.534000,-24.534000,-24.534000,-23.609264,1.830761,1.851864,5.064336,5.111718,13.572655,110556,2.071582
28763:ApriltagsCameraLog(1):,7,-23.609264,-24.413000,-24.413000,-24.413000,-23.470690,1.859867,1.837796,5.126417,5.080269,14.721978,110557,2.215247
28765:ApriltagsCameraLog(1):,8,-23.609264,-24.018000,-24.018000,-24.018000,-23.485763,1.831741,1.852454,5.066461,5.111081,13.599789,110557,2.074974
28771:ApriltagsCameraLog(1):,7,-23.485763,-24.191000,-24.191000,-24.191000,-23.339483,1.857558,1.838547,5.118832,5.081393,14.732308,110558,2.216539
28779:ApriltagsCameraLog(1):,8,-23.485763,-23.580000,-23.580000,-23.580000,-23.370270,1.833966,1.851075,5.068393,5.106179,13.633720,110558,2.079215
28794:ApriltagsCameraLog(1):,7,-23.370270,-23.692000,-23.692000,-23.692000,-23.098644,1.859751,1.839773,5.119361,5.080929,14.763762,110559,2.220470
28797:ApriltagsCameraLog(1):,8,-23.370270,-23.055000,-23.055000,-23.055000,-23.123678,1.834145,1.853228,5.068536,5.106640,13.656455,110559,2.082057
28805:ApriltagsCameraLog(1):,,,,,,-22.953303,,1.840589,,5.081346,,,
28829:ApriltagsCameraLog(1):,7,-23.123678,-23.356000,-23.356000,-23.356000,-22.618220,1.858521,1.840585,5.115499,5.081344,14.775810,110560,2.221976
28831:ApriltagsCameraLog(1):,8,-23.123678,-22.721000,-22.721000,-22.721000,-22.652804,1.834755,1.852484,5.062448,5.104138,13.680273,110560,2.085034
28838:ApriltagsCameraLog(1):,,,,,,-22.497283,,1.841139,,5.076599,,,
28864:ApriltagsCameraLog(1):,7,-22.652804,-22.796000,-22.796000,-22.796000,-22.294036,1.859093,1.840451,5.119023,5.076651,14.788708,110561,2.223589
28867:ApriltagsCameraLog(1):,8,-22.652804,-22.074000,-22.074000,-22.074000,-22.303773,1.833671,1.852815,5.069913,5.104997,13.691173,110561,2.086397
28885:ApriltagsCameraLog(1):,,,,,,-22.031410,,1.840235,,5.080925,,,
28906:ApriltagsCameraLog(1):,7,-22.303773,-22.250000,-22.250000,-22.250000,-21.847389,1.862025,1.839873,5.121093,5.081760,14.822750,110562,2.227844
28909:ApriltagsCameraLog(1):,8,-22.303773,-21.858000,-21.858000,-21.858000,-21.844805,1.833315,1.854566,5.063291,5.108006,13.702784,110562,2.087848
28943:ApriltagsCameraLog(1):,7,-21.844805,-22.002000,-22.002000,-22.002000,-21.435382,1.859096,1.840339,5.117546,5.077991,14.817942,110563,2.227243
28946:ApriltagsCameraLog(1):,8,-21.844805,-21.496000,-21.496000,-21.496000,-21.446079,1.832841,1.852743,5.061435,5.104547,13.715102,110563,2.089388
28964:ApriltagsCameraLog(1):,7,-21.446079,-21.654000,-21.654000,-21.654000,-21.213241,1.857926,1.839287,5.119634,5.076025,14.814512,110564,2.226814
28967:ApriltagsCameraLog(1):,8,-21.446079,-21.163000,-21.163000,-21.163000,-21.221073,1.833422,1.851767,5.060998,5.104919,13.733323,110564,2.091665
29003:ApriltagsCameraLog(1):,7,-21.221073,-21.304000,-21.304000,-21.304000,-20.776018,1.858259,1.839780,5.118470,5.075617,14.831054,110565,2.228882
29005:ApriltagsCameraLog(1):,8,-21.221073,-20.827000,-20.827000,-20.827000,-20.784331,1.834969,1.852261,5.063044,5.104274,13.757130,110565,2.094641
29043:ApriltagsCameraLog(1):,7,-20.784331,-21.220000,-21.220000,-21.220000,-20.303145,1.852841,1.840803,5.112698,5.076903,14.808149,110566,2.226019
29051:ApriltagsCameraLog(1):,8,-20.784331,-20.512000,-20.512000,-20.512000,-20.343679,1.833318,1.848887,5.062934,5.100848,13.756502,110566,2.094563
29068:ApriltagsCameraLog(1):,7,-20.343679,-20.765000,-20.765000,-20.765000,-20.063939,1.858859,1.838546,5.113152,5.075665,14.866367,110567,2.233296
29070:ApriltagsCameraLog(1):,8,-20.343679,-20.123000,-20.123000,-20.123000,-20.092746,1.833131,1.852285,5.061966,5.100586,13.771095,110567,2.096387
29105:ApriltagsCameraLog(1):,7,-20.092746,-20.260000,-20.260000,-20.260000,-19.552340,1.859723,1.839660,5.114711,5.074782,14.884188,110568,2.235523
29107:ApriltagsCameraLog(1):,8,-20.092746,-19.647000,-19.647000,-19.647000,-19.567532,1.835314,1.852998,5.062986,5.101414,13.806142,110568,2.100768
29144:ApriltagsCameraLog(1):,7,-19.567532,-19.852000,-19.852000,-19.852000,-19.012636,1.860835,1.841359,5.115429,5.075969,14.903064,110569,2.237883
29148:ApriltagsCameraLog(1):,8,-19.567532,-19.387000,-19.387000,-19.387000,-19.034497,1.835507,1.854466,5.057820,5.102080,13.822165,110569,2.102771
29163:ApriltagsCameraLog(1):,7,-19.034497,-19.510000,-19.510000,-19.510000,-18.757358,1.860687,1.841645,5.111558,5.072260,14.922415,110570,2.240302
29167:ApriltagsCameraLog(1):,8,-19.034497,-18.880000,-18.880000,-18.880000,-18.787718,1.837870,1.854282,5.059914,5.098484,13.858698,110570,2.107337
29183:ApriltagsCameraLog(1):,,,,,,-18.506121,,1.843250,,5.073477,,,
29203:ApriltagsCameraLog(1):,7,-18.787718,-19.068000,-19.068000,-19.068000,-18.278155,1.861418,1.843378,5.110985,5.073207,14.942596,110571,2.242825
29205:ApriltagsCameraLog(1):,8,-18.787718,-18.625000,-18.625000,-18.625000,-18.307375,1.838265,1.855375,5.054605,5.098654,13.876139,110571,2.109517
29223:ApriltagsCameraLog(1):,7,-18.307375,-18.742000,-18.742000,-18.742000,-18.053850,1.859793,1.844070,5.109773,5.069276,14.943114,110572,2.242889
29226:ApriltagsCameraLog(1):,8,-18.307375,-18.084000,-18.084000,-18.084000,-18.092350,1.838390,1.854625,5.058669,5.096014,13.894272,110572,2.111784
29243:ApriltagsCameraLog(1):,,,,,,-17.820528,,1.843862,,5.070860,,,
29263:ApriltagsCameraLog(1):,7,-18.092350,-18.252000,-18.252000,-18.252000,-17.595309,1.858697,1.843856,5.111547,5.070861,14.944495,110573,2.243062
29265:ApriltagsCameraLog(1):,8,-18.092350,-17.496000,-17.496000,-17.496000,-17.619653,1.838538,1.853697,5.064282,5.098001,13.913092,110573,2.114137
29303:ApriltagsCameraLog(1):,7,-17.619653,-17.738000,-17.738000,-17.738000,-17.091567,1.863504,1.843467,5.114937,5.075571,14.986909,110574,2.248364
29305:ApriltagsCameraLog(1):,8,-17.619653,-17.367000,-17.367000,-17.367000,-17.106041,1.837742,1.856788,5.058052,5.101830,13.916693,110574,2.114587
29323:ApriltagsCameraLog(1):,7,-17.106041,-17.667000,-17.667000,-17.667000,-16.839592,1.857764,1.843866,5.105963,5.072942,14.968949,110575,2.246119
29331:ApriltagsCameraLog(1):,8,-17.106041,-16.987000,-16.987000,-16.987000,-16.889798,1.838349,1.852955,5.056862,5.095167,13.936732,110575,2.117092
29365:ApriltagsCameraLog(1):,7,-16.889798,-17.149000,-17.149000,-17.149000,-16.379206,1.860364,1.843038,5.110237,5.069838,14.992189,110576,2.249024
29366:ApriltagsCameraLog(1):,8,-16.889798,-16.627000,-16.627000,-16.627000,-16.412834,1.839079,1.854514,5.055028,5.096808,13.957454,110576,2.119682
29403:ApriltagsCameraLog(1):,7,-16.412834,-16.649000,-16.649000,-16.649000,-15.901099,1.862906,1.843990,5.113925,5.069256,15.015994,110577,2.251999
29405:ApriltagsCameraLog(1):,8,-16.412834,-16.201000,-16.201000,-16.201000,-15.923004,1.839825,1.856448,5.055369,5.099233,13.978856,110577,2.122357
29423:ApriltagsCameraLog(1):,7,-15.923004,-16.297000,-16.297000,-16.297000,-15.648561,1.863697,1.845447,5.110272,5.070341,15.041244,110578,2.255155
29426:ApriltagsCameraLog(1):,8,-15.923004,-15.800000,-15.800000,-15.800000,-15.670445,1.838948,1.857486,5.058043,5.097154,13.984460,110578,2.123058
29442:ApriltagsCameraLog(1):,,,,,,-15.392646,,1.844852,,5.070880,,,
29463:ApriltagsCameraLog(1):,7,-15.670445,-16.157000,-16.157000,-16.157000,-15.153693,1.861227,1.845256,5.102722,5.070768,15.045992,110579,2.255749
29465:ApriltagsCameraLog(1):,8,-15.670445,-15.517000,-15.517000,-15.517000,-15.214259,1.840050,1.856017,5.053717,5.091772,14.007066,110579,2.125883
29503:ApriltagsCameraLog(1):,7,-15.214259,-15.726000,-15.726000,-15.726000,-14.707825,1.858635,1.845365,5.105485,5.066340,15.031022,110580,2.253878
29505:ApriltagsCameraLog(1):,8,-15.214259,-15.165000,-15.165000,-15.165000,-14.760804,1.838708,1.854102,5.052332,5.092618,14.010295,110580,2.126287
29523:ApriltagsCameraLog(1):,7,-14.760804,-15.337000,-15.337000,-15.337000,-14.496017,1.860685,1.843888,5.105454,5.066337,15.057200,110581,2.257150
29525:ApriltagsCameraLog(1):,8,-14.760804,-14.613000,-14.613000,-14.613000,-14.546125,1.839662,1.855061,5.056839,5.092729,14.034224,110581,2.129278
29542:ApriltagsCameraLog(1):,,,,,,-14.255680,,1.844678,,5.068696,,,
29563:ApriltagsCameraLog(1):,7,-14.546125,-14.829000,-14.829000,-14.829000,-14.008487,1.863738,1.844775,5.109379,5.069110,15.083934,110582,2.260492
29565:ApriltagsCameraLog(1):,8,-14.546125,-14.393000,-14.393000,-14.393000,-14.045236,1.838667,1.857342,5.051116,5.096003,14.038732,110582,2.129841
29603:ApriltagsCameraLog(1):,7,-14.045236,-14.564000,-14.564000,-14.564000,-13.470619,1.859455,1.844828,5.104068,5.066112,15.072160,110583,2.259020
29605:ApriltagsCameraLog(1):,8,-14.045236,-13.983000,-13.983000,-13.983000,-13.522129,1.839990,1.854507,5.050993,5.091561,14.063976,110583,2.132997
29623:ApriltagsCameraLog(1):,7,-13.522129,-14.200000,-14.200000,-14.200000,-13.314102,1.861583,1.844792,5.103197,5.064644,15.100126,110584,2.262516
29624:ApriltagsCameraLog(1):,8,-13.522129,-13.441000,-13.441000,-13.441000,-13.371008,1.841839,1.855805,5.057693,5.090510,14.092698,110584,2.136587
29642:ApriltagsCameraLog(1):,,,,,,-13.022457,,1.846511,,5.068523,,,
29663:ApriltagsCameraLog(1):,7,-13.371008,-13.845000,-13.845000,-13.845000,-12.838436,1.858796,1.846662,5.103253,5.068270,15.088146,110585,2.261018
29666:ApriltagsCameraLog(1):,8,-13.371008,-13.115000,-13.115000,-13.115000,-12.898703,1.842872,1.854864,5.052393,5.091285,14.116452,110585,2.139557
29683:ApriltagsCameraLog(1):,,,,,,-12.554171,,1.847105,,5.065452,,,
29703:ApriltagsCameraLog(1):,7,-12.898703,-13.449000,-13.449000,-13.449000,-12.301485,1.860750,1.847003,5.100961,5.065038,15.119062,110586,2.264883
29705:ApriltagsCameraLog(1):,8,-12.898703,-12.702000,-12.702000,-12.702000,-12.362243,1.842006,1.856097,5.053002,5.088966,14.123519,110586,2.140440
29743:ApriltagsCameraLog(1):,7,-12.362243,-12.837000,-12.837000,-12.837000,-11.801959,1.867546,1.846327,5.107757,5.065459,15.169025,110587,2.271128
29745:ApriltagsCameraLog(1):,8,-12.362243,-12.404000,-12.404000,-12.404000,-11.840815,1.841367,1.860120,5.049830,5.093838,14.131209,110587,2.141401
29764:ApriltagsCameraLog(1):,7,-11.840815,-12.762000,-12.762000,-12.762000,-11.549011,1.857322,1.847628,5.097072,5.064153,15.120520,110588,2.265065
29766:ApriltagsCameraLog(1):,8,-11.840815,-12.010000,-12.010000,-12.010000,-11.626373,1.840703,1.853807,5.049803,5.086031,14.139522,110588,2.142440
29803:ApriltagsCameraLog(1):,7,-11.626373,-12.179000,-12.179000,-12.179000,-11.048106,1.861615,1.844768,5.103431,5.062462,15.151483,110589,2.268935
29805:ApriltagsCameraLog(1):,8,-11.626373,-11.682000,-11.682000,-11.682000,-11.101236,1.842692,1.855927,5.047091,5.090118,14.168659,110589,2.146082
29823:ApriltagsCameraLog(1):,7,-11.101236,-11.878000,-11.878000,-11.878000,-10.809395,1.860786,1.847097,5.098504,5.061746,15.165127,110590,2.270641
29825:ApriltagsCameraLog(1):,8,-11.101236,-11.239000,-11.239000,-11.239000,-10.871079,1.842154,1.855947,5.048680,5.086537,14.178228,110590,2.147279
29842:ApriltagsCameraLog(1):,,,,,,-10.564261,,1.846709,,5.061313,,,
29863:ApriltagsCameraLog(1):,7,-10.871079,-11.421000,-11.421000,-11.421000,-10.284109,1.861292,1.846873,5.098725,5.061064,15.179578,110591,2.272447
29865:ApriltagsCameraLog(1):,8,-10.871079,-10.801000,-10.801000,-10.801000,-10.348964,1.843729,1.856599,5.047129,5.085882,14.206712,110591,2.150839
29903:ApriltagsCameraLog(1):,7,-10.348964,-11.033000,-11.033000,-11.033000,-9.770147,1.858881,1.848100,5.097126,5.060385,15.174683,110592,2.271835
29905:ApriltagsCameraLog(1):,8,-10.348964,-10.361000,-10.361000,-10.361000,-9.838590,1.842936,1.855143,5.046131,5.085286,14.215864,110592,2.151983
29923:ApriltagsCameraLog(1):,7,-9.838590,-10.594000,-10.594000,-10.594000,-9.545099,1.859477,1.846935,5.096693,5.059565,15.190760,110593,2.273845
29925:ApriltagsCameraLog(1):,8,-9.838590,-9.883000,-9.883000,-9.883000,-9.612360,1.845167,1.855097,5.048438,5.084469,14.247793,110593,2.155974
29942:ApriltagsCameraLog(1):,,,,,,-9.315814,,1.848273,,5.060153,,,
29963:ApriltagsCameraLog(1):,7,-9.612360,-10.134000,-10.134000,-10.134000,-9.049396,1.862857,1.848336,5.096493,5.060571,15.227755,110594,2.278469
29966:ApriltagsCameraLog(1):,8,-9.612360,-9.406000,-9.406000,-9.406000,-9.114392,1.844569,1.857905,5.048664,5.084573,14.258574,110594,2.157322
30003:ApriltagsCameraLog(1):,7,-9.114392,-9.746000,-9.746000,-9.746000,-8.566611,1.861216,1.849549,5.097290,5.060345,15.222318,110595,2.277790
30005:ApriltagsCameraLog(1):,8,-9.114392,-9.094000,-9.094000,-9.094000,-8.632460,1.847191,1.857624,5.045571,5.084897,14.291881,110595,2.161485
30023:ApriltagsCameraLog(1):,7,-8.632460,-9.342000,-9.342000,-9.342000,-8.355768,1.859366,1.850786,5.096068,5.058391,15.220584,110596,2.277573
30025:ApriltagsCameraLog(1):,8,-8.632460,-8.565000,-8.565000,-8.565000,-8.419335,1.844261,1.856174,5.047905,5.083720,14.283999,110596,2.160500
30042:ApriltagsCameraLog(1):,,,,,,-8.127887,,1.848013,,5.060471,,,
30063:ApriltagsCameraLog(1):,7,-8.419335,-8.770000,-8.770000,-8.770000,-7.866962,1.861458,1.848184,5.099971,5.060227,15.239746,110597,2.279968
30065:ApriltagsCameraLog(1):,8,-8.419335,-8.152000,-8.152000,-8.152000,-7.910323,1.844455,1.857103,5.048539,5.086860,14.298375,110597,2.162297
30083:ApriltagsCameraLog(1):,7,-7.910323,-8.531000,-8.531000,-8.531000,-7.614107,1.861426,1.848575,5.095339,5.061684,15.256320,110598,2.282040
30085:ApriltagsCameraLog(1):,8,-7.910323,-8.020000,-8.020000,-8.020000,-7.678037,1.845042,1.856969,5.039946,5.084252,14.313358,110598,2.164170
30103:ApriltagsCameraLog(1):,,,,,,-7.408758,,1.849114,,5.054573,,,
30124:ApriltagsCameraLog(1):,7,-7.678037,-8.075000,-8.075000,-8.075000,-7.139593,1.865341,1.849347,5.095025,5.054753,15.296951,110599,2.287119
30127:ApriltagsCameraLog(1):,8,-7.678037,-7.765000,-7.765000,-7.765000,-7.193525,1.845569,1.860158,5.035400,5.081641,14.328948,110599,2.166119
30163:ApriltagsCameraLog(1):,7,-7.193525,-7.695000,-7.695000,-7.695000,-6.667749,1.861568,1.850450,5.095754,5.050621,15.274721,110600,2.284340
30165:ApriltagsCameraLog(1):,8,-7.193525,-7.349000,-7.349000,-7.349000,-6.722796,1.845707,1.857592,5.033635,5.080619,14.344393,110600,2.168049
30184:ApriltagsCameraLog(1):,7,-6.722796,-7.293000,-7.293000,-7.293000,-6.462737,1.862759,1.849754,5.093977,5.049355,15.296805,110601,2.287101
30186:ApriltagsCameraLog(1):,8,-6.722796,-6.940000,-6.940000,-6.940000,-6.513753,1.846282,1.858513,5.034167,5.079054,14.361311,110601,2.170164
30202:ApriltagsCameraLog(1):,,,,,,-6.249135,,1.850175,,5.049522,,,
30224:ApriltagsCameraLog(1):,7,-6.513753,-6.801000,-6.801000,-6.801000,-5.985463,1.862259,1.850734,5.095484,5.048811,15.299727,110602,2.287466
30226:ApriltagsCameraLog(1):,8,-6.513753,-6.140000,-6.140000,-6.140000,-6.024697,1.846276,1.858508,5.045048,5.079721,14.378343,110602,2.172293
30263:ApriltagsCameraLog(1):,7,-6.024697,-6.423000,-6.423000,-6.423000,-5.483499,1.863782,1.850065,5.095411,5.056868,15.319403,110603,2.289925
30266:ApriltagsCameraLog(1):,8,-6.024697,-5.737000,-5.737000,-5.737000,-5.530233,1.847048,1.858919,5.045410,5.082834,14.396581,110603,2.174573
30283:ApriltagsCameraLog(1):,7,-5.530233,-6.022000,-6.022000,-6.022000,-5.259508,1.862777,1.850533,5.093843,5.058380,15.323831,110604,2.290479
30285:ApriltagsCameraLog(1):,8,-5.530233,-5.284000,-5.284000,-5.284000,-5.309612,1.847853,1.858327,5.047433,5.082389,14.415416,110604,2.176927
30302:ApriltagsCameraLog(1):,,,,,,-5.043996,,1.851181,,5.059210,,,
30323:ApriltagsCameraLog(1):,7,-5.309612,-5.635000,-5.635000,-5.635000,-4.829763,1.864553,1.851602,5.094054,5.059169,15.344719,110605,2.293090
30326:ApriltagsCameraLog(1):,8,-5.309612,-5.035000,-5.035000,-5.035000,-4.878671,1.846440,1.860534,5.042977,5.082310,14.414527,110605,2.176816
30363:ApriltagsCameraLog(1):,7,-4.878671,-5.440000,-5.440000,-5.440000,-4.420072,1.860066,1.851064,5.090900,5.056419,15.322107,110606,2.290263
30365:ApriltagsCameraLog(1):,8,-4.878671,-4.802000,-4.802000,-4.802000,-4.484511,1.845329,1.856737,5.040516,5.079733,14.414242,110606,2.176780
30383:ApriltagsCameraLog(1):,7,-4.484511,-5.036000,-5.036000,-5.036000,-4.244452,1.862349,1.849260,5.094174,5.053437,15.339587,110607,2.292448
30385:ApriltagsCameraLog(1):,8,-4.484511,-4.020000,-4.020000,-4.020000,-4.300080,1.848542,1.858098,5.053191,5.080493,14.455060,110607,2.181882
30403:ApriltagsCameraLog(1):,,,,,,-4.003230,,1.851686,,5.062837,,,
30423:ApriltagsCameraLog(1):,7,-4.300080,-4.669000,-4.669000,-4.669000,-3.769770,1.864183,1.851682,5.093699,5.062835,15.361918,110608,2.295240
30425:ApriltagsCameraLog(1):,8,-4.300080,-3.948000,-3.948000,-3.948000,-3.825981,1.847752,1.859845,5.045426,5.083784,14.455628,110608,2.181953
30463:ApriltagsCameraLog(1):,7,-3.825981,-4.349000,-4.349000,-4.349000,-3.315668,1.863194,1.851823,5.091859,5.058343,15.364999,110609,2.295625
30464:ApriltagsCameraLog(1):,8,-3.825981,-3.534000,-3.534000,-3.534000,-3.378611,1.849002,1.859435,5.046218,5.080566,14.477187,110609,2.184648
30485:ApriltagsCameraLog(1):,7,-3.378611,-3.967000,-3.967000,-3.967000,-3.096681,1.865313,1.852534,5.091876,5.057526,15.388422,110610,2.298553
30486:ApriltagsCameraLog(1):,8,-3.378611,-3.390000,-3.390000,-3.390000,-3.157991,1.848085,1.861004,5.038283,5.080397,14.479018,110610,2.184877
30502:ApriltagsCameraLog(1):,,,,,,-2.900768,,1.852435,,5.052689,,,
30523:ApriltagsCameraLog(1):,7,-3.157991,-3.656000,-3.656000,-3.656000,-2.656323,1.861881,1.852836,5.089864,5.052240,15.372911,110611,2.296614
30525:ApriltagsCameraLog(1):,8,-3.157991,-2.990000,-2.990000,-2.990000,-2.719815,1.849526,1.859039,5.038635,5.077285,14.501752,110611,2.187719
30563:ApriltagsCameraLog(1):,7,-2.719815,-3.254000,-3.254000,-3.254000,-2.195621,1.864327,1.852740,5.090526,5.052106,15.397447,110612,2.299681
30565:ApriltagsCameraLog(1):,8,-2.719815,-2.568000,-2.568000,-2.568000,-2.258106,1.848493,1.860235,5.039849,5.078165,14.504759,110612,2.188095
30584:ApriltagsCameraLog(1):,7,-2.258106,-2.878000,-2.878000,-2.878000,-1.980584,1.864112,1.852019,5.090464,5.052842,15.402833,110613,2.300354
30586:ApriltagsCameraLog(1):,8,-2.258106,-2.248000,-2.248000,-2.248000,-2.043063,1.847647,1.859881,5.037694,5.077874,14.508356,110613,2.188545
30602:ApriltagsCameraLog(1):,,,,,,-1.769601,,1.852230,,5.050776,,,
30623:ApriltagsCameraLog(1):,7,-2.043063,-2.582000,-2.582000,-2.582000,-1.514169,1.863226,1.852224,5.085187,5.050776,15.413992,110614,2.301749
30625:ApriltagsCameraLog(1):,8,-2.043063,-1.651000,-1.651000,-1.651000,-1.584004,1.849071,1.859784,5.042033,5.073625,14.533749,110614,2.191719
30663:ApriltagsCameraLog(1):,7,-1.584004,-1.975000,-1.975000,-1.975000,-1.028374,1.867583,1.852899,5.092663,5.052454,15.440264,110615,2.305033
30664:ApriltagsCameraLog(1):,8,-1.584004,-1.249000,-1.249000,-1.249000,-1.075731,1.848332,1.862594,5.042575,5.079289,14.538634,110615,2.192329
30683:ApriltagsCameraLog(1):,7,-1.075731,-1.815000,-1.815000,-1.815000,-0.782211,1.863287,1.853010,5.082915,5.055257,15.433321,110616,2.304165
30685:ApriltagsCameraLog(1):,8,-1.075731,-1.147000,-1.147000,-1.147000,-0.858976,1.850508,1.859826,5.033185,5.073947,14.564394,110616,2.195549
30702:ApriltagsCameraLog(1):,,,,,,-0.597160,,1.853433,,5.046778,,,
30723:ApriltagsCameraLog(1):,7,-0.858976,-1.144000,-1.144000,-1.144000,-0.338981,1.870887,1.853433,5.092466,5.047202,15.480346,110617,2.310043
30725:ApriltagsCameraLog(1):,8,-0.858976,-0.473000,-0.473000,-0.473000,-0.379864,1.852218,1.864872,5.042677,5.077586,14.590727,110617,2.198841
30743:ApriltagsCameraLog(1):,,,,,,-0.078944,,1.856465,,5.054296,,,
30763:ApriltagsCameraLog(1):,7,-0.379864,-0.951000,-0.951000,-0.951000,0.187474,1.864581,1.856461,5.086327,5.054719,15.449756,110618,2.306219
30764:ApriltagsCameraLog(1):,8,-0.379864,-0.192000,-0.192000,-0.192000,0.120074,1.851851,1.861912,5.036707,5.075982,14.598753,110618,2.199844
30808:ApriltagsCameraLog(1):,7,0.120074,-0.604000,-0.604000,-0.604000,0.687122,1.862127,1.855273,5.085213,5.049544,15.439357,110619,2.304920
30810:ApriltagsCameraLog(1):,8,0.120074,0.222000,0.222000,0.222000,0.614539,1.851460,1.859714,5.037662,5.073184,14.606083,110619,2.200760
30823:ApriltagsCameraLog(1):,7,0.614539,-0.018000,-0.018000,-0.018000,0.921195,1.869295,1.854576,5.089431,5.049356,15.493836,110620,2.311729
30825:ApriltagsCameraLog(1):,8,0.614539,0.665000,0.665000,0.665000,0.869763,1.851156,1.864349,5.037031,5.076333,14.615649,110620,2.201956
30842:ApriltagsCameraLog(1):,,,,,,1.184167,,1.855324,,5.050582,,,
30863:ApriltagsCameraLog(1):,7,0.869763,0.381000,0.381000,0.381000,1.456078,1.867463,1.855106,5.087451,5.050360,15.490755,110621,2.311344
30865:ApriltagsCameraLog(1):,8,0.869763,1.114000,1.114000,1.114000,1.397844,1.853508,1.862964,5.036647,5.075108,14.646293,110621,2.205787
30883:ApriltagsCameraLog(1):,7,1.397844,0.690000,0.690000,0.690000,1.703631,1.867562,1.856966,5.082465,5.049265,15.507930,110622,2.313491
30885:ApriltagsCameraLog(1):,8,1.397844,1.650000,1.650000,1.650000,1.631326,1.853286,1.864293,5.041645,5.071238,14.655592,110622,2.206949
30923:ApriltagsCameraLog(1):,7,1.631326,1.178000,1.178000,1.178000,2.157185,1.869230,1.856820,5.083424,5.051742,15.525914,110623,2.315739
30925:ApriltagsCameraLog(1):,8,1.631326,2.009000,2.009000,2.009000,2.094608,1.850876,1.864736,5.038175,5.073089,14.647299,110623,2.205912
30963:ApriltagsCameraLog(1):,7,2.094608,1.535000,1.535000,1.535000,2.556309,1.867349,1.855811,5.082486,5.049830,15.519014,110624,2.314877
30965:ApriltagsCameraLog(1):,8,2.094608,2.386000,2.386000,2.386000,2.490461,1.853537,1.863821,5.038020,5.071487,14.678087,110624,2.209761
30983:ApriltagsCameraLog(1):,7,2.490461,2.145000,2.145000,2.145000,2.731739,1.872671,1.857315,5.090107,5.049037,15.551260,110625,2.318907
30985:ApriltagsCameraLog(1):,8,2.490461,2.857000,2.857000,2.857000,2.697241,1.853651,1.867543,5.040884,5.076381,14.689236,110625,2.211155
31003:ApriltagsCameraLog(1):,,,,,,2.956414,,1.858030,,5.052889,,,
31023:ApriltagsCameraLog(1):,7,2.697241,2.122000,2.122000,2.122000,3.167900,1.865249,1.858027,5.078905,5.052886,15.519750,110626,2.314969
31025:ApriltagsCameraLog(1):,8,2.697241,3.046000,3.046000,3.046000,3.091459,1.853989,1.862629,5.036978,5.070362,14.698570,110626,2.212321
31063:ApriltagsCameraLog(1):,7,3.091459,2.756000,2.756000,2.756000,3.581521,1.873469,1.856478,5.087431,5.047995,15.572181,110627,2.321523
31065:ApriltagsCameraLog(1):,8,3.091459,3.635000,3.635000,3.635000,3.541238,1.854136,1.867591,5.043751,5.074162,14.710756,110627,2.213845
31086:ApriltagsCameraLog(1):,7,3.541238,2.915000,2.915000,2.915000,3.850600,1.870183,1.858810,5.082333,5.053792,15.560795,110628,2.320099
31088:ApriltagsCameraLog(1):,8,3.541238,3.714000,3.714000,3.714000,3.782207,1.854873,1.866527,5.033687,5.072807,14.723516,110628,2.215439
31124:ApriltagsCameraLog(1):,7,3.782207,3.218000,3.218000,3.218000,4.349707,1.868259,1.858714,5.079466,5.046463,15.556734,110629,2.319592
31125:ApriltagsCameraLog(1):,8,3.782207,4.129000,4.129000,4.129000,4.280050,1.855368,1.864839,5.034729,5.068349,14.736848,110629,2.217106
31163:ApriltagsCameraLog(1):,7,4.280050,3.843000,3.843000,3.843000,4.895456,1.874276,1.858283,5.085082,5.046229,15.598474,110630,2.324809
31164:ApriltagsCameraLog(1):,8,4.280050,4.625000,4.625000,4.625000,4.843894,1.855871,1.868824,5.038460,5.072448,14.750752,110630,2.218844
31203:ApriltagsCameraLog(1):,7,4.843894,4.171000,4.171000,4.171000,5.435819,1.872936,1.860079,5.080469,5.050088,15.602869,110631,2.325359
31206:ApriltagsCameraLog(1):,8,4.843894,5.044000,5.044000,5.044000,5.370596,1.854223,1.868472,5.036905,5.070441,14.748088,110631,2.218511
31223:ApriltagsCameraLog(1):,7,5.370596,4.498000,4.498000,4.498000,5.664023,1.871504,1.859283,5.078324,5.047786,15.600883,110632,2.325110
31225:ApriltagsCameraLog(1):,8,5.370596,5.639000,5.639000,5.639000,5.582633,1.855055,1.867605,5.041386,5.068145,14.766365,110632,2.220796
31264:ApriltagsCameraLog(1):,7,5.582633,4.935000,4.935000,4.935000,6.140137,1.871279,1.859445,5.077281,5.050286,15.606920,110633,2.325865
31265:ApriltagsCameraLog(1):,8,5.582633,5.766000,5.766000,5.766000,6.062553,1.856452,1.867263,5.030420,5.068294,14.785459,110633,2.223182
31283:ApriltagsCameraLog(1):,7,6.062553,5.397000,5.397000,5.397000,6.347609,1.871149,1.859793,5.079571,5.043214,15.606332,110634,2.325791
31285:ApriltagsCameraLog(1):,8,6.062553,6.356000,6.356000,6.356000,6.281588,1.857266,1.867035,5.037304,5.067540,14.801992,110634,2.225249
31303:ApriltagsCameraLog(1):,,,,,,6.589850,,1.860415,,5.047687,,,
31324:ApriltagsCameraLog(1):,7,6.281588,5.904000,5.904000,5.904000,6.856269,1.876786,1.859746,5.081325,5.047825,15.651680,110635,2.331460
31326:ApriltagsCameraLog(1):,8,6.281588,6.816000,6.816000,6.816000,6.801712,1.856053,1.870673,5.037085,5.070412,14.802560,110635,2.225320
31364:ApriltagsCameraLog(1):,8,6.801712,7.116000,7.116000,7.116000,7.392285,1.857316,1.861144,5.034400,5.048299,14.820352,110636,2.227544
31383:ApriltagsCameraLog(1):,8,7.392285,7.488000,7.488000,7.488000,7.696480,1.858927,1.858937,5.031595,5.038957,14.842443,110637,2.230305
31407:ApriltagsCameraLog(1):,,,,,,7.984488,,1.859095,,5.034283,,,
31423:ApriltagsCameraLog(1):,8,7.696480,8.228000,8.228000,8.228000,8.250906,1.860318,1.859087,5.041008,5.034278,14.865339,110638,2.233167
31463:ApriltagsCameraLog(1):,8,8.250906,8.580000,8.580000,8.580000,8.800610,1.859686,1.859991,5.037222,5.038873,14.869117,110639,2.233640
31483:ApriltagsCameraLog(1):,8,8.800610,8.948000,8.948000,8.948000,9.057859,1.861272,1.859768,5.036864,5.037769,14.889497,110640,2.236187
31502:ApriltagsCameraLog(1):,,,,,,9.289596,,1.860876,,5.036812,,,
31524:ApriltagsCameraLog(1):,8,9.057859,9.488000,9.488000,9.488000,9.484603,1.860266,1.860797,5.041818,5.037228,14.890559,110641,2.236320
31564:ApriltagsCameraLog(1):,8,9.484603,9.420000,9.420000,9.420000,9.925864,1.859492,1.860174,5.029126,5.040515,14.887870,110642,2.235984
31603:ApriltagsCameraLog(1):,8,9.925864,10.137000,10.137000,10.137000,10.347633,1.860551,1.859779,5.042867,5.032903,14.905404,110643,2.238176
31623:ApriltagsCameraLog(1):,8,10.347633,10.097000,10.097000,10.097000,10.621385,1.859873,1.860702,5.031093,5.039255,14.903479,110644,2.237935
31645:ApriltagsCameraLog(1):,,,,,,10.854222,,1.860596,,5.033854,,,
31662:ApriltagsCameraLog(1):,8,10.621385,10.718000,10.718000,10.718000,11.115147,1.861599,1.860422,5.039183,5.033607,14.926354,110645,2.240794
31683:ApriltagsCameraLog(1):,8,11.115147,10.890000,10.890000,10.890000,11.400216,1.858832,1.860626,5.031454,5.038055,14.910258,110646,2.238782
31702:ApriltagsCameraLog(1):,,,,,,11.661794,,1.858973,,5.034064,,,
31724:ApriltagsCameraLog(1):,8,11.400216,11.640000,11.640000,11.640000,11.939199,1.863594,1.859722,5.041866,5.033560,14.958870,110647,2.244859
31763:ApriltagsCameraLog(1):,8,11.939199,11.887000,11.887000,11.887000,12.510239,1.863975,1.862199,5.034627,5.039495,14.968811,110648,2.246101
31783:ApriltagsCameraLog(1):,8,12.510239,12.457000,12.457000,12.457000,12.772615,1.861691,1.864063,5.037570,5.036043,14.959939,110649,2.244992
31803:ApriltagsCameraLog(1):,,,,,,13.042314,,1.862518,,5.037482,,,
31823:ApriltagsCameraLog(1):,8,12.772615,13.026000,13.026000,13.026000,13.295000,1.864488,1.862094,5.041586,5.037383,14.991225,110650,2.248903
31842:ApriltagsCameraLog(1):,,,,,,13.564842,,1.863336,,5.040345,,,
31869:ApriltagsCameraLog(1):,8,13.295000,13.437000,13.437000,13.437000,13.809288,1.865087,1.863739,5.039819,5.040441,15.003694,110651,2.250462
