55417:ApriltagsCameraLog(1):,tag,last yaw,cam yaw,calc yaw,update yaw, est yaw,x,est x,y,est y,adjust,frame,dist
55511:ApriltagsCameraLog(1):,6,-91.414968,-91.469000,-91.414968,-91.469000,-91.418155,1.849403,1.849421,6.184085,6.184086,15.718536,216918,2.329258
55526:ApriltagsCameraLog(1):,6,-91.418155,-91.467000,-91.418155,-91.467000,-91.418826,1.849291,1.849412,6.184085,6.184086,15.710426,216920,2.329258
55539:ApriltagsCameraLog(1):,6,-91.418826,-91.439000,-91.418826,-91.439000,-91.419462,1.849267,1.849351,6.184085,6.184085,15.665601,216923,2.329258
55552:ApriltagsCameraLog(1):,,,,,,-91.419737,,1.849309,,6.184085,,,
55562:ApriltagsCameraLog(1):,6,-91.419462,-91.433000,-91.419462,-91.433000,-91.419737,1.849245,1.849309,6.184085,6.184085,15.655226,216924,2.329258
55571:ApriltagsCameraLog(1):,6,-91.419737,-91.422000,-91.419737,-91.422000,-91.417186,1.849235,1.849277,6.184085,6.184085,15.637599,216927,2.329258
55593:ApriltagsCameraLog(1):,6,-91.417186,-91.398000,-91.417186,-91.398000,-91.417237,1.849325,1.849256,6.184085,6.184085,15.664056,216929,2.329258
55605:ApriltagsCameraLog(1):,6,-91.417237,-91.391000,-91.417237,-91.391000,-91.416984,1.849323,1.849290,6.184085,6.184085,15.675081,216932,2.329258
55615:ApriltagsCameraLog(1):,6,-91.416984,-91.393000,-91.416984,-91.393000,-91.416643,1.849332,1.849307,6.184085,6.184085,15.671558,216934,2.329258
55625:ApriltagsCameraLog(1):,6,-91.416643,-91.403000,-91.416643,-91.403000,-91.416331,1.849344,1.849319,6.184085,6.184085,15.655391,216937,2.329258
55635:ApriltagsCameraLog(1):,6,-91.416331,-91.438000,-91.416331,-91.438000,-91.416146,1.849355,1.849332,6.184085,6.184085,15.667939,216940,2.329258
55646:ApriltagsCameraLog(1):,6,-91.416146,-91.397000,-91.416146,-91.397000,-91.416402,1.849362,1.849343,6.184085,6.184085,15.663994,216943,2.329258
55656:ApriltagsCameraLog(1):,6,-91.416402,-91.412000,-91.416402,-91.412000,-91.416136,1.849353,1.849353,6.184085,6.184085,15.640943,216944,2.329258
55667:ApriltagsCameraLog(1):,6,-91.416136,-91.391000,-91.416136,-91.391000,-91.418808,1.849362,1.849353,6.184085,6.184085,15.673359,216947,2.329258
55677:ApriltagsCameraLog(1):,6,-91.418808,-91.396000,-91.418808,-91.396000,-91.418467,1.849268,1.849357,6.184085,6.184085,15.669719,216948,2.329258
55694:ApriltagsCameraLog(1):,6,-91.418467,-91.425000,-91.418467,-91.425000,-91.418193,1.849280,1.849312,6.184085,6.184085,15.644275,216951,2.329258
55706:ApriltagsCameraLog(1):,6,-91.418193,-91.442000,-91.418193,-91.442000,-91.415539,1.849289,1.849296,6.184085,6.184085,15.671281,216954,2.329258
55718:ApriltagsCameraLog(1):,6,-91.415539,-91.473000,-91.415539,-91.473000,-91.415843,1.849383,1.849293,6.184085,6.184085,15.723896,216957,2.329258
55731:ApriltagsCameraLog(1):,6,-91.415843,-91.436000,-91.415843,-91.436000,-91.416529,1.849372,1.849338,6.184085,6.184085,15.665575,216959,2.329258
55743:ApriltagsCameraLog(1):,6,-91.416529,-91.444000,-91.416529,-91.444000,-91.416740,1.849348,1.849355,6.184085,6.184085,15.677011,216962,2.329258
55754:ApriltagsCameraLog(1):,6,-91.416740,-91.442000,-91.416740,-91.442000,-91.417049,1.849341,1.849352,6.184085,6.184085,15.673553,216965,2.329258
55764:ApriltagsCameraLog(1):,6,-91.417049,-91.464000,-91.417049,-91.464000,-91.417363,1.849330,1.849346,6.184085,6.184085,15.707465,216968,2.329258
55772:ApriltagsCameraLog(1):,6,-91.417363,-91.451000,-91.417363,-91.451000,-91.417929,1.849319,1.849338,6.184085,6.184085,15.686649,216971,2.329258
55777:ApriltagsCameraLog(1):,,,,,,-91.418345,,1.849328,,6.184085,,,
55796:ApriltagsCameraLog(1):,6,-91.417929,-91.462000,-91.417929,-91.462000,-91.418345,1.849299,1.849328,6.184085,6.184085,15.702962,216972,2.329258
55802:ApriltagsCameraLog(1):,,,,,,-91.418894,,1.849314,,6.184085,,,
55825:ApriltagsCameraLog(1):,6,-91.418345,-91.415000,-91.418345,-91.415000,-91.418894,1.849284,1.849314,6.184085,6.184085,15.639291,216974,2.329258
55834:ApriltagsCameraLog(1):,,,,,,-91.418845,,1.849299,,6.184085,,,
55858:ApriltagsCameraLog(1):,6,-91.418894,-91.449000,-91.418894,-91.449000,-91.418845,1.849265,1.849299,6.184085,6.184085,15.681129,216975,2.329258
55882:ApriltagsCameraLog(1):,6,-91.418845,-91.424000,-91.418845,-91.424000,-91.419225,1.849266,1.849282,6.184085,6.184085,15.642121,216976,2.329258
55902:ApriltagsCameraLog(1):,,,,,,-91.419285,,1.849274,,6.184085,,,
55923:ApriltagsCameraLog(1):,6,-91.419225,-91.408000,-91.419225,-91.408000,-91.419285,1.849253,1.849274,6.184085,6.184085,15.651610,216978,2.329258
55949:ApriltagsCameraLog(1):,6,-91.419285,-91.398000,-91.419285,-91.398000,-91.416396,1.849251,1.849264,6.184085,6.184085,15.667339,216979,2.329258
55962:ApriltagsCameraLog(1):,6,-91.416396,-91.420000,-91.416396,-91.420000,-91.416130,1.849353,1.849257,6.184085,6.184085,15.639696,216981,2.329258
55981:ApriltagsCameraLog(1):,,,,,,-91.416147,,1.849305,,6.184085,,,
56002:ApriltagsCameraLog(1):,6,-91.416130,-91.419000,-91.416130,-91.419000,-91.416147,1.849362,1.849305,6.184085,6.184085,15.638549,216982,2.329258
56021:ApriltagsCameraLog(1):,6,-91.416147,-91.386000,-91.416147,-91.386000,-91.413435,1.849362,1.849334,6.184085,6.184085,15.681194,216983,2.329258
56042:ApriltagsCameraLog(1):,6,-91.413435,-91.395000,-91.413435,-91.395000,-91.413055,1.849457,1.849348,6.184086,6.184085,15.662883,216985,2.329258
56061:ApriltagsCameraLog(1):,,,,,,-91.412793,,1.849402,,6.184085,,,
56082:ApriltagsCameraLog(1):,6,-91.413055,-91.399000,-91.413055,-91.399000,-91.412793,1.849471,1.849402,6.184086,6.184085,15.656035,216986,2.329258
56102:ApriltagsCameraLog(1):,6,-91.412793,-91.433000,-91.412793,-91.433000,-91.412619,1.849480,1.849436,6.184086,6.184086,15.665654,216987,2.329258
56121:ApriltagsCameraLog(1):,,,,,,-91.412876,,1.849458,,6.184086,,,
56142:ApriltagsCameraLog(1):,6,-91.412619,-91.379000,-91.412619,-91.379000,-91.415622,1.849486,1.849458,6.184086,6.184086,15.686621,216989,2.329258
56162:ApriltagsCameraLog(1):,6,-91.415622,-91.412000,-91.415622,-91.412000,-91.415196,1.849380,1.849472,6.184085,6.184086,15.639724,216990,2.329258
56201:ApriltagsCameraLog(1):,6,-91.415196,-91.384000,-91.415196,-91.384000,-91.412443,1.849395,1.849426,6.184085,6.184086,15.682833,216992,2.329258
56221:ApriltagsCameraLog(1):,6,-91.412443,-91.426000,-91.412443,-91.426000,-91.412051,1.849492,1.849411,6.184086,6.184086,15.655256,216993,2.329258
56241:ApriltagsCameraLog(1):,,,,,,-91.412192,,1.849451,,6.184086,,,
56264:ApriltagsCameraLog(1):,6,-91.412051,-91.426000,-91.412051,-91.426000,-91.412192,1.849506,1.849451,6.184086,6.184086,15.655870,216995,2.329258
56282:ApriltagsCameraLog(1):,6,-91.412192,-91.424000,-91.412192,-91.424000,-91.412366,1.849501,1.849479,6.184086,6.184086,15.652522,216996,2.329258
56301:ApriltagsCameraLog(1):,,,,,,-91.409766,,1.849490,,6.184086,,,
56322:ApriltagsCameraLog(1):,6,-91.412366,-91.424000,-91.412366,-91.424000,-91.409766,1.849495,1.849490,6.184086,6.184086,15.652250,216998,2.329258
56342:ApriltagsCameraLog(1):,6,-91.409766,-91.422000,-91.409766,-91.422000,-91.409911,1.849587,1.849492,6.184086,6.184086,15.653188,217000,2.329258
56361:ApriltagsCameraLog(1):,,,,,,-91.412809,,1.849539,,6.184086,,,
56382:ApriltagsCameraLog(1):,6,-91.409911,-91.420000,-91.409911,-91.420000,-91.412809,1.849581,1.849539,6.184086,6.184086,15.649834,217001,2.329258
56402:ApriltagsCameraLog(1):,6,-91.412809,-91.424000,-91.412809,-91.424000,-91.412934,1.849479,1.849560,6.184086,6.184086,15.651558,217002,2.329258
56421:ApriltagsCameraLog(1):,,,,,,-91.413108,,1.849520,,6.184086,,,
56442:ApriltagsCameraLog(1):,6,-91.412934,-91.412000,-91.412934,-91.412000,-91.415855,1.849475,1.849520,6.184086,6.184086,15.635522,217004,2.329258
56462:ApriltagsCameraLog(1):,6,-91.415855,-91.408000,-91.415855,-91.408000,-91.415841,1.849372,1.849497,6.184085,6.184086,15.646342,217006,2.329258
56481:ApriltagsCameraLog(1):,,,,,,-91.415777,,1.849435,,6.184086,,,
56502:ApriltagsCameraLog(1):,6,-91.415841,-91.400000,-91.415841,-91.400000,-91.415777,1.849372,1.849435,6.184085,6.184086,15.658827,217007,2.329258
56521:ApriltagsCameraLog(1):,6,-91.415777,-91.403000,-91.415777,-91.403000,-91.415578,1.849375,1.849403,6.184085,6.184086,15.654036,217009,2.329258
56542:ApriltagsCameraLog(1):,6,-91.415578,-91.570000,-91.415578,-91.570000,-91.415419,1.849382,1.849389,6.184085,6.184085,15.875486,217010,2.329258
56563:ApriltagsCameraLog(1):,,,,,,-91.417342,,1.849385,,6.184085,,,
56581:ApriltagsCameraLog(1):,6,-91.415419,-91.450000,-91.415419,-91.450000,-91.414596,1.849387,1.849385,6.184085,6.184085,15.688126,217011,2.329258
56602:ApriltagsCameraLog(1):,,,,,,-91.417753,,1.849386,,6.184085,,,
56621:ApriltagsCameraLog(1):,6,-91.414596,-91.460000,-91.414596,-91.460000,-91.417753,1.849416,1.849386,6.184086,6.184085,15.705047,217013,2.329258
56641:ApriltagsCameraLog(1):,6,-91.417753,-91.397000,-91.417753,-91.397000,-91.418284,1.849305,1.849401,6.184085,6.184085,15.666507,217014,2.329258
56661:ApriltagsCameraLog(1):,6,-91.418284,-91.415000,-91.418284,-91.415000,-91.418051,1.849286,1.849353,6.184085,6.184085,15.639196,217016,2.329258
56681:ApriltagsCameraLog(1):,,,,,,-91.418012,,1.849320,,6.184085,,,
56702:ApriltagsCameraLog(1):,6,-91.418051,-91.386000,-91.418051,-91.386000,-91.418012,1.849294,1.849320,6.184085,6.184085,15.684170,217017,2.329258
56721:ApriltagsCameraLog(1):,6,-91.418012,-91.467000,-91.418012,-91.467000,-91.414863,1.849296,1.849307,6.184085,6.184085,15.710649,217019,2.329258
56741:ApriltagsCameraLog(1):,,,,,,-91.418230,,1.849301,,6.184085,,,
56761:ApriltagsCameraLog(1):,6,-91.414863,-91.477000,-91.414863,-91.477000,-91.418230,1.849407,1.849301,6.184086,6.184085,15.731207,217020,2.329258
56781:ApriltagsCameraLog(1):,6,-91.418230,-91.468000,-91.418230,-91.468000,-91.416221,1.849288,1.849354,6.184085,6.184085,15.711872,217022,2.329258
56801:ApriltagsCameraLog(1):,,,,,,-91.419584,,1.849321,,6.184085,,,
56821:ApriltagsCameraLog(1):,6,-91.416221,-91.459000,-91.416221,-91.459000,-91.419584,1.849359,1.849321,6.184085,6.184085,15.700942,217023,2.329258
56842:ApriltagsCameraLog(1):,6,-91.419584,-91.428000,-91.419584,-91.428000,-91.420080,1.849240,1.849340,6.184085,6.184085,15.647219,217024,2.329258
56861:ApriltagsCameraLog(1):,6,-91.420080,-91.362000,-91.420080,-91.362000,-91.420213,1.849223,1.849290,6.184085,6.184085,15.724864,217026,2.329258
56881:ApriltagsCameraLog(1):,,,,,,-91.419482,,1.849257,,6.184085,,,
56901:ApriltagsCameraLog(1):,6,-91.420213,-91.396000,-91.420213,-91.396000,-91.419482,1.849218,1.849257,6.184085,6.184085,15.671916,217027,2.329258
56922:ApriltagsCameraLog(1):,6,-91.419482,-91.399000,-91.419482,-91.399000,-91.416439,1.849244,1.849237,6.184085,6.184085,15.666083,217028,2.329258
56941:ApriltagsCameraLog(1):,,,,,,-91.418931,,1.849241,,6.184085,,,
56961:ApriltagsCameraLog(1):,6,-91.416439,-91.428000,-91.416439,-91.428000,-91.418931,1.849351,1.849241,6.184085,6.184085,15.652136,217030,2.329258
56981:ApriltagsCameraLog(1):,6,-91.418931,-91.409000,-91.418931,-91.409000,-91.419046,1.849263,1.849296,6.184085,6.184085,15.649588,217031,2.329258
57001:ApriltagsCameraLog(1):,6,-91.419046,-91.426000,-91.419046,-91.426000,-91.421700,1.849259,1.849280,6.184085,6.184085,15.644934,217033,2.329258
57021:ApriltagsCameraLog(1):,,,,,,-91.421789,,1.849270,,6.184085,,,
57041:ApriltagsCameraLog(1):,6,-91.421700,-91.450000,-91.421700,-91.450000,-91.419043,1.849166,1.849270,6.184085,6.184085,15.678305,217034,2.329258
57061:ApriltagsCameraLog(1):,6,-91.419043,-91.407000,-91.419043,-91.407000,-91.419429,1.849259,1.849218,6.184085,6.184085,15.652889,217036,2.329258
57081:ApriltagsCameraLog(1):,,,,,,-91.419238,,1.849239,,6.184085,,,
57102:ApriltagsCameraLog(1):,6,-91.419429,-91.430000,-91.419429,-91.430000,-91.419238,1.849246,1.849239,6.184085,6.184085,15.650588,217037,2.329258
57121:ApriltagsCameraLog(1):,6,-91.419238,-91.427000,-91.419238,-91.427000,-91.419372,1.849253,1.849242,6.184085,6.184085,15.646197,217038,2.329258
57161:ApriltagsCameraLog(1):,6,-91.419372,-91.401000,-91.419372,-91.401000,-91.419468,1.849248,1.849247,6.184085,6.184085,15.662784,217040,2.329258
