49651:ApriltagsCameraLog(1):,tag,last yaw,cam yaw,calc yaw,update yaw, est yaw,x,est x,y,est y,adjust,frame,dist
49745:ApriltagsCameraLog(1):,7,1.473936,2.156000,2.156000,2.156000,1.199225,1.342215,1.353433,5.477188,5.482722,10.950941,83394,1.743868
49747:ApriltagsCameraLog(1):,8,1.473936,2.122000,2.122000,2.122000,1.346562,1.326560,1.345929,5.401197,5.479085,10.474007,83394,1.684251
49756:ApriltagsCameraLog(1):,15,1.346562,-4.466000,1.346562,-4.466000,1.470459,1.368016,1.332722,5.509449,5.427233,41.573169,83393,2.973323
49775:ApriltagsCameraLog(1):,7,1.346562,2.203000,2.203000,2.203000,1.195123,1.342273,1.353523,5.478320,5.483165,10.950941,83396,1.743868
49778:ApriltagsCameraLog(1):,8,1.346562,2.109000,2.109000,2.109000,1.580460,1.326655,1.339273,5.400887,5.461257,10.474007,83396,1.684251
49785:ApriltagsCameraLog(1):,15,1.580460,-4.462000,1.580460,-4.462000,1.664371,1.363916,1.330706,5.496078,5.421043,41.573169,83394,2.973323
49797:ApriltagsCameraLog(1):,7,1.664371,2.161000,2.161000,2.161000,1.385690,1.342221,1.350274,5.477309,5.472155,10.950941,83399,1.743868
49810:ApriltagsCameraLog(1):,8,1.664371,2.134000,2.134000,2.134000,1.505098,1.326472,1.344925,5.401483,5.475621,10.474007,83399,1.684251
49812:ApriltagsCameraLog(1):,15,1.664371,-4.487000,1.664371,-4.487000,1.605596,1.362458,1.332396,5.491277,5.426252,41.573169,83395,2.973323
49819:ApriltagsCameraLog(1):,7,1.605596,2.204000,2.204000,2.204000,1.116038,1.342274,1.357767,5.478344,5.485291,10.950941,83400,1.743868
49821:ApriltagsCameraLog(1):,8,1.605596,2.115000,2.115000,2.115000,1.283747,1.326611,1.347401,5.401030,5.480743,10.474007,83400,1.684251
49833:ApriltagsCameraLog(1):,15,1.283747,-4.483000,1.283747,-4.483000,1.416710,1.369127,1.333218,5.513037,5.427686,41.573169,83397,2.973323
49840:ApriltagsCameraLog(1):,7,1.416710,2.212000,2.212000,2.212000,1.145829,1.342284,1.354343,5.478537,5.485719,10.950941,83402,1.743868
49842:ApriltagsCameraLog(1):,8,1.416710,2.102000,2.102000,2.102000,1.310214,1.326706,1.346266,5.400721,5.480994,10.474007,83402,1.684251
49860:ApriltagsCameraLog(1):,7,1.310214,2.201000,2.201000,2.201000,1.436891,1.342270,1.332916,5.478272,5.427554,10.950941,83403,1.743868
49864:ApriltagsCameraLog(1):,8,1.310214,2.131000,2.131000,2.131000,1.554647,1.326494,1.339342,5.401411,5.461331,10.474007,83403,1.684251
49885:ApriltagsCameraLog(1):,15,1.554647,-4.507000,1.554647,-4.507000,1.646801,1.364366,1.330609,5.497554,5.421421,41.573169,83400,2.973323
49893:ApriltagsCameraLog(1):,7,1.646801,2.166000,2.166000,2.166000,1.367021,1.342228,1.350493,5.477429,5.473288,10.950941,83404,1.743868
49898:ApriltagsCameraLog(1):,8,1.646801,2.139000,2.139000,2.139000,1.490604,1.326436,1.344999,5.401602,5.476081,10.474007,83404,1.684251
49900:ApriltagsCameraLog(1):,15,1.490604,-4.486000,1.490604,-4.486000,1.594769,1.365485,1.332387,5.501216,5.426487,41.573169,83401,2.973323
49910:ApriltagsCameraLog(1):,7,1.594769,2.209000,2.209000,2.209000,1.315726,1.342280,1.351912,5.478465,5.477383,10.950941,83406,1.743868
49913:ApriltagsCameraLog(1):,8,1.594769,2.112000,2.112000,2.112000,1.453908,1.326633,1.345496,5.400959,5.478147,10.474007,83406,1.684251
49923:ApriltagsCameraLog(1):,15,1.594769,-4.502000,1.594769,-4.502000,1.559666,1.363667,1.332672,5.495259,5.426749,41.573169,83402,2.973323
49933:ApriltagsCameraLog(1):,7,1.559666,2.209000,2.209000,2.209000,1.048762,1.342280,1.359166,5.478465,5.489671,10.950941,83407,1.743868
49937:ApriltagsCameraLog(1):,8,1.559666,2.112000,2.112000,2.112000,1.228191,1.326633,1.347845,5.400959,5.482297,10.474007,83407,1.684251
49940:ApriltagsCameraLog(1):,15,1.228191,-4.475000,1.228191,-4.475000,1.370160,1.370112,1.333352,5.516209,5.428164,41.573169,83405,2.973323
49949:ApriltagsCameraLog(1):,7,1.370160,2.159000,2.159000,2.159000,1.101953,1.342219,1.354985,5.477260,5.488009,10.950941,83409,1.743868
49952:ApriltagsCameraLog(1):,8,1.370160,2.181000,2.181000,2.181000,1.265485,1.326128,1.346418,5.402602,5.480910,10.474007,83409,1.684251
49955:ApriltagsCameraLog(1):,15,1.265485,-4.454000,1.265485,-4.454000,1.412576,1.369450,1.332541,5.514080,5.428796,41.573169,83406,2.973323
49965:ApriltagsCameraLog(1):,7,1.412576,2.199000,2.199000,2.199000,1.143393,1.342268,1.354352,5.478224,5.486810,10.950941,83410,1.743868
49968:ApriltagsCameraLog(1):,8,1.412576,2.179000,2.179000,2.179000,1.306718,1.326143,1.346252,5.402554,5.481149,10.474007,83410,1.684251
49970:ApriltagsCameraLog(1):,15,1.306718,-4.459000,1.306718,-4.459000,1.446894,1.368720,1.332510,5.511725,5.428839,41.573169,83407,2.973323
49983:ApriltagsCameraLog(1):,7,1.446894,2.211000,2.211000,2.211000,1.175911,1.342283,1.353915,5.478513,5.485241,10.950941,83411,1.743868
49986:ApriltagsCameraLog(1):,8,1.446894,2.189000,2.189000,2.189000,1.336087,1.326070,1.346126,5.402792,5.480815,10.474007,83411,1.684251
50000:ApriltagsCameraLog(1):,15,1.336087,-4.458000,1.336087,-4.458000,1.473178,1.368201,1.332429,5.510047,5.428884,41.573169,83408,2.973323
50016:ApriltagsCameraLog(1):,7,1.473178,2.180000,2.180000,2.180000,1.201040,1.342245,1.353588,5.477766,5.484128,10.950941,83412,1.743868
50020:ApriltagsCameraLog(1):,8,1.473178,2.163000,2.163000,2.163000,1.352566,1.326260,1.345995,5.402173,5.479942,10.474007,83412,1.684251
50022:ApriltagsCameraLog(1):,15,1.352566,-4.442000,1.352566,-4.442000,1.482866,1.367910,1.332530,5.509106,5.428175,41.573169,83410,2.973323
50030:ApriltagsCameraLog(1):,7,1.482866,2.165000,2.165000,2.165000,1.213776,1.342226,1.353438,5.477405,5.483250,10.950941,83414,1.743868
50033:ApriltagsCameraLog(1):,8,1.482866,2.147000,2.147000,2.147000,1.361483,1.326377,1.345936,5.401792,5.479406,10.474007,83414,1.684251
50037:ApriltagsCameraLog(1):,15,1.361483,-4.454000,1.361483,-4.454000,1.488270,1.367753,1.332597,5.508596,5.427740,41.573169,83412,2.973323
50045:ApriltagsCameraLog(1):,7,1.488270,2.195000,2.195000,2.195000,1.215772,1.342263,1.353352,5.478128,5.482761,10.950941,83417,1.743868
50048:ApriltagsCameraLog(1):,8,1.488270,2.165000,2.165000,2.165000,1.368190,1.326245,1.345937,5.402221,5.479726,10.474007,83417,1.684251
50051:ApriltagsCameraLog(1):,15,1.368190,-4.515000,1.368190,-4.515000,1.497188,1.365096,1.332505,5.508153,5.428134,41.612193,83414,2.975762
50062:ApriltagsCameraLog(1):,7,1.497188,2.201000,2.201000,2.201000,1.221794,1.342270,1.351547,5.478272,5.482524,10.950941,83419,1.743868
50071:ApriltagsCameraLog(1):,8,1.497188,2.168000,2.168000,2.168000,1.373860,1.326223,1.345342,5.402292,5.479734,10.474007,83419,1.684251
50096:ApriltagsCameraLog(1):,15,1.497188,-4.500000,1.497188,-4.500000,1.502068,1.365370,1.332294,5.500840,5.428182,41.573169,83415,2.973323
50130:ApriltagsCameraLog(1):,7,1.502068,2.195000,2.195000,2.195000,0.962163,1.342263,1.360174,5.478128,5.495164,10.950941,83420,1.743868
50137:ApriltagsCameraLog(1):,8,1.502068,2.164000,2.164000,2.164000,1.153821,1.326253,1.348130,5.402197,5.483916,10.474007,83420,1.684251
50142:ApriltagsCameraLog(1):,15,1.502068,-4.500000,1.502068,-4.500000,1.317108,1.362745,1.333139,5.500494,5.429546,41.612193,83416,2.975762
50150:ApriltagsCameraLog(1):,7,1.317108,2.166000,2.166000,2.166000,0.712053,1.342228,1.361726,5.477429,5.498793,10.950941,83421,1.743868
50157:ApriltagsCameraLog(1):,8,1.317108,2.149000,2.149000,2.149000,0.937536,1.326362,1.348574,5.401840,5.484691,10.474007,83421,1.684251
50163:ApriltagsCameraLog(1):,15,0.937536,-4.470000,0.937536,-4.470000,1.132761,1.375318,1.333274,5.532791,5.429590,41.573169,83418,2.973323
50183:ApriltagsCameraLog(1):,7,1.132761,2.183000,2.183000,2.183000,0.875848,1.342248,1.358077,5.477839,5.499649,10.950941,83423,1.743868
50192:ApriltagsCameraLog(1):,8,1.132761,2.151000,2.151000,2.151000,1.078558,1.326348,1.347384,5.401888,5.485211,10.474007,83423,1.684251
50199:ApriltagsCameraLog(1):,15,1.078558,-4.457000,1.078558,-4.457000,1.251387,1.372782,1.332921,5.524749,5.429774,41.573169,83421,2.973323
50210:ApriltagsCameraLog(1):,7,1.251387,2.172000,2.172000,2.172000,0.989626,1.342235,1.356469,5.477574,5.494307,10.950941,83426,1.743868
50215:ApriltagsCameraLog(1):,8,1.251387,2.155000,2.155000,2.155000,1.172643,1.326319,1.346882,5.401983,5.483235,10.474007,83426,1.684251
50223:ApriltagsCameraLog(1):,15,1.251387,-4.452000,1.251387,-4.452000,1.330588,1.367161,1.332782,5.514829,5.429166,41.612193,83422,2.975762
50249:ApriltagsCameraLog(1):,7,1.330588,2.155000,2.155000,2.155000,0.742952,1.342214,1.362973,5.477164,5.508302,10.950941,83428,1.743868
50251:ApriltagsCameraLog(1):,8,1.330588,2.123000,2.123000,2.123000,0.961437,1.326552,1.348917,5.401221,5.487689,10.474007,83428,1.684251
50254:ApriltagsCameraLog(1):,15,0.961437,-4.480000,0.961437,-4.480000,1.148115,1.374887,1.333516,5.531428,5.430172,41.573169,83426,2.973323
50269:ApriltagsCameraLog(1):,7,1.148115,2.158000,2.158000,2.158000,0.889912,1.342218,1.357915,5.477236,5.498921,10.950941,83430,1.743868
50271:ApriltagsCameraLog(1):,8,1.148115,2.182000,2.182000,2.182000,1.086165,1.326121,1.347315,5.402626,5.484563,10.474007,83430,1.684251
50289:ApriltagsCameraLog(1):,15,1.086165,-4.490000,1.086165,-4.490000,1.262305,1.372645,1.332746,5.524315,5.430053,41.573169,83427,2.973323
50309:ApriltagsCameraLog(1):,7,1.262305,2.167000,2.167000,2.167000,0.998401,1.342229,1.356318,5.477453,5.494122,10.950941,83432,1.743868
50311:ApriltagsCameraLog(1):,8,1.262305,2.106000,2.106000,2.106000,1.178866,1.326677,1.346830,5.400816,5.483091,10.474007,83432,1.684251
50349:ApriltagsCameraLog(1):,15,1.262305,-4.491000,1.262305,-4.491000,1.327517,1.369507,1.333022,5.514261,5.428333,41.573169,83428,2.973323
50369:ApriltagsCameraLog(1):,7,1.327517,2.171000,2.171000,2.171000,0.746467,1.342234,1.364491,5.477549,5.507941,10.950941,83433,1.743868
50371:ApriltagsCameraLog(1):,8,1.327517,2.110000,2.110000,2.110000,0.966456,1.326647,1.349440,5.400911,5.487837,10.474007,83433,1.684251
50409:ApriltagsCameraLog(1):,15,0.966456,-4.507000,0.966456,-4.507000,1.149804,1.374796,1.333760,5.531142,5.430015,41.573169,83430,2.973323
50429:ApriltagsCameraLog(1):,7,1.149804,2.157000,2.157000,2.157000,0.890158,1.342217,1.357923,5.477212,5.498674,10.950941,83435,1.743868
50431:ApriltagsCameraLog(1):,8,1.149804,2.140000,2.140000,2.140000,1.085795,1.326428,1.347318,5.401626,5.484464,10.474007,83435,1.684251
50449:ApriltagsCameraLog(1):,15,1.085795,-4.484000,1.085795,-4.484000,1.254819,1.372652,1.332965,5.524336,5.429347,41.573169,83432,2.973323
50469:ApriltagsCameraLog(1):,7,1.254819,2.163000,2.163000,2.163000,0.991409,1.342224,1.356378,5.477357,5.493891,10.950941,83437,1.743868
50471:ApriltagsCameraLog(1):,8,1.254819,2.181000,2.181000,2.181000,1.172336,1.326128,1.346847,5.402602,5.482950,10.474007,83437,1.684251
50490:ApriltagsCameraLog(1):,15,1.254819,-4.496000,1.254819,-4.496000,1.334059,1.369640,1.332639,5.514689,5.429488,41.573169,83433,2.973323
50509:ApriltagsCameraLog(1):,7,1.334059,2.150000,2.150000,2.150000,0.739538,1.342208,1.364580,5.477044,5.508151,10.950941,83438,1.743868
50511:ApriltagsCameraLog(1):,8,1.334059,2.126000,2.126000,2.126000,0.957354,1.326531,1.349450,5.401292,5.487569,10.474007,83438,1.684251
50529:ApriltagsCameraLog(1):,15,1.334059,-4.470000,1.334059,-4.470000,1.144727,1.368237,1.333678,5.510163,5.430183,41.573169,83434,2.973323
50575:ApriltagsCameraLog(1):,7,1.144727,2.139000,2.139000,2.139000,29.514771,1.342194,1.400000,5.476779,5.400000,10.950941,83439,1.743868
50577:ApriltagsCameraLog(1):,8,1.144727,2.115000,2.115000,2.115000,25.287160,1.326611,1.351528,5.401030,5.442809,10.474007,83439,1.684251
50609:ApriltagsCameraLog(1):,15,25.287160,-4.478000,25.287160,-4.478000,21.569142,1.239333,1.339784,4.094180,5.412348,41.573169,83436,2.973323
50649:ApriltagsCameraLog(1):,7,21.569142,2.167000,21.569142,2.167000,20.373457,1.287231,1.464566,5.939992,4.532202,21.901883,83440,1.743868
50651:ApriltagsCameraLog(1):,8,21.569142,2.111000,21.569142,2.111000,18.849794,1.109377,1.210357,5.831668,5.447464,20.948014,83440,1.684251
50689:ApriltagsCameraLog(1):,15,18.849794,-4.473000,18.849794,-4.473000,17.398950,1.215470,1.109220,4.478151,5.693241,41.573169,83438,2.973323
50729:ApriltagsCameraLog(1):,7,17.398950,2.048000,17.398950,2.048000,16.389791,1.309813,1.326866,5.841817,4.904627,21.862699,83443,1.741419
50731:ApriltagsCameraLog(1):,8,17.398950,2.223000,17.398950,2.223000,15.187995,1.168074,1.243885,5.745977,5.525627,20.948014,83443,1.684251
50732:ApriltagsCameraLog(1):,15,15.187995,-4.495000,15.187995,-4.495000,14.058290,1.221175,1.178333,4.696992,5.666833,41.573169,83440,2.973323
50749:ApriltagsCameraLog(1):,7,14.058290,2.112000,14.058290,2.112000,13.215063,1.324652,1.306580,5.762771,5.029589,21.862699,83445,1.741419
50750:ApriltagsCameraLog(1):,8,14.058290,2.078000,14.058290,2.078000,12.284758,1.210501,1.275211,5.674393,5.518280,20.948014,83445,1.684251
50769:ApriltagsCameraLog(1):,15,12.284758,-4.470000,12.284758,-4.470000,11.392742,1.241130,1.223696,4.868565,5.618641,41.483775,83442,2.967736
50789:ApriltagsCameraLog(1):,7,11.392742,2.097000,11.392742,2.097000,10.660522,1.333172,1.301300,5.699163,5.122895,21.862699,83446,1.741419
50791:ApriltagsCameraLog(1):,8,11.392742,2.024000,11.392742,2.024000,9.942886,1.241317,1.296214,5.615577,5.507983,20.948014,83446,1.684251
50809:ApriltagsCameraLog(1):,15,9.942886,-4.391000,9.942886,-4.391000,9.250081,1.256597,1.255135,5.006757,5.577318,41.522803,83443,2.970175
50829:ApriltagsCameraLog(1):,7,9.250081,2.101000,9.250081,2.101000,8.631190,1.337870,1.299333,5.647788,5.198614,21.862699,83447,1.741419
50831:ApriltagsCameraLog(1):,8,9.250081,2.029000,9.250081,2.029000,8.083876,1.264084,1.309368,5.567300,5.499158,20.948014,83447,1.684251
50869:ApriltagsCameraLog(1):,15,8.083876,-4.429000,8.083876,-4.429000,7.553426,1.271999,1.277190,5.118448,5.543340,41.573169,83444,2.973323
50910:ApriltagsCameraLog(1):,7,7.553426,2.138000,7.553426,2.138000,7.003485,1.340225,1.302110,5.607005,5.260800,21.862699,83448,1.741419
50911:ApriltagsCameraLog(1):,8,7.553426,2.009000,7.553426,2.009000,6.595833,1.280822,1.318651,5.528489,5.492649,20.948014,83448,1.684251
50929:ApriltagsCameraLog(1):,15,6.595833,-4.463000,6.595833,-4.463000,6.201711,1.286716,1.292688,5.205444,5.515774,41.612193,83446,2.975762
50949:ApriltagsCameraLog(1):,7,6.201711,2.092000,6.201711,2.092000,5.707180,1.341237,1.307117,5.574474,5.309093,21.862699,83451,1.741419
50951:ApriltagsCameraLog(1):,8,6.201711,1.980000,6.201711,1.980000,5.404359,1.293329,1.324747,5.497224,5.486626,20.948014,83451,1.684251
50972:ApriltagsCameraLog(1):,15,5.404359,-4.308000,5.404359,-4.308000,5.108846,1.306963,1.303614,5.278053,5.493119,41.545526,83448,2.971595
50989:ApriltagsCameraLog(1):,7,5.108846,2.110000,5.108846,2.110000,4.676441,1.341494,1.317082,5.548161,5.350196,21.862699,83452,1.741419
50992:ApriltagsCameraLog(1):,8,5.108846,2.201000,5.108846,2.201000,4.461409,1.302900,1.330647,5.471736,5.482490,20.948014,83452,1.684251
50994:ApriltagsCameraLog(1):,15,4.461409,-4.489000,4.461409,-4.489000,4.264478,1.317911,1.312280,5.330091,5.474989,41.573169,83449,2.973323
51009:ApriltagsCameraLog(1):,7,4.264478,2.159000,4.264478,2.159000,3.862746,1.343881,1.323068,5.528020,5.378826,21.901883,83453,1.743868
51011:ApriltagsCameraLog(1):,8,4.264478,2.101000,4.264478,2.101000,3.720404,1.309961,1.335590,5.451922,5.478472,20.948014,83453,1.684251
51049:ApriltagsCameraLog(1):,15,3.720404,-4.161000,3.720404,-4.161000,3.579496,1.333850,1.318733,5.375866,5.460553,41.506518,83450,2.969157
51089:ApriltagsCameraLog(1):,7,3.579496,2.109000,2.109000,2.109000,3.223665,1.339525,1.332436,5.478501,5.404819,10.925969,83454,1.740746
51091:ApriltagsCameraLog(1):,8,3.579496,2.082000,2.082000,2.082000,3.051196,1.326759,1.336758,5.402782,5.453978,10.474359,83454,1.684295
51110:ApriltagsCameraLog(1):,15,3.051196,-4.043000,3.051196,-4.043000,2.898552,1.352069,1.330335,5.412306,5.419801,41.378093,83451,2.961131
51130:ApriltagsCameraLog(1):,7,2.898552,2.181000,2.181000,2.181000,2.578630,1.342246,1.345098,5.477790,5.415646,10.950941,83456,1.743868
51131:ApriltagsCameraLog(1):,8,2.898552,2.063000,2.063000,2.063000,2.517500,1.329528,1.343076,5.399883,5.457070,10.494324,83456,1.686791
51149:ApriltagsCameraLog(1):,15,2.517500,-4.415000,2.517500,-4.415000,2.445033,1.350575,1.334171,5.442458,5.418915,41.534149,83453,2.970884
51169:ApriltagsCameraLog(1):,7,2.445033,2.215000,2.215000,2.215000,2.127206,1.342287,1.344199,5.478609,5.435219,10.950941,83457,1.743868
51171:ApriltagsCameraLog(1):,8,2.445033,2.115000,2.115000,2.115000,2.140622,1.326611,1.342943,5.401030,5.464147,10.474007,83457,1.684251
51189:ApriltagsCameraLog(1):,15,2.140622,-4.464000,2.140622,-4.464000,2.141861,1.354413,1.332063,5.461450,5.422067,41.561833,83454,2.972615
51209:ApriltagsCameraLog(1):,7,2.141861,2.225000,2.225000,2.225000,1.838700,1.342299,1.345505,5.478850,5.449116,10.950941,83459,1.743868
51211:ApriltagsCameraLog(1):,8,2.141861,2.043000,2.043000,2.043000,1.898822,1.327136,1.343425,5.399315,5.468945,10.474007,83459,1.684251
51236:ApriltagsCameraLog(1):,15,2.141861,-4.431000,2.141861,-4.431000,1.922423,1.351854,1.332515,5.461284,5.422537,41.600866,83455,2.975054
51249:ApriltagsCameraLog(1):,7,1.922423,2.186000,2.186000,2.186000,1.548484,1.342252,1.349311,5.477911,5.457442,10.950941,83460,1.743868
51251:ApriltagsCameraLog(1):,8,1.922423,2.052000,2.052000,2.052000,1.646765,1.327070,1.344669,5.399529,5.471110,10.474007,83460,1.684251
51289:ApriltagsCameraLog(1):,15,1.922423,-4.414000,1.922423,-4.414000,1.714308,1.365720,1.332795,5.474216,5.423424,41.444751,83456,2.965297
51329:ApriltagsCameraLog(1):,7,1.714308,2.190000,2.190000,2.190000,1.274036,1.342257,1.359687,5.478007,5.469159,10.950941,83461,1.743868
51331:ApriltagsCameraLog(1):,8,1.714308,2.120000,2.120000,2.120000,1.415063,1.326574,1.348107,5.401149,5.475136,10.474007,83461,1.684251
51349:ApriltagsCameraLog(1):,15,1.415063,-4.564000,1.415063,-4.564000,1.527648,1.377155,1.333498,5.498168,5.425886,41.383077,83458,2.961442
51369:ApriltagsCameraLog(1):,7,1.527648,2.127000,2.127000,2.127000,1.246805,1.342179,1.360135,5.476489,5.475510,10.950941,83463,1.743868
51371:ApriltagsCameraLog(1):,8,1.527648,2.172000,2.172000,2.172000,1.382308,1.328732,1.348169,5.402484,5.476241,10.494324,83463,1.686791
51374:ApriltagsCameraLog(1):,15,1.382308,-4.481000,1.382308,-4.481000,1.508277,1.362369,1.334928,5.504745,5.427145,41.639901,83460,2.977494
51409:ApriltagsCameraLog(1):,7,1.508277,2.124000,2.124000,2.124000,1.236537,1.342176,1.350627,5.476417,5.479750,10.950941,83464,1.743868
51411:ApriltagsCameraLog(1):,8,1.508277,2.168000,2.168000,2.168000,1.374011,1.328858,1.344978,5.399850,5.477565,10.494003,83464,1.686750
51413:ApriltagsCameraLog(1):,15,1.374011,-4.687000,1.374011,-4.687000,1.501550,1.365054,1.333929,5.505280,5.425818,41.600866,83461,2.975054
51429:ApriltagsCameraLog(1):,7,1.501550,2.212000,2.212000,2.212000,1.215057,1.342284,1.351933,5.478537,5.479817,10.950941,83466,1.743868
51431:ApriltagsCameraLog(1):,8,1.501550,2.088000,2.088000,2.088000,1.368759,1.329346,1.345494,5.400480,5.479011,10.494324,83466,1.686791
51449:ApriltagsCameraLog(1):,15,1.501550,-4.365000,1.501550,-4.365000,1.483626,1.370305,1.334453,5.503263,5.426714,41.506518,83462,2.969157
51489:ApriltagsCameraLog(1):,7,1.483626,2.084000,2.084000,2.084000,0.958496,1.342218,1.363446,5.472915,5.496006,10.956342,83467,1.744543
51491:ApriltagsCameraLog(1):,8,1.483626,2.229000,2.229000,2.229000,1.131938,1.330852,1.349167,5.403942,5.480730,10.514641,83467,1.689330
51529:ApriltagsCameraLog(1):,15,1.483626,-4.332000,1.483626,-4.332000,1.306955,1.375764,1.336546,5.501879,5.429637,41.417103,83463,2.963569
51550:ApriltagsCameraLog(1):,7,1.306955,2.138000,2.138000,2.138000,0.714671,1.342193,1.371480,5.476754,5.500280,10.950941,83468,1.743868
51552:ApriltagsCameraLog(1):,8,1.306955,2.193000,2.193000,2.193000,0.934368,1.328578,1.351791,5.402985,5.484802,10.494324,83468,1.686791
51570:ApriltagsCameraLog(1):,15,0.934368,-4.209000,0.934368,-4.209000,1.135731,1.372711,1.335813,5.540549,5.430401,41.646366,83466,2.977898
51589:ApriltagsCameraLog(1):,7,1.135731,2.027000,2.027000,2.027000,0.890820,1.344591,1.357128,5.474170,5.504882,10.970536,83470,1.746317
51591:ApriltagsCameraLog(1):,8,1.135731,2.142000,2.142000,2.142000,1.066014,1.331490,1.348599,5.401863,5.484478,10.514641,83470,1.689330
51609:ApriltagsCameraLog(1):,15,1.066014,-4.914000,1.066014,-4.914000,1.237970,1.352596,1.336759,5.530166,5.429492,41.908053,83467,2.994253
51629:ApriltagsCameraLog(1):,7,1.237970,2.120000,2.120000,2.120000,0.955003,1.347247,1.343869,5.476509,5.497093,10.990132,83471,1.748766
51631:ApriltagsCameraLog(1):,8,1.237970,2.232000,2.232000,2.232000,1.133947,1.330830,1.346003,5.404014,5.483351,10.514641,83471,1.689330
51633:ApriltagsCameraLog(1):,15,1.133947,-4.369000,1.133947,-4.369000,1.308991,1.369151,1.335463,5.526617,5.430542,41.634943,83468,2.977184
51669:ApriltagsCameraLog(1):,7,1.308991,2.179000,2.179000,2.179000,1.051362,1.342340,1.354876,5.475204,5.495609,10.956342,83472,1.744543
51671:ApriltagsCameraLog(1):,8,1.308991,2.176000,2.176000,2.176000,1.225429,1.331338,1.346406,5.400138,5.482075,10.514320,83472,1.689290
51709:ApriltagsCameraLog(1):,15,1.225429,-4.332000,1.225429,-4.332000,1.377346,1.370053,1.335980,5.521446,5.427521,41.595938,83469,2.974746
51749:ApriltagsCameraLog(1):,7,1.377346,2.070000,2.070000,2.070000,1.115425,1.342108,1.355702,5.475116,5.491172,10.950941,83474,1.743868
51751:ApriltagsCameraLog(1):,8,1.377346,2.063000,2.063000,2.063000,1.262839,1.329528,1.346564,5.399883,5.480532,10.494324,83474,1.686791
51789:ApriltagsCameraLog(1):,15,1.262839,-4.520000,1.262839,-4.520000,1.390923,1.374632,1.334892,5.511803,5.426833,41.483775,83471,2.967736
51829:ApriltagsCameraLog(1):,7,1.390923,1.965000,1.965000,1.965000,1.119055,1.344511,1.358577,5.472674,5.484740,10.970536,83476,1.746317
51831:ApriltagsCameraLog(1):,8,1.390923,2.271000,2.271000,2.271000,1.249496,1.333081,1.349149,5.405046,5.476755,10.534958,83476,1.691870
51849:ApriltagsCameraLog(1):,15,1.249496,-4.237000,1.249496,-4.237000,1.412481,1.367195,1.338079,5.514937,5.429030,41.612193,83473,2.975762
51869:ApriltagsCameraLog(1):,7,1.412481,2.017000,2.017000,2.017000,1.156150,1.342129,1.354782,5.471301,5.487175,10.956342,83478,1.744543
51871:ApriltagsCameraLog(1):,8,1.412481,2.181000,2.181000,2.181000,1.289458,1.331301,1.346279,5.400257,5.476646,10.514320,83478,1.689290
51889:ApriltagsCameraLog(1):,15,1.289458,-4.386000,1.289458,-4.386000,1.429634,1.369026,1.335960,5.512711,5.425786,41.573169,83475,2.973323
51909:ApriltagsCameraLog(1):,7,1.429634,2.175000,2.175000,2.175000,1.159951,1.342335,1.355181,5.475108,5.484760,10.956342,83480,1.744543
51911:ApriltagsCameraLog(1):,8,1.429634,2.156000,2.156000,2.156000,1.316215,1.328945,1.346569,5.399564,5.478389,10.494003,83480,1.686750
51913:ApriltagsCameraLog(1):,15,1.429634,-4.199000,1.429634,-4.199000,1.450205,1.366427,1.334497,5.509780,5.425912,41.595938,83476,2.974746
51930:ApriltagsCameraLog(1):,7,1.450205,2.074000,2.074000,2.074000,0.911232,1.342205,1.361929,5.472674,5.501764,10.956342,83481,1.744543
51932:ApriltagsCameraLog(1):,8,1.450205,2.145000,2.145000,2.145000,1.089705,1.329025,1.348614,5.399302,5.482484,10.494003,83481,1.686750
51949:ApriltagsCameraLog(1):,15,1.450205,-4.059000,1.450205,-4.059000,1.263071,1.368668,1.335129,5.506130,5.427130,41.545526,83477,2.971595
51989:ApriltagsCameraLog(1):,7,1.263071,2.189000,2.189000,2.189000,0.688113,1.342353,1.366298,5.475445,5.504859,10.956342,83482,1.744543
51991:ApriltagsCameraLog(1):,8,1.263071,2.184000,2.184000,2.184000,0.920342,1.328741,1.350117,5.400232,5.485428,10.494003,83482,1.686750
52009:ApriltagsCameraLog(1):,,,,,,1.120443,,1.335339,,5.428764,,,
52050:ApriltagsCameraLog(1):,7,0.920342,2.192000,2.192000,2.192000,1.114950,1.342357,1.335339,5.475517,5.428764,10.956342,83483,1.744543
52052:ApriltagsCameraLog(1):,8,0.920342,2.214000,2.214000,2.214000,1.280064,1.328522,1.340263,5.400948,5.459895,10.494003,83483,1.686750
52069:ApriltagsCameraLog(1):,,,,,,1.425632,,1.332169,,5.420651,,,
52089:ApriltagsCameraLog(1):,7,1.280064,2.200000,2.200000,2.200000,1.431125,1.344905,1.332169,5.475807,5.420651,10.975928,83485,1.746991
52091:ApriltagsCameraLog(1):,8,1.280064,2.247000,2.247000,2.247000,1.549209,1.330819,1.340867,5.401834,5.457374,10.514320,83485,1.689290
52129:ApriltagsCameraLog(1):,7,1.549209,2.214000,2.214000,2.214000,1.665782,1.344922,1.333980,5.476145,5.420382,10.975928,83486,1.746991
52131:ApriltagsCameraLog(1):,8,1.549209,2.101000,2.101000,2.101000,1.751510,1.331883,1.341428,5.398345,5.457527,10.514320,83486,1.689290
52134:ApriltagsCameraLog(1):,15,1.751510,-4.383000,1.751510,-4.383000,1.808639,1.355874,1.334961,5.486134,5.418089,41.651219,83483,2.978201
52149:ApriltagsCameraLog(1):,8,1.808639,2.119000,2.119000,2.119000,1.530861,1.326582,1.346556,5.401125,5.464132,10.474007,83487,1.684251
52189:ApriltagsCameraLog(1):,15,1.530861,-4.377000,1.530861,-4.377000,1.643752,1.369791,1.333055,5.501589,5.422186,41.506518,83484,2.969157
52229:ApriltagsCameraLog(1):,8,1.643752,2.192000,2.192000,2.192000,1.376365,1.326048,1.354884,5.402864,5.476302,10.474007,83488,1.684251
52249:ApriltagsCameraLog(1):,15,1.376365,-4.585000,1.376365,-4.585000,1.501359,1.364647,1.335356,5.520381,5.427463,41.669308,83485,2.979332
52269:ApriltagsCameraLog(1):,7,1.501359,2.239000,2.239000,2.239000,1.215063,1.342415,1.351735,5.476650,5.490346,10.956342,83490,1.744543
52271:ApriltagsCameraLog(1):,8,1.501359,2.105000,2.105000,2.105000,1.371427,1.329315,1.345454,5.398347,5.481262,10.494003,83490,1.686750
52289:ApriltagsCameraLog(1):,15,1.371427,-4.730000,1.371427,-4.730000,1.487096,1.344117,1.334402,5.532874,5.426043,42.038758,83487,3.002422
52310:ApriltagsCameraLog(1):,7,1.487096,2.261000,2.261000,2.261000,1.214863,1.342443,1.337173,5.477180,5.497539,10.956342,83492,1.744543
52312:ApriltagsCameraLog(1):,8,1.487096,2.229000,2.229000,2.229000,1.376773,1.328413,1.340581,5.401305,5.483939,10.494003,83492,1.686750
52315:ApriltagsCameraLog(1):,15,1.487096,-4.289000,1.487096,-4.289000,1.513635,1.370361,1.332124,5.511705,5.428901,41.540871,83488,2.971304
52349:ApriltagsCameraLog(1):,7,1.513635,2.223000,2.223000,2.223000,0.967517,1.344835,1.358851,5.478901,5.507991,10.970536,83493,1.746317
52351:ApriltagsCameraLog(1):,8,1.513635,2.176000,2.176000,2.176000,1.163648,1.328703,1.349325,5.402579,5.488686,10.494324,83493,1.686791
52389:ApriltagsCameraLog(1):,15,1.513635,-4.632000,1.513635,-4.632000,1.322843,1.326190,1.335144,5.529363,5.431386,42.295651,83489,3.018478
52430:ApriltagsCameraLog(1):,7,1.322843,2.098000,2.098000,2.098000,0.707197,1.344774,1.336429,5.473346,5.521216,10.975928,83494,1.746991
52432:ApriltagsCameraLog(1):,8,1.322843,2.164000,2.164000,2.164000,0.920873,1.333963,1.341666,5.399947,5.489246,10.534638,83494,1.691830
52441:ApriltagsCameraLog(1):,15,0.920873,-3.914000,0.920873,-3.914000,1.118508,1.378199,1.335990,5.531242,5.429761,41.522803,83491,2.970175
52449:ApriltagsCameraLog(1):,7,1.118508,2.023000,2.023000,2.023000,0.892364,1.347214,1.361275,5.471625,5.498558,10.995517,83496,1.749440
52451:ApriltagsCameraLog(1):,8,1.118508,2.158000,2.158000,2.158000,1.066707,1.333911,1.351751,5.402341,5.480681,10.534958,83496,1.691870
52469:ApriltagsCameraLog(1):,,,,,,1.241177,,1.339439,,5.428551,,,
52489:ApriltagsCameraLog(1):,7,1.066707,2.310000,2.310000,2.310000,1.241177,1.342503,1.339439,5.478360,5.428551,10.956342,83497,1.744543
52491:ApriltagsCameraLog(1):,8,1.066707,2.163000,2.163000,2.163000,1.407013,1.328894,1.341745,5.399731,5.461740,10.494003,83497,1.686750
52511:ApriltagsCameraLog(1):,15,1.407013,-5.360000,1.407013,-5.360000,1.528909,1.318332,1.332947,5.520045,5.420449,42.382709,83494,3.023919
52530:ApriltagsCameraLog(1):,7,1.528909,2.127000,2.127000,2.127000,1.221273,1.342179,1.319402,5.476489,5.486218,10.950941,83498,1.743868
52532:ApriltagsCameraLog(1):,8,1.528909,2.173000,2.173000,2.173000,1.361567,1.328725,1.334543,5.402508,5.479630,10.494324,83498,1.686791
52569:ApriltagsCameraLog(1):,15,1.361567,-4.188000,1.361567,-4.188000,1.489149,1.375430,1.330564,5.506233,5.428460,41.444751,83495,2.965297
52609:ApriltagsCameraLog(1):,7,1.489149,2.207000,2.207000,2.207000,1.312942,1.344914,1.357758,5.475976,5.481877,10.975928,83500,1.746991
52611:ApriltagsCameraLog(1):,8,1.489149,2.261000,2.261000,2.261000,1.463727,1.333255,1.349055,5.402269,5.478178,10.534638,83500,1.691830
52629:ApriltagsCameraLog(1):,15,1.463727,-4.847000,1.463727,-4.847000,1.901008,1.347727,1.338991,5.520073,5.427907,41.926184,83497,2.995386
52649:ApriltagsCameraLog(1):,7,1.901008,2.216000,2.216000,2.216000,2.138452,1.342387,1.342520,5.476095,5.489942,10.956342,83502,1.744543
52651:ApriltagsCameraLog(1):,8,1.901008,2.188000,2.188000,2.188000,2.290759,1.331250,1.343260,5.400424,5.480637,10.514320,83502,1.689290
52669:ApriltagsCameraLog(1):,,,,,,3.133740,,1.337225,,5.427338,,,
52690:ApriltagsCameraLog(1):,7,2.290759,2.321000,2.321000,2.321000,4.089550,1.342619,1.339427,5.476088,5.426340,10.961770,83503,1.745221
52692:ApriltagsCameraLog(1):,8,2.290759,2.354000,2.354000,2.354000,4.183163,1.332676,1.344785,5.401956,5.459050,10.534348,83503,1.691794
52729:ApriltagsCameraLog(1):,7,4.183163,2.569000,2.569000,2.569000,6.992159,1.351326,1.345986,5.464644,5.418470,11.059112,83504,1.757389
52732:ApriltagsCameraLog(1):,8,4.183163,2.704000,2.704000,2.704000,6.991393,1.346032,1.356186,5.395818,5.447324,10.655169,83504,1.706896
52789:ApriltagsCameraLog(1):,7,6.991393,3.892000,6.991393,3.892000,12.409091,1.349135,1.374124,5.545890,5.404426,22.116433,83505,1.757277
52791:ApriltagsCameraLog(1):,8,6.991393,4.092000,6.991393,4.092000,12.407775,1.314676,1.374300,5.470407,5.492698,21.312000,83505,1.707000
52829:ApriltagsCameraLog(1):,,,,,,17.246683,,1.368741,,5.464395,,,
52869:ApriltagsCameraLog(1):,7,12.407775,7.622000,12.407775,7.622000,23.984049,1.354737,1.389659,5.564966,5.456379,22.496537,83507,1.781034
52871:ApriltagsCameraLog(1):,8,12.407775,7.943000,12.407775,7.943000,23.829346,1.318864,1.398076,5.493867,5.516012,21.918482,83507,1.744905
52889:ApriltagsCameraLog(1):,,,,,,27.660267,,1.391640,,5.483666,,,
52929:ApriltagsCameraLog(1):,8,23.829346,16.192000,23.829346,16.192000,37.608387,1.283728,1.421126,5.579709,5.474821,22.567390,83509,1.785462
52949:ApriltagsCameraLog(1):,8,37.608387,27.400000,37.608387,27.400000,41.234291,1.251407,1.392462,5.635405,5.525335,23.267585,83511,1.829224
52969:ApriltagsCameraLog(1):,,,,,,46.250104,,1.347914,,5.586347,,,
52989:ApriltagsCameraLog(1):,,,,,,51.323041,,1.365905,,5.581821,,,
53009:ApriltagsCameraLog(1):,,,,,,56.676129,,1.383269,,5.574914,,,
53029:ApriltagsCameraLog(1):,,,,,,62.248944,,1.405003,,5.563375,,,
53069:ApriltagsCameraLog(1):,,,,,,74.265240,,1.451597,,5.540770,,,
53089:ApriltagsCameraLog(1):,,,,,,80.659283,,1.476606,,5.530801,,,
53110:ApriltagsCameraLog(1):,,,,,,87.141217,,1.502301,,5.520177,,,
53129:ApriltagsCameraLog(1):,,,,,,93.592938,,1.527072,,5.511956,,,
53149:ApriltagsCameraLog(1):,,,,,,99.363507,,1.552092,,5.504807,,,
53169:ApriltagsCameraLog(1):,,,,,,105.213727,,1.574139,,5.494414,,,
53189:ApriltagsCameraLog(1):,,,,,,108.825482,,1.596193,,5.482979,,,
53209:ApriltagsCameraLog(1):,,,,,,114.906415,,1.623723,,5.464338,,,
53229:ApriltagsCameraLog(1):,,,,,,119.600323,,1.655661,,5.447694,,,
53249:ApriltagsCameraLog(1):,,,,,,122.934674,,1.686215,,5.433632,,,
53269:ApriltagsCameraLog(1):,,,,,,127.936200,,1.718443,,5.420957,,,
53310:ApriltagsCameraLog(1):,,,,,,135.294293,,1.782021,,5.393848,,,
53329:ApriltagsCameraLog(1):,,,,,,138.491314,,1.814068,,5.383213,,,
53349:ApriltagsCameraLog(1):,,,,,,141.312054,,1.847636,,5.371822,,,
53369:ApriltagsCameraLog(1):,,,,,,143.885602,,1.879963,,5.351739,,,
53389:ApriltagsCameraLog(1):,,,,,,146.302594,,1.913533,,5.333562,,,
53414:ApriltagsCameraLog(1):,,,,,,148.510846,,1.947012,,5.307859,,,
53429:ApriltagsCameraLog(1):,,,,,,150.883893,,1.978032,,5.280614,,,
53469:ApriltagsCameraLog(1):,,,,,,155.448712,,2.044048,,5.231611,,,
53489:ApriltagsCameraLog(1):,,,,,,157.445477,,2.079737,,5.207945,,,
53529:ApriltagsCameraLog(1):,,,,,,160.928143,,2.149890,,5.167014,,,
53549:ApriltagsCameraLog(1):,,,,,,162.199811,,2.183016,,5.148742,,,
53569:ApriltagsCameraLog(1):,15,155.448712,154.558000,154.558000,154.558000,163.114422,2.207645,2.211935,4.922695,5.126538,18.632707,83529,2.704088
53589:ApriltagsCameraLog(1):,7,163.114422,161.787000,161.787000,161.787000,163.503645,2.260785,2.335491,4.651738,4.912020,13.590696,83527,2.073837
53593:ApriltagsCameraLog(1):,8,163.114422,163.146000,163.146000,163.146000,163.537483,2.254762,2.331562,4.640419,4.704966,12.925739,83527,1.990717
53611:ApriltagsCameraLog(1):,15,163.537483,157.039000,163.537483,157.039000,164.296966,2.200865,2.351497,4.727530,4.603261,37.414321,83531,2.713395
53630:ApriltagsCameraLog(1):,8,164.296966,163.916000,163.916000,163.916000,164.362012,2.279159,2.325704,4.575617,4.613732,13.086913,83528,2.010864
53649:ApriltagsCameraLog(1):,15,164.362012,159.539000,164.362012,159.539000,164.621212,2.303483,2.357514,4.702374,4.523798,35.804949,83532,2.612809
53651:ApriltagsCameraLog(1):,7,164.621212,167.573000,164.621212,167.573000,164.420262,2.331051,2.372681,4.574189,4.588309,28.392012,83529,2.149501
53652:ApriltagsCameraLog(1):,8,164.621212,166.927000,164.621212,166.927000,164.659906,2.317420,2.372527,4.505408,4.546931,26.766938,83529,2.047934
53689:ApriltagsCameraLog(1):,15,164.659906,161.301000,164.659906,161.301000,164.961377,2.383959,2.401816,4.670492,4.445909,34.463237,83533,2.528952
53729:ApriltagsCameraLog(1):,7,164.961377,167.062000,164.961377,167.062000,164.411958,2.356157,2.471426,4.533097,4.504481,28.947569,83530,2.184223
53731:ApriltagsCameraLog(1):,8,164.961377,167.124000,164.961377,167.124000,164.567598,2.349391,2.444444,4.461590,4.469302,27.296148,83530,2.081009
53749:ApriltagsCameraLog(1):,15,164.567598,161.433000,164.567598,161.433000,164.511385,2.417586,2.446161,4.651748,4.392900,33.862018,83534,2.491376
53790:ApriltagsCameraLog(1):,7,164.511385,166.405000,166.405000,166.405000,163.839684,2.431178,2.509219,4.552850,4.472790,14.952167,83531,2.244021
53791:ApriltagsCameraLog(1):,8,164.511385,167.276000,164.511385,167.276000,164.017825,2.389844,2.516494,4.404133,4.461558,28.067309,83531,2.129207
53809:ApriltagsCameraLog(1):,15,164.017825,161.318000,164.017825,161.318000,163.922651,2.483655,2.502189,4.593837,4.346169,32.573848,83536,2.410865
53849:ApriltagsCameraLog(1):,7,163.922651,166.985000,163.922651,166.985000,163.265696,2.442476,2.553673,4.377623,4.440059,31.135290,83533,2.320956
53851:ApriltagsCameraLog(1):,8,163.922651,167.864000,163.922651,167.864000,163.418289,2.439779,2.522556,4.307563,4.351480,29.105791,83533,2.194112
53869:ApriltagsCameraLog(1):,15,163.418289,161.268000,163.418289,161.268000,163.394085,2.536523,2.520320,4.532094,4.264985,31.486365,83538,2.342898
53889:ApriltagsCameraLog(1):,7,163.394085,166.332000,163.394085,166.332000,163.011212,2.487302,2.568736,4.346121,4.401255,32.017673,83535,2.376105
53891:ApriltagsCameraLog(1):,8,163.394085,166.495000,163.394085,166.495000,163.158621,2.486738,2.538995,4.276792,4.338811,29.967873,83535,2.247992
53909:ApriltagsCameraLog(1):,15,163.158621,159.883000,163.158621,159.883000,163.195607,2.576645,2.536044,4.463195,4.264354,30.631502,83540,2.289469
53930:ApriltagsCameraLog(1):,7,163.158621,166.235000,163.158621,166.235000,162.859139,2.512474,2.584311,4.321324,4.373148,32.550527,83536,2.409408
53932:ApriltagsCameraLog(1):,8,163.158621,166.104000,163.158621,166.104000,163.237294,2.511516,2.547251,4.252729,4.275842,30.440488,83536,2.277531
53950:ApriltagsCameraLog(1):,15,163.237294,159.407000,163.237294,159.407000,163.197224,2.591259,2.553037,4.429447,4.230546,30.323366,83541,2.270210
53952:ApriltagsCameraLog(1):,7,163.237294,166.258000,163.237294,166.258000,162.934120,2.535312,2.590116,4.315803,4.349019,32.918291,83537,2.432393
53954:ApriltagsCameraLog(1):,8,163.237294,166.253000,163.237294,166.253000,163.343809,2.525644,2.559143,4.246971,4.270689,30.671810,83537,2.291988
53969:ApriltagsCameraLog(1):,15,163.343809,159.214000,163.343809,159.214000,163.304426,2.613790,2.557942,4.403027,4.233753,29.916108,83542,2.244757
53990:ApriltagsCameraLog(1):,7,163.343809,165.182000,165.182000,165.182000,162.834363,2.590009,2.605442,4.418431,4.334339,16.530216,83538,2.441277
53992:ApriltagsCameraLog(1):,8,163.343809,165.545000,163.343809,165.545000,163.272327,2.545976,2.595479,4.261971,4.342011,30.945339,83538,2.309084
54009:ApriltagsCameraLog(1):,15,163.272327,159.237000,163.272327,159.237000,163.193440,2.625343,2.577885,4.391440,4.273131,29.699601,83543,2.231225
54029:ApriltagsCameraLog(1):,15,163.193440,158.909000,163.193440,158.909000,162.748595,2.634418,2.616613,4.380817,4.343701,29.524316,83544,2.220270
54031:ApriltagsCameraLog(1):,7,163.272327,164.852000,164.852000,164.852000,162.478488,2.605066,2.631899,4.405359,4.364852,16.688486,83539,2.461061
54041:ApriltagsCameraLog(1):,8,163.272327,164.786000,164.786000,164.786000,163.147924,2.575101,2.607118,4.331922,4.350853,15.561406,83539,2.320176
54049:ApriltagsCameraLog(1):,7,163.147924,164.677000,164.677000,164.677000,163.124941,2.614719,2.596646,4.406854,4.327547,16.763495,83540,2.470437
54051:ApriltagsCameraLog(1):,8,163.147924,164.676000,164.676000,164.676000,163.229815,2.584552,2.614474,4.337141,4.375034,15.635823,83540,2.329478
54069:ApriltagsCameraLog(1):,15,163.229815,158.441000,163.229815,158.441000,163.230512,2.634959,2.600468,4.363486,4.343658,29.483751,83545,2.217734
54089:ApriltagsCameraLog(1):,7,163.229815,164.528000,164.528000,164.528000,162.892619,2.621534,2.625404,4.397249,4.355616,16.844641,83541,2.480580
54091:ApriltagsCameraLog(1):,8,163.229815,164.624000,164.624000,164.624000,163.316712,2.591312,2.617400,4.332741,4.376743,15.696179,83541,2.337022
54129:ApriltagsCameraLog(1):,15,163.316712,158.331000,163.316712,158.331000,163.431057,2.646119,2.607255,4.343902,4.340904,29.277865,83546,2.204867
54169:ApriltagsCameraLog(1):,7,163.431057,164.167000,164.167000,164.167000,162.991505,2.622584,2.638343,4.391347,4.338325,16.879659,83543,2.484957
54171:ApriltagsCameraLog(1):,8,163.431057,164.369000,164.369000,164.369000,163.105148,2.596707,2.632286,4.331906,4.369377,15.750902,83543,2.343863
54189:ApriltagsCameraLog(1):,15,163.105148,158.187000,163.105148,158.187000,163.211254,2.644824,2.610695,4.348840,4.341029,29.284911,83548,2.205307
54209:ApriltagsCameraLog(1):,7,163.211254,163.850000,163.850000,163.850000,163.038827,2.617944,2.631115,4.391989,4.347414,16.853378,83545,2.481672
54211:ApriltagsCameraLog(1):,8,163.211254,164.070000,164.070000,164.070000,163.133152,2.594318,2.619695,4.331075,4.378200,15.745837,83545,2.343230
54229:ApriltagsCameraLog(1):,15,163.133152,158.271000,163.133152,158.271000,163.483734,2.644897,2.596863,4.347865,4.349825,29.284911,83549,2.205307
54249:ApriltagsCameraLog(1):,15,163.483734,158.021000,163.483734,158.021000,163.611120,2.640263,2.621131,4.334661,4.354040,29.372029,83550,2.210752
54251:ApriltagsCameraLog(1):,7,163.483734,163.775000,163.775000,163.775000,163.307422,2.616119,2.628213,4.396539,4.345590,16.830363,83546,2.478795
54253:ApriltagsCameraLog(1):,8,163.483734,164.061000,164.061000,164.061000,163.715633,2.595611,2.611684,4.335546,4.386718,15.752003,83546,2.344000
54269:ApriltagsCameraLog(1):,7,163.715633,164.240000,164.240000,164.240000,164.533588,2.608699,2.592059,4.396433,4.357011,16.758982,83547,2.469873
54271:ApriltagsCameraLog(1):,8,163.715633,164.718000,164.718000,164.718000,164.643752,2.592603,2.598432,4.347526,4.385558,15.687641,83547,2.335955
54289:ApriltagsCameraLog(1):,15,164.643752,158.489000,164.643752,158.489000,165.749752,2.632413,2.588397,4.299995,4.359979,29.565089,83551,2.222818
54329:ApriltagsCameraLog(1):,7,165.749752,164.306000,164.306000,164.306000,168.435582,2.600242,2.616182,4.402231,4.308041,16.677819,83548,2.459727
54331:ApriltagsCameraLog(1):,8,165.749752,164.625000,164.625000,164.625000,168.499538,2.573751,2.604644,4.345522,4.360519,15.543958,83548,2.317995
54349:ApriltagsCameraLog(1):,15,168.499538,159.048000,168.499538,159.048000,170.802209,2.634437,2.583159,4.189317,4.333458,29.831211,83552,2.239451
54369:ApriltagsCameraLog(1):,7,170.802209,164.655000,170.802209,164.655000,173.226573,2.705153,2.622176,4.580685,4.222414,33.718962,83550,2.482435
54371:ApriltagsCameraLog(1):,8,170.802209,165.420000,170.802209,165.420000,173.123269,2.649404,2.675771,4.513448,4.451817,31.518977,83550,2.344936
54389:ApriltagsCameraLog(1):,15,173.123269,162.580000,173.123269,162.580000,176.253777,2.640522,2.660353,4.136495,4.480909,30.204473,83554,2.262780
54409:ApriltagsCameraLog(1):,7,176.253777,166.940000,176.253777,166.940000,179.698872,2.755559,2.659462,4.712676,4.242635,33.680126,83551,2.480008
54411:ApriltagsCameraLog(1):,8,176.253777,167.661000,176.253777,167.661000,179.555598,2.691109,2.719205,4.640470,4.554848,31.662649,83551,2.353916
54449:ApriltagsCameraLog(1):,,,,,,-171.939871,,2.702101,,4.609677,,,
54469:ApriltagsCameraLog(1):,,,,,,-167.556326,,2.701195,,4.609303,,,
54509:ApriltagsCameraLog(1):,,,,,,-157.860892,,2.698592,,4.604766,,,
54529:ApriltagsCameraLog(1):,,,,,,-152.068350,,2.697581,,4.600744,,,
54549:ApriltagsCameraLog(1):,,,,,,-145.948965,,2.696319,,4.597435,,,
54569:ApriltagsCameraLog(1):,,,,,,-139.681265,,2.695856,,4.595838,,,
54589:ApriltagsCameraLog(1):,,,,,,-133.141653,,2.694353,,4.593635,,,
54609:ApriltagsCameraLog(1):,,,,,,-126.481192,,2.693959,,4.589583,,,
54629:ApriltagsCameraLog(1):,,,,,,-119.606497,,2.694020,,4.583933,,,
54649:ApriltagsCameraLog(1):,,,,,,-112.627432,,2.692814,,4.578420,,,
54669:ApriltagsCameraLog(1):,,,,,,-105.450613,,2.693426,,4.573227,,,
54709:ApriltagsCameraLog(1):,,,,,,-90.580618,,2.693972,,4.563656,,,
54729:ApriltagsCameraLog(1):,,,,,,-83.260977,,2.694280,,4.558225,,,
54749:ApriltagsCameraLog(1):,,,,,,-76.979544,,2.694555,,4.554202,,,
54769:ApriltagsCameraLog(1):,,,,,,-70.909598,,2.693016,,4.548906,,,
54789:ApriltagsCameraLog(1):,,,,,,-64.133780,,2.692386,,4.543647,,,
54809:ApriltagsCameraLog(1):,,,,,,-57.530997,,2.691197,,4.539630,,,
54829:ApriltagsCameraLog(1):,,,,,,-51.521475,,2.687778,,4.536116,,,
54849:ApriltagsCameraLog(1):,,,,,,-45.893729,,2.683644,,4.531997,,,
54889:ApriltagsCameraLog(1):,,,,,,-35.822012,,2.678320,,4.525299,,,
54929:ApriltagsCameraLog(1):,,,,,,-27.771780,,2.672461,,4.519455,,,
54949:ApriltagsCameraLog(1):,,,,,,-24.371512,,2.669547,,4.516934,,,
54969:ApriltagsCameraLog(1):,,,,,,-21.402457,,2.666022,,4.515309,,,
54989:ApriltagsCameraLog(1):,,,,,,-18.839896,,2.663358,,4.514245,,,
55010:ApriltagsCameraLog(1):,,,,,,-16.719534,,2.659386,,4.513143,,,
55050:ApriltagsCameraLog(1):,8,-21.402457,-21.053000,-21.053000,-21.053000,-13.961966,2.367050,2.650367,4.429100,4.509209,18.986313,83574,2.748289
55089:ApriltagsCameraLog(1):,7,-13.961966,-17.982000,-13.961966,-17.982000,-13.095587,2.415999,2.448129,4.638690,4.448870,41.572041,83575,2.973253
55091:ApriltagsCameraLog(1):,8,-13.961966,-17.796000,-13.961966,-17.796000,-13.158461,2.380238,2.416544,4.571871,4.572099,38.082857,83575,2.755179
55129:ApriltagsCameraLog(1):,,,,,,-13.266575,,2.383540,,4.569591,,,
55169:ApriltagsCameraLog(1):,7,-13.158461,-14.643000,-14.643000,-14.643000,-13.741734,2.334458,2.386339,4.520385,4.571319,20.621906,83576,2.952738
55171:ApriltagsCameraLog(1):,8,-13.158461,-14.158000,-14.158000,-14.158000,-13.784710,2.328718,2.350620,4.468835,4.538415,18.901640,83576,2.737705
55209:ApriltagsCameraLog(1):,15,-13.784710,-18.406000,-13.784710,-18.406000,-14.475588,2.330452,2.337518,4.555958,4.495116,26.163969,83574,2.010248
55250:ApriltagsCameraLog(1):,7,-14.475588,-12.935000,-12.935000,-12.935000,-15.458699,2.329809,2.336369,4.544689,4.540279,20.555320,83579,2.944415
55252:ApriltagsCameraLog(1):,8,-14.475588,-12.247000,-14.475588,-12.247000,-15.368576,2.300838,2.335923,4.409711,4.546158,37.685765,83579,2.730360
55269:ApriltagsCameraLog(1):,15,-15.368576,-19.451000,-15.368576,-19.451000,-15.430047,2.359381,2.315135,4.591464,4.458813,25.799504,83576,1.987469
55290:ApriltagsCameraLog(1):,7,-15.430047,-13.953000,-13.953000,-13.953000,-15.910514,2.337427,2.342470,4.543474,4.551498,20.578132,83581,2.947266
55291:ApriltagsCameraLog(1):,8,-15.430047,-13.598000,-13.598000,-13.598000,-15.801698,2.320089,2.339532,4.490041,4.547662,18.804399,83581,2.725550
55309:ApriltagsCameraLog(1):,,,,,,-15.731349,,2.326686,,4.511391,,,
55329:ApriltagsCameraLog(1):,7,-15.801698,-14.466000,-14.466000,-14.466000,-15.769801,2.337143,2.326753,4.546205,4.512208,20.547527,83582,2.943441
55333:ApriltagsCameraLog(1):,8,-15.801698,-14.085000,-14.085000,-14.085000,-15.684913,2.321379,2.333660,4.492187,4.536330,18.787435,83582,2.723429
55369:ApriltagsCameraLog(1):,7,-15.684913,-14.663000,-14.663000,-14.663000,-15.542375,2.337543,2.325915,4.552788,4.511497,20.518156,83583,2.939769
55377:ApriltagsCameraLog(1):,8,-15.684913,-14.143000,-14.143000,-14.143000,-15.475688,2.321522,2.334469,4.502735,4.542012,18.758420,83583,2.719802
55409:ApriltagsCameraLog(1):,,,,,,-15.458550,,2.327476,,4.522319,,,
55449:ApriltagsCameraLog(1):,7,-15.475688,-14.791000,-14.791000,-14.791000,-15.727715,2.336100,2.330784,4.560411,4.526468,20.474381,83585,2.934298
55451:ApriltagsCameraLog(1):,8,-15.475688,-14.283000,-14.283000,-14.283000,-15.676008,2.323475,2.337906,4.509278,4.555033,18.750116,83585,2.718765
55469:ApriltagsCameraLog(1):,,,,,,-15.710608,,2.333161,,4.532843,,,
55489:ApriltagsCameraLog(1):,7,-15.676008,-14.847000,-14.847000,-14.847000,-15.834204,2.342648,2.334600,4.566610,4.534565,20.494987,83587,2.936873
55491:ApriltagsCameraLog(1):,8,-15.676008,-14.281000,-14.281000,-14.281000,-15.787702,2.326624,2.343760,4.521668,4.560694,18.742284,83587,2.717785
55509:ApriltagsCameraLog(1):,,,,,,-15.816270,,2.337235,,4.542158,,,
55529:ApriltagsCameraLog(1):,7,-15.787702,-15.145000,-15.145000,-15.145000,-15.967332,2.341494,2.338460,4.568951,4.544516,20.467133,83588,2.933392
55531:ApriltagsCameraLog(1):,8,-15.787702,-14.419000,-14.419000,-14.419000,-15.941451,2.328669,2.344249,4.528274,4.566717,18.734924,83588,2.716865
55549:ApriltagsCameraLog(1):,,,,,,-16.005180,,2.338560,,4.549144,,,
55569:ApriltagsCameraLog(1):,7,-15.941451,-15.254000,-15.254000,-15.254000,-16.158988,2.346087,2.340411,4.578461,4.551743,20.459698,83589,2.932462
55571:ApriltagsCameraLog(1):,8,-15.941451,-14.820000,-14.820000,-14.820000,-16.135082,2.328679,2.348293,4.523998,4.576385,18.728036,83589,2.716005
55609:ApriltagsCameraLog(1):,,,,,,-16.368986,,2.342079,,4.552006,,,
55649:ApriltagsCameraLog(1):,7,-16.135082,-15.650000,-15.650000,-15.650000,-16.643645,2.354205,2.345725,4.586854,4.555285,20.470924,83591,2.933866
55651:ApriltagsCameraLog(1):,8,-16.135082,-15.269000,-15.269000,-15.269000,-16.621405,2.334820,2.357153,4.531750,4.582800,18.734838,83591,2.716855
55669:ApriltagsCameraLog(1):,,,,,,-16.689042,,2.349789,,4.557039,,,
55689:ApriltagsCameraLog(1):,7,-16.621405,-16.177000,-16.177000,-16.177000,-16.801652,2.358635,2.351499,4.592749,4.558577,20.460437,83593,2.932555
55691:ApriltagsCameraLog(1):,8,-16.621405,-15.737000,-15.737000,-15.737000,-16.786677,2.341769,2.360629,4.541031,4.585274,18.743053,83593,2.717882
55709:ApriltagsCameraLog(1):,,,,,,-16.833852,,2.354500,,4.561145,,,
55729:ApriltagsCameraLog(1):,7,-16.786677,-16.479000,-16.479000,-16.479000,-16.932729,2.360326,2.356193,4.594023,4.562297,20.456169,83594,2.932021
55731:ApriltagsCameraLog(1):,8,-16.786677,-15.827000,-15.827000,-15.827000,-16.930015,2.347673,2.363804,4.551263,4.587167,18.758344,83594,2.719793
55769:ApriltagsCameraLog(1):,7,-16.930015,-16.692000,-16.692000,-16.692000,-17.051289,2.360412,2.361208,4.597278,4.568681,20.436489,83595,2.929561
55771:ApriltagsCameraLog(1):,8,-16.930015,-15.979000,-15.979000,-15.979000,-17.057039,2.350016,2.365897,4.557145,4.590898,18.754691,83595,2.719336
55789:ApriltagsCameraLog(1):,,,,,,-17.084631,,2.362809,,4.572713,,,
55829:ApriltagsCameraLog(1):,7,-17.057039,-16.915000,-16.915000,-16.915000,-17.241186,2.369896,2.366518,4.605174,4.573683,20.465796,83597,2.933224
55831:ApriltagsCameraLog(1):,8,-17.057039,-16.458000,-16.458000,-16.458000,-17.243655,2.353848,2.374069,4.553527,4.596645,18.770685,83597,2.721336
55869:ApriltagsCameraLog(1):,,,,,,-17.355892,,2.369516,,4.570689,,,
55889:ApriltagsCameraLog(1):,7,-17.243655,-17.086000,-17.086000,-17.086000,-17.441036,2.374913,2.371735,4.606211,4.570609,20.490909,83598,2.936364
55891:ApriltagsCameraLog(1):,8,-17.243655,-16.568000,-16.568000,-16.568000,-17.446554,2.358351,2.380647,4.557949,4.595647,18.788951,83598,2.723619
55915:ApriltagsCameraLog(1):,7,-17.446554,-17.341000,-17.341000,-17.341000,-17.501036,2.380090,2.374167,4.608514,4.571524,20.509182,83600,2.938648
55917:ApriltagsCameraLog(1):,8,-17.446554,-16.811000,-16.811000,-16.811000,-17.509426,2.363367,2.381956,4.561643,4.596143,18.806766,83600,2.725846
55949:ApriltagsCameraLog(1):,,,,,,-17.672746,,2.376392,,4.572877,,,
55969:ApriltagsCameraLog(1):,7,-17.509426,-17.426000,-17.426000,-17.426000,-17.779863,2.385822,2.377751,4.610676,4.572499,20.538591,83601,2.942324
55971:ApriltagsCameraLog(1):,8,-17.509426,-17.114000,-17.114000,-17.114000,-17.788420,2.367457,2.387846,4.552310,4.597338,18.846719,83601,2.730840
56009:ApriltagsCameraLog(1):,7,-17.788420,-17.537000,-17.537000,-17.537000,-17.854809,2.390377,2.379747,4.609295,4.566342,20.571651,83602,2.946456
56011:ApriltagsCameraLog(1):,8,-17.788420,-17.133000,-17.133000,-17.133000,-17.862181,2.367132,2.390309,4.559542,4.594342,18.825522,83602,2.728190
56049:ApriltagsCameraLog(1):,,,,,,-17.847143,,2.378290,,4.570534,,,
56089:ApriltagsCameraLog(1):,7,-17.862181,-17.877000,-17.877000,-17.877000,-17.830664,2.394277,2.378290,4.607846,4.570534,20.591227,83604,2.948903
56091:ApriltagsCameraLog(1):,8,-17.862181,-17.267000,-17.267000,-17.267000,-17.839264,2.377182,2.389484,4.563784,4.595197,18.885392,83604,2.735674
56110:ApriltagsCameraLog(1):,7,-17.839264,-18.054000,-18.054000,-18.054000,-17.775597,2.390521,2.381750,4.605953,4.574067,20.564495,83606,2.945562
56111:ApriltagsCameraLog(1):,8,-17.839264,-17.438000,-17.438000,-17.438000,-17.797595,2.381528,2.387556,4.557478,4.595336,18.925871,83606,2.740734
56129:ApriltagsCameraLog(1):,,,,,,-17.746606,,2.383460,,4.570110,,,
56149:ApriltagsCameraLog(1):,7,-17.797595,-17.947000,-17.947000,-17.947000,-17.732873,2.396326,2.383460,4.606508,4.570110,20.607919,83607,2.950990
56151:ApriltagsCameraLog(1):,8,-17.797595,-17.461000,-17.461000,-17.461000,-17.747762,2.378934,2.392005,4.557269,4.594387,18.905551,83607,2.738194
56169:ApriltagsCameraLog(1):,,,,,,-17.704958,,2.383226,,4.569665,,,
56209:ApriltagsCameraLog(1):,7,-17.747762,-17.926000,-17.926000,-17.926000,-17.696718,2.394254,2.383226,4.608183,4.569665,20.587875,83608,2.948484
56211:ApriltagsCameraLog(1):,8,-17.747762,-17.485000,-17.485000,-17.485000,-17.713406,2.376333,2.390540,4.557020,4.595354,18.885232,83608,2.735654
56249:ApriltagsCameraLog(1):,,,,,,-17.690372,,2.381014,,4.569818,,,
56289:ApriltagsCameraLog(1):,7,-17.713406,-17.977000,-17.977000,-17.977000,-17.693119,2.391001,2.381014,4.606802,4.569818,20.567832,83610,2.945979
56291:ApriltagsCameraLog(1):,8,-17.713406,-17.397000,-17.397000,-17.397000,-17.718423,2.376225,2.387616,4.558305,4.594489,18.885392,83610,2.735674
56310:ApriltagsCameraLog(1):,7,-17.718423,-17.966000,-17.966000,-17.966000,-17.690548,2.393598,2.379961,4.606485,4.570386,20.587875,83612,2.948484
56312:ApriltagsCameraLog(1):,8,-17.718423,-17.355000,-17.355000,-17.355000,-17.715399,2.376535,2.388998,4.560075,4.594472,18.885392,83612,2.735674
56329:ApriltagsCameraLog(1):,,,,,,-17.678640,,2.380625,,4.571564,,,
56349:ApriltagsCameraLog(1):,7,-17.715399,-17.981000,-17.981000,-17.981000,-17.675894,2.393351,2.380625,4.605848,4.571564,20.587875,83613,2.948484
56351:ApriltagsCameraLog(1):,8,-17.715399,-17.484000,-17.484000,-17.484000,-17.702666,2.375578,2.389054,4.554639,4.594440,18.885392,83613,2.735674
56369:ApriltagsCameraLog(1):,,,,,,-17.678716,,2.380023,,4.567922,,,
56409:ApriltagsCameraLog(1):,7,-17.702666,-17.909000,-17.909000,-17.909000,-17.681463,2.394533,2.380023,4.608904,4.567922,20.587875,83614,2.948484
56411:ApriltagsCameraLog(1):,8,-17.702666,-17.425000,-17.425000,-17.425000,-17.701181,2.376017,2.389648,4.557125,4.595261,18.885392,83614,2.735674
56449:ApriltagsCameraLog(1):,,,,,,-17.674271,,2.380504,,4.569857,,,
56469:ApriltagsCameraLog(1):,7,-17.701181,-17.865000,-17.865000,-17.865000,-17.674271,2.394474,2.380504,4.608355,4.569857,20.591227,83616,2.948903
56471:ApriltagsCameraLog(1):,8,-17.701181,-17.407000,-17.407000,-17.407000,-17.691399,2.376151,2.389778,4.557884,4.595537,18.885392,83616,2.735674
56489:ApriltagsCameraLog(1):,,,,,,-17.664428,,2.380637,,4.570455,,,
56509:ApriltagsCameraLog(1):,7,-17.691399,-17.869000,-17.869000,-17.869000,-17.664428,2.394409,2.380637,4.608185,4.570455,20.591227,83618,2.948903
56511:ApriltagsCameraLog(1):,8,-17.691399,-17.443000,-17.443000,-17.443000,-17.682539,2.375883,2.389777,4.556367,4.595623,18.885392,83618,2.735674
56529:ApriltagsCameraLog(1):,,,,,,-17.659600,,2.380465,,4.569470,,,
56549:ApriltagsCameraLog(1):,7,-17.682539,-17.870000,-17.870000,-17.870000,-17.659600,2.394392,2.380465,4.608143,4.569470,20.591227,83619,2.948903
56551:ApriltagsCameraLog(1):,8,-17.682539,-17.425000,-17.425000,-17.425000,-17.678227,2.376017,2.389707,4.557125,4.595267,18.885392,83619,2.735674
56569:ApriltagsCameraLog(1):,,,,,,-17.651231,,2.380529,,4.569857,,,
56629:ApriltagsCameraLog(1):,7,-17.678227,-17.883000,-17.883000,-17.883000,-17.651231,2.396596,2.380529,4.606811,4.569857,20.611268,83620,2.951408
56631:ApriltagsCameraLog(1):,8,-17.678227,-17.449000,-17.449000,-17.449000,-17.671488,2.375839,2.391196,4.556114,4.594513,18.885392,83620,2.735674
56649:ApriltagsCameraLog(1):,,,,,,-17.649920,,2.380912,,4.568932,,,
56670:ApriltagsCameraLog(1):,7,-17.671488,-17.902000,-17.902000,-17.902000,-17.649920,2.393867,2.380912,4.606785,4.568932,20.591227,83622,2.948903
56672:ApriltagsCameraLog(1):,8,-17.671488,-17.479000,-17.479000,-17.479000,-17.672236,2.375615,2.389498,4.554850,4.594184,18.885392,83622,2.735674
56689:ApriltagsCameraLog(1):,,,,,,-17.653732,,2.380203,,4.567976,,,
56709:ApriltagsCameraLog(1):,7,-17.672236,-17.912000,-17.912000,-17.912000,-17.653732,2.393703,2.380203,4.606360,4.567976,20.591227,83624,2.948903
56711:ApriltagsCameraLog(1):,8,-17.672236,-17.472000,-17.472000,-17.472000,-17.676596,2.375667,2.389150,4.555145,4.593584,18.885392,83624,2.735674
56729:ApriltagsCameraLog(1):,,,,,,-17.657004,,2.380120,,4.567972,,,
56749:ApriltagsCameraLog(1):,7,-17.676596,-17.906000,-17.906000,-17.906000,-17.657004,2.393801,2.380120,4.606615,4.567972,20.591227,83625,2.948903
56751:ApriltagsCameraLog(1):,8,-17.676596,-17.485000,-17.485000,-17.485000,-17.679048,2.375570,2.389190,4.554597,4.593752,18.885392,83625,2.735674
56790:ApriltagsCameraLog(1):,7,-17.679048,-17.899000,-17.899000,-17.899000,-17.660466,2.393916,2.380070,4.606912,4.567663,20.591227,83626,2.948903
56791:ApriltagsCameraLog(1):,8,-17.679048,-17.478000,-17.478000,-17.478000,-17.681583,2.375622,2.389251,4.554892,4.593846,18.885392,83626,2.735674
56829:ApriltagsCameraLog(1):,,,,,,-17.662088,,2.380124,,4.567892,,,
56869:ApriltagsCameraLog(1):,7,-17.681583,-17.897000,-17.897000,-17.897000,-17.662088,2.393949,2.380124,4.606997,4.567892,20.591227,83627,2.948903
56871:ApriltagsCameraLog(1):,8,-17.681583,-17.493000,-17.493000,-17.493000,-17.682885,2.375510,2.389292,4.554260,4.593979,18.885392,83627,2.735674
56889:ApriltagsCameraLog(1):,,,,,,-17.664701,,2.380064,,4.567514,,,
56909:ApriltagsCameraLog(1):,7,-17.682885,-17.881000,-17.881000,-17.881000,-17.664701,2.394212,2.380064,4.607676,4.567514,20.591227,83630,2.948903
56911:ApriltagsCameraLog(1):,8,-17.682885,-17.394000,-17.394000,-17.394000,-17.683850,2.373823,2.389450,4.559191,4.594305,18.865073,83630,2.733134
56929:ApriltagsCameraLog(1):,,,,,,-17.656067,,2.378979,,4.570919,,,
56949:ApriltagsCameraLog(1):,7,-17.683850,-17.890000,-17.890000,-17.890000,-17.656067,2.396481,2.378979,4.606514,4.570919,20.611268,83631,2.951408
56951:ApriltagsCameraLog(1):,8,-17.683850,-17.473000,-17.473000,-17.473000,-17.676758,2.375660,2.390603,4.555103,4.594671,18.885392,83631,2.735674
56989:ApriltagsCameraLog(1):,7,-17.676758,-17.874000,-17.874000,-17.874000,-17.657246,2.394327,2.380598,4.607973,4.568308,20.591227,83632,2.948903
56991:ApriltagsCameraLog(1):,8,-17.676758,-17.469000,-17.469000,-17.469000,-17.676436,2.375690,2.389705,4.555271,4.594767,18.885392,83632,2.735674
57029:ApriltagsCameraLog(1):,,,,,,-17.656571,,2.380318,,4.568452,,,
57069:ApriltagsCameraLog(1):,7,-17.676436,-17.878000,-17.878000,-17.878000,-17.656571,2.394261,2.380318,4.607803,4.568452,20.591227,83633,2.948903
57071:ApriltagsCameraLog(1):,8,-17.676436,-17.471000,-17.471000,-17.471000,-17.676174,2.375675,2.389567,4.555187,4.594703,18.885392,83633,2.735674
57110:ApriltagsCameraLog(1):,7,-17.676174,-17.966000,-17.966000,-17.966000,-17.656527,2.393598,2.380263,4.606485,4.568374,20.587875,83635,2.948484
57111:ApriltagsCameraLog(1):,8,-17.676174,-17.360000,-17.360000,-17.360000,-17.683929,2.376498,2.389090,4.559864,4.593803,18.885392,83635,2.735674
57149:ApriltagsCameraLog(1):,7,-17.683929,-17.937000,-17.937000,-17.937000,-17.652909,2.394074,2.380638,4.607716,4.571199,20.587875,83637,2.948484
57151:ApriltagsCameraLog(1):,8,-17.683929,-17.466000,-17.466000,-17.466000,-17.678063,2.375712,2.389540,4.555398,4.595563,18.885392,83637,2.735674
57189:ApriltagsCameraLog(1):,7,-17.678063,-17.939000,-17.939000,-17.939000,-17.655009,2.394041,2.380277,4.607631,4.568802,20.587875,83638,2.948484
57191:ApriltagsCameraLog(1):,8,-17.678063,-17.329000,-17.329000,-17.329000,-17.679912,2.376727,2.389395,4.561171,4.594708,18.885392,83638,2.735674
57229:ApriltagsCameraLog(1):,,,,,,-17.646045,,2.380887,,4.572373,,,
57269:ApriltagsCameraLog(1):,7,-17.679912,-17.878000,-17.878000,-17.878000,-17.643298,2.394261,2.380887,4.607803,4.572373,20.591227,83639,2.948903
57271:ApriltagsCameraLog(1):,8,-17.679912,-17.470000,-17.470000,-17.470000,-17.663590,2.375682,2.389760,4.555229,4.596010,18.885392,83639,2.735674
57289:ApriltagsCameraLog(1):,,,,,,-17.644526,,2.380332,,4.568837,,,
57309:ApriltagsCameraLog(1):,7,-17.663590,-17.898000,-17.898000,-17.898000,-17.644526,2.393933,2.380332,4.606954,4.568837,20.591227,83641,2.948903
57312:ApriltagsCameraLog(1):,8,-17.663590,-17.473000,-17.473000,-17.473000,-17.666723,2.375660,2.389348,4.555103,4.594267,18.885392,83641,2.735674
57355:ApriltagsCameraLog(1):,7,-17.666723,-17.945000,-17.945000,-17.945000,-17.650655,2.393943,2.380182,4.607376,4.568172,20.587875,83643,2.948484
57357:ApriltagsCameraLog(1):,8,-17.666723,-17.485000,-17.485000,-17.485000,-17.676961,2.375570,2.389294,4.554597,4.594330,18.885392,83643,2.735674
57369:ApriltagsCameraLog(1):,7,-17.676961,-17.898000,-17.898000,-17.898000,-17.658841,2.393933,2.380105,4.606954,4.567855,20.591227,83644,2.948903
57371:ApriltagsCameraLog(1):,8,-17.676961,-17.355000,-17.355000,-17.355000,-17.680257,2.376535,2.389273,4.560075,4.593939,18.885392,83644,2.735674
57409:ApriltagsCameraLog(1):,,,,,,-17.649373,,2.380724,,4.571385,,,
57449:ApriltagsCameraLog(1):,7,-17.680257,-17.904000,-17.904000,-17.904000,-17.646627,2.393834,2.380724,4.606700,4.571385,20.591227,83645,2.948903
57451:ApriltagsCameraLog(1):,8,-17.680257,-17.503000,-17.503000,-17.503000,-17.669193,2.375435,2.389416,4.553839,4.594946,18.885392,83645,2.735674
57469:ApriltagsCameraLog(1):,,,,,,-17.653042,,2.380059,,4.567554,,,
57489:ApriltagsCameraLog(1):,7,-17.669193,-17.957000,-17.957000,-17.957000,-17.653042,2.392962,2.380059,4.604450,4.567554,20.591227,83647,2.948903
57491:ApriltagsCameraLog(1):,8,-17.669193,-17.486000,-17.486000,-17.486000,-17.679824,2.375563,2.388602,4.554555,4.592172,18.885392,83647,2.735674
57510:ApriltagsCameraLog(1):,,,,,,-17.661125,,2.379871,,4.567108,,,
57529:ApriltagsCameraLog(1):,7,-17.679824,-17.946000,-17.946000,-17.946000,-17.661125,2.393144,2.379871,4.604917,4.567108,20.591227,83649,2.948903
57531:ApriltagsCameraLog(1):,8,-17.679824,-17.466000,-17.466000,-17.466000,-17.686345,2.375712,2.388662,4.555398,4.592334,18.885392,83649,2.735674
57549:ApriltagsCameraLog(1):,,,,,,-17.665245,,2.379986,,4.567725,,,
57570:ApriltagsCameraLog(1):,7,-17.686345,-17.935000,-17.935000,-17.935000,-17.662498,2.393325,2.379986,4.605384,4.567725,20.591227,83650,2.948903
57572:ApriltagsCameraLog(1):,8,-17.686345,-17.453000,-17.453000,-17.453000,-17.686380,2.375809,2.388824,4.555945,4.592850,18.885392,83650,2.735674
57609:ApriltagsCameraLog(1):,,,,,,-17.663768,,2.380102,,4.568263,,,
