271322:ApriltagsCameraLog(1):,tag,last yaw,cam yaw,calc yaw,update yaw, est yaw,x,est x,y,est y,adjust,frame,dist
271335:ApriltagsCameraLog(1):,7,179.906705,179.965000,179.965000,179.965000,179.906800,2.517124,2.502359,5.522809,5.465009,14.313358,9123,2.164170
271337:ApriltagsCameraLog(1):,8,179.906705,179.885000,179.885000,179.885000,179.913598,2.497750,2.512219,5.444351,5.503538,14.782881,9123,2.222860
271356:ApriltagsCameraLog(1):,7,179.913598,179.850000,179.850000,179.850000,179.909863,2.517068,2.502583,5.517681,5.464078,14.313358,9124,2.164170
271357:ApriltagsCameraLog(1):,8,179.913598,179.892000,179.892000,179.892000,179.902187,2.497694,2.512223,5.444661,5.499818,14.782881,9124,2.222860
271375:ApriltagsCameraLog(1):,,,,,,179.900646,,2.502540,,5.463046,,,
271395:ApriltagsCameraLog(1):,7,179.902187,179.974000,179.974000,179.974000,179.900646,2.517128,2.502540,5.523210,5.463046,14.313358,9125,2.164170
271397:ApriltagsCameraLog(1):,8,179.902187,179.919000,179.919000,179.919000,179.909639,2.497476,2.512288,5.445856,5.503150,14.782881,9125,2.222860
271415:ApriltagsCameraLog(1):,,,,,,179.913501,,2.502410,,5.464955,,,
271435:ApriltagsCameraLog(1):,7,179.909639,179.969000,179.969000,179.969000,179.910754,2.517126,2.502410,5.522988,5.464955,14.313358,9126,2.164170
271437:ApriltagsCameraLog(1):,8,179.909639,179.904000,179.904000,179.904000,179.917895,2.497597,2.512238,5.445192,5.503639,14.782881,9126,2.222860
271455:ApriltagsCameraLog(1):,7,179.917895,179.943000,179.943000,179.943000,179.916239,2.517114,2.502481,5.521828,5.464673,14.313358,9127,2.164170
271457:ApriltagsCameraLog(1):,8,179.917895,179.876000,179.876000,179.876000,179.919520,2.497823,2.512244,5.443953,5.502774,14.782881,9127,2.222860
271475:ApriltagsCameraLog(1):,,,,,,179.914334,,2.502643,,5.463557,,,
271495:ApriltagsCameraLog(1):,7,179.919520,-179.937000,-179.937000,-179.937000,179.914334,2.517163,2.502643,5.527180,5.463557,14.313358,9128,2.164170
271497:ApriltagsCameraLog(1):,8,179.919520,179.879000,179.879000,179.879000,179.932426,2.497799,2.512371,5.444086,5.505961,14.782881,9128,2.222860
271515:ApriltagsCameraLog(1):,,,,,,179.925928,,2.502673,,5.464707,,,
271535:ApriltagsCameraLog(1):,7,179.932426,-179.986000,-179.986000,-179.986000,179.925928,2.517144,2.502673,5.524994,5.464707,14.313358,9129,2.164170
271537:ApriltagsCameraLog(1):,8,179.932426,179.863000,179.863000,179.863000,179.936725,2.497927,2.512348,5.443377,5.504892,14.782881,9129,2.222860
271555:ApriltagsCameraLog(1):,7,179.936725,-179.979000,-179.979000,-179.979000,179.927940,2.517147,2.502757,5.525307,5.463877,14.313358,9130,2.164170
271557:ApriltagsCameraLog(1):,8,179.936725,179.935000,179.935000,179.935000,179.939349,2.497347,2.512380,5.446564,5.504823,14.782881,9130,2.222860
271575:ApriltagsCameraLog(1):,,,,,,179.936084,,2.502359,,5.465983,,,
271595:ApriltagsCameraLog(1):,7,179.939349,179.933000,179.933000,179.933000,179.938831,2.517109,2.502359,5.521382,5.465983,14.313358,9131,2.164170
271596:ApriltagsCameraLog(1):,8,179.939349,179.944000,179.944000,179.944000,179.938116,2.497274,2.512191,5.446962,5.502916,14.782881,9131,2.222860
271615:ApriltagsCameraLog(1):,,,,,,179.938817,,2.502244,,5.465614,,,
271635:ApriltagsCameraLog(1):,7,179.938116,179.981000,179.981000,179.981000,179.938817,2.517131,2.502244,5.523523,5.465614,14.313358,9132,2.164170
271637:ApriltagsCameraLog(1):,8,179.938116,179.878000,179.878000,179.878000,179.944090,2.497807,2.512181,5.444041,5.504217,14.782881,9132,2.222860
271655:ApriltagsCameraLog(1):,7,179.944090,-179.980000,-179.980000,-179.980000,179.936312,2.517147,2.502618,5.525262,5.464095,14.313358,9133,2.164170
271657:ApriltagsCameraLog(1):,8,179.944090,179.941000,179.941000,179.941000,179.946589,2.494758,2.512330,5.446832,5.504867,14.763309,9133,2.220414
271675:ApriltagsCameraLog(1):,,,,,,179.945938,,2.500617,,5.466176,,,
271696:ApriltagsCameraLog(1):,7,179.946589,179.881000,179.881000,179.881000,179.945938,2.517084,2.500617,5.519063,5.466176,14.313358,9134,2.164170
271698:ApriltagsCameraLog(1):,8,179.946589,180.000000,180.000000,180.000000,179.937977,2.494279,2.511578,5.449440,5.501440,14.763309,9134,2.220414
271715:ApriltagsCameraLog(1):,,,,,,179.942630,,2.500028,,5.466779,,,
271736:ApriltagsCameraLog(1):,7,179.937977,179.915000,179.915000,179.915000,179.942630,2.517101,2.500028,5.520579,5.466779,14.313358,9135,2.164170
271737:ApriltagsCameraLog(1):,8,179.937977,179.951000,179.951000,179.951000,179.938906,2.497217,2.511402,5.447272,5.502648,14.782881,9135,2.222860
271755:ApriltagsCameraLog(1):,,,,,,179.940020,,2.501943,,5.465731,,,
271775:ApriltagsCameraLog(1):,7,179.938906,179.867000,179.867000,179.867000,179.948260,2.517077,2.501943,5.518439,5.465731,14.313358,9136,2.164170
271777:ApriltagsCameraLog(1):,8,179.938906,179.953000,179.953000,179.953000,179.938971,2.494661,2.512012,5.447363,5.500875,14.763309,9136,2.220414
271815:ApriltagsCameraLog(1):,7,179.938971,179.972000,179.972000,179.972000,179.927567,2.517127,2.499230,5.523121,5.465184,14.313358,9137,2.164170
271817:ApriltagsCameraLog(1):,8,179.938971,-179.976000,-179.976000,-179.976000,179.932341,2.494083,2.510367,5.450501,5.503794,14.763309,9137,2.220414
271835:ApriltagsCameraLog(1):,7,179.932341,179.557000,179.557000,179.557000,179.959101,2.516881,2.497170,5.504614,5.468236,14.313358,9138,2.164170
271837:ApriltagsCameraLog(1):,8,179.932341,-179.949000,-179.949000,-179.949000,179.910848,2.493862,2.508424,5.451694,5.492496,14.763309,9138,2.220414
271856:ApriltagsCameraLog(1):,,,,,,179.939571,,2.495360,,5.465256,,,
271875:ApriltagsCameraLog(1):,7,179.910848,179.629000,179.629000,179.629000,179.936825,2.516916,2.494454,5.505285,5.465244,14.312368,9139,2.164046
271877:ApriltagsCameraLog(1):,8,179.910848,179.824000,179.824000,179.824000,179.900514,2.498240,2.505983,5.441651,5.491917,14.782881,9139,2.222860
271895:ApriltagsCameraLog(1):,7,179.900514,179.755000,179.755000,179.755000,179.881801,2.511924,2.495640,5.510926,5.458329,14.271776,9140,2.158972
271898:ApriltagsCameraLog(1):,8,179.900514,-179.841000,-179.841000,-179.841000,179.866587,2.490441,2.503289,5.453919,5.493358,14.738280,9140,2.217285
271915:ApriltagsCameraLog(1):,,,,,,179.910127,,2.490886,,5.467036,,,
271935:ApriltagsCameraLog(1):,7,179.866587,179.951000,179.951000,179.951000,179.951326,2.512031,2.492095,5.514569,5.467055,14.269863,9141,2.158733
271937:ApriltagsCameraLog(1):,8,179.866587,179.995000,179.995000,179.995000,179.955782,2.494319,2.504175,5.444139,5.498712,14.752427,9141,2.219053
271955:ApriltagsCameraLog(1):,,,,,,179.871446,,2.498781,,5.462357,,,
271995:ApriltagsCameraLog(1):,7,179.955782,179.975000,179.975000,179.975000,179.846727,2.512045,2.502105,5.515637,5.462426,14.269863,9142,2.158733
271997:ApriltagsCameraLog(1):,8,179.955782,-179.920000,-179.920000,-179.920000,179.854004,2.491092,2.512999,5.447892,5.497974,14.732844,9142,2.216605
272015:ApriltagsCameraLog(1):,,,,,,179.875506,,2.505022,,5.464716,,,
272055:ApriltagsCameraLog(1):,7,179.854004,-178.640000,-178.640000,-178.640000,179.875506,2.560325,2.510463,5.578430,5.464799,14.655545,9144,2.206943
272057:ApriltagsCameraLog(1):,8,179.854004,-179.551000,-179.551000,-179.551000,-179.947390,2.515963,2.551613,5.466930,5.540244,14.953719,9144,2.244215
272095:ApriltagsCameraLog(1):,7,-179.947390,179.338000,179.338000,179.338000,-179.899016,2.539672,2.535961,5.504744,5.491590,14.500171,9146,2.187521
272097:ApriltagsCameraLog(1):,8,-179.947390,179.753000,179.753000,179.753000,-179.989833,2.516642,2.541044,5.451131,5.500435,14.947279,9146,2.243410
272121:ApriltagsCameraLog(1):,7,-179.989833,179.609000,179.609000,179.609000,179.956719,2.549990,2.527497,5.514328,5.467587,14.580267,9147,2.197533
272123:ApriltagsCameraLog(1):,8,-179.989833,179.838000,179.838000,179.838000,179.912026,2.528637,2.543028,5.452345,5.498802,15.039596,9147,2.254949
272135:ApriltagsCameraLog(1):,,,,,,179.928127,,2.533779,,5.467828,,,
272155:ApriltagsCameraLog(1):,7,179.912026,180.000000,180.000000,180.000000,179.941860,2.539999,2.532570,5.521830,5.467808,14.495039,9148,2.186880
272157:ApriltagsCameraLog(1):,8,179.912026,179.533000,179.533000,179.533000,179.950907,2.525938,2.536536,5.428556,5.503803,14.978701,9148,2.247338
272175:ApriltagsCameraLog(1):,7,179.950907,-178.104000,-178.104000,-178.104000,179.906368,2.635495,2.527409,5.623028,5.453580,15.271275,9149,2.283909
272177:ApriltagsCameraLog(1):,8,179.950907,-177.980000,179.950907,-177.980000,-179.860054,2.558191,2.599527,5.462456,5.565406,30.570787,9149,2.285674
272195:ApriltagsCameraLog(1):,,,,,,-179.751163,,2.568300,,5.497179,,,
272215:ApriltagsCameraLog(1):,7,-179.860054,179.854000,179.854000,179.854000,-179.762149,2.529738,2.568300,5.505127,5.497179,14.410152,9150,2.176269
272217:ApriltagsCameraLog(1):,8,-179.860054,-179.881000,-179.881000,-179.881000,-179.811040,2.523805,2.541407,5.444602,5.502373,14.976898,9150,2.247112
272236:ApriltagsCameraLog(1):,7,-179.811040,179.953000,179.953000,179.953000,-179.807587,2.529814,2.528530,5.517184,5.463829,14.412891,9151,2.176611
272237:ApriltagsCameraLog(1):,8,-179.811040,-179.597000,-179.597000,-179.597000,-179.836477,2.513828,2.529291,5.462321,5.499400,14.928749,9151,2.241094
272275:ApriltagsCameraLog(1):,,,,,,-179.816148,,2.518302,,5.474688,,,
272296:ApriltagsCameraLog(1):,7,-179.836477,179.928000,179.928000,179.928000,-179.810655,2.527261,2.518604,5.516066,5.474692,14.392593,9152,2.174074
272297:ApriltagsCameraLog(1):,8,-179.836477,-179.753000,-179.753000,-179.753000,-179.842858,2.520194,2.524129,5.457933,5.502281,14.973315,9152,2.246664
272315:ApriltagsCameraLog(1):,,,,,,-179.832577,,2.521295,,5.472713,,,
272335:ApriltagsCameraLog(1):,7,-179.842858,179.133000,179.133000,179.133000,-179.835323,2.536770,2.521295,5.482861,5.472713,14.474742,9153,2.184343
272338:ApriltagsCameraLog(1):,8,-179.842858,179.248000,179.248000,179.248000,-179.960500,2.530697,2.531679,5.418303,5.479562,15.003694,9153,2.250462
272355:ApriltagsCameraLog(1):,,,,,,179.943721,,2.531394,,5.438721,,,
272375:ApriltagsCameraLog(1):,7,-179.960500,179.610000,179.610000,179.610000,179.946467,2.532142,2.531394,5.504334,5.438721,14.434148,9154,2.179268
272377:ApriltagsCameraLog(1):,8,-179.960500,-179.951000,-179.951000,-179.951000,179.905186,2.509121,2.531779,5.449079,5.482464,14.875355,9154,2.234419
272395:ApriltagsCameraLog(1):,,,,,,179.919158,,2.516649,,5.460224,,,
272415:ApriltagsCameraLog(1):,7,179.905186,179.972000,179.972000,179.972000,179.924651,2.532364,2.516649,5.518034,5.460224,14.433189,9155,2.179149
272416:ApriltagsCameraLog(1):,8,179.905186,179.876000,179.876000,179.876000,179.930631,2.518137,2.527141,5.441369,5.498760,14.934126,9155,2.241766
272435:ApriltagsCameraLog(1):,,,,,,179.924390,,2.521154,,5.460497,,,
272475:ApriltagsCameraLog(1):,7,179.930631,179.869000,179.869000,179.869000,179.924390,2.532301,2.521154,5.510873,5.460497,14.432253,9157,2.179032
272476:ApriltagsCameraLog(1):,8,179.930631,-179.867000,-179.867000,-179.867000,179.918283,2.513526,2.528572,5.447744,5.494084,14.903790,9157,2.237974
272495:ApriltagsCameraLog(1):,7,179.918283,179.697000,179.697000,179.697000,179.944305,2.532178,2.518489,5.503157,5.463208,14.432253,9158,2.179032
272497:ApriltagsCameraLog(1):,8,179.918283,-179.914000,-179.914000,-179.914000,179.914205,2.516447,2.527565,5.445655,5.489858,14.923394,9158,2.240424
272515:ApriltagsCameraLog(1):,,,,,,179.931761,,2.520114,,5.460399,,,
272535:ApriltagsCameraLog(1):,7,179.914205,-179.976000,-179.976000,-179.976000,179.934508,2.534931,2.520114,5.517828,5.460399,14.452552,9159,2.181569
272537:ApriltagsCameraLog(1):,8,179.914205,-179.882000,-179.882000,-179.882000,179.945587,2.513642,2.530019,5.449616,5.498678,14.909151,9159,2.238644
272555:ApriltagsCameraLog(1):,,,,,,179.966175,,2.519057,,5.465985,,,
272575:ApriltagsCameraLog(1):,7,179.945587,179.814000,179.814000,179.814000,179.963428,2.532281,2.519057,5.513486,5.465985,14.434148,9160,2.179268
272577:ApriltagsCameraLog(1):,8,179.945587,179.767000,179.767000,179.767000,179.944909,2.516476,2.527836,5.439055,5.497662,14.919938,9160,2.239992
272595:ApriltagsCameraLog(1):,7,179.944909,179.631000,179.631000,179.631000,179.923555,2.532174,2.520317,5.507816,5.458581,14.435131,9161,2.179391
272597:ApriltagsCameraLog(1):,8,179.944909,179.692000,179.692000,179.692000,179.887703,2.517071,2.528147,5.435711,5.491422,14.919938,9161,2.239992
272615:ApriltagsCameraLog(1):,,,,,,179.864327,,2.520819,,5.454270,,,
272635:ApriltagsCameraLog(1):,7,179.887703,179.800000,179.800000,179.800000,179.864327,2.534821,2.520819,5.515389,5.454270,14.455426,9162,2.181928
272637:ApriltagsCameraLog(1):,8,179.887703,179.665000,179.665000,179.665000,179.856241,2.517299,2.530133,5.437047,5.495021,14.925363,9162,2.240670
272655:ApriltagsCameraLog(1):,,,,,,179.833383,,2.521634,,5.456359,,,
272675:ApriltagsCameraLog(1):,7,179.856241,179.770000,179.770000,179.770000,179.833383,2.534804,2.521634,5.514041,5.456359,14.455426,9163,2.181928
272677:ApriltagsCameraLog(1):,8,179.856241,179.832000,179.832000,179.832000,179.825680,2.513416,2.530395,5.441961,5.494818,14.900353,9163,2.237544
272715:ApriltagsCameraLog(1):,7,179.825680,179.670000,179.670000,179.670000,179.826428,2.532201,2.519074,5.509566,5.459580,14.435131,9164,2.179391
272717:ApriltagsCameraLog(1):,8,179.825680,179.741000,179.741000,179.741000,179.807392,2.516682,2.527785,5.437896,5.492914,14.919938,9164,2.239992
272735:ApriltagsCameraLog(1):,7,179.807392,179.753000,179.753000,179.753000,179.799544,2.529713,2.520402,5.513300,5.456232,14.414835,9165,2.176854
272743:ApriltagsCameraLog(1):,8,179.807392,179.675000,179.675000,179.675000,179.793873,2.517205,2.526596,5.434953,5.494279,14.919938,9165,2.239992
272755:ApriltagsCameraLog(1):,,,,,,179.779822,,2.520372,,5.454723,,,
272775:ApriltagsCameraLog(1):,7,179.793873,179.649000,179.649000,179.649000,179.779822,2.532186,2.520372,5.508624,5.454723,14.435131,9166,2.179391
272777:ApriltagsCameraLog(1):,8,179.793873,179.621000,179.621000,179.621000,179.763902,2.517630,2.528212,5.432544,5.490664,14.919938,9166,2.239992
272815:ApriltagsCameraLog(1):,7,179.763902,179.799000,179.799000,179.799000,179.747011,2.532280,2.521200,5.515353,5.451910,14.435131,9167,2.179391
272817:ApriltagsCameraLog(1):,8,179.763902,179.872000,179.872000,179.872000,179.753337,2.515635,2.528604,5.443736,5.494202,14.919938,9167,2.239992
272835:ApriltagsCameraLog(1):,7,179.753337,179.662000,179.662000,179.662000,179.767364,2.532195,2.519927,5.509207,5.460566,14.435131,9168,2.179391
272837:ApriltagsCameraLog(1):,8,179.753337,179.747000,179.747000,179.747000,179.754542,2.516635,2.528080,5.438164,5.493000,14.919938,9168,2.239992
272855:ApriltagsCameraLog(1):,,,,,,179.750904,,2.520452,,5.456442,,,
272875:ApriltagsCameraLog(1):,7,179.754542,179.759000,179.759000,179.759000,179.753650,2.532257,2.520452,5.513558,5.456442,14.435131,9169,2.179391
272876:ApriltagsCameraLog(1):,8,179.754542,179.908000,179.908000,179.908000,179.754301,2.512805,2.528324,5.445345,5.494519,14.900353,9169,2.237544
272915:ApriltagsCameraLog(1):,7,179.754301,179.698000,179.698000,179.698000,179.769744,2.534759,2.517939,5.510808,5.461748,14.455426,9170,2.181928
272917:ApriltagsCameraLog(1):,8,179.754301,179.757000,179.757000,179.757000,179.760690,2.514015,2.529134,5.438620,5.494461,14.900353,9170,2.237544
272935:ApriltagsCameraLog(1):,7,179.760690,179.709000,179.709000,179.709000,179.762675,2.532226,2.519057,5.511315,5.457233,14.435131,9171,2.179391
272937:ApriltagsCameraLog(1):,8,179.760690,179.605000,179.605000,179.605000,179.756360,2.517773,2.527822,5.434371,5.493291,14.925363,9171,2.240670
272955:ApriltagsCameraLog(1):,,,,,,179.738686,,2.521168,,5.454003,,,
272975:ApriltagsCameraLog(1):,7,179.756360,179.782000,179.782000,179.782000,179.735939,2.532271,2.521168,5.514590,5.454003,14.435131,9172,2.179391
272977:ApriltagsCameraLog(1):,8,179.756360,179.786000,179.786000,179.786000,179.741210,2.516334,2.528583,5.442442,5.494392,14.925363,9172,2.240670
272995:ApriltagsCameraLog(1):,,,,,,179.748925,,2.520406,,5.459762,,,
273016:ApriltagsCameraLog(1):,7,179.741210,179.600000,179.600000,179.600000,179.748925,2.532152,2.520406,5.506425,5.459762,14.435131,9173,2.179391
273017:ApriltagsCameraLog(1):,8,179.741210,179.823000,179.823000,179.823000,179.730952,2.513488,2.528201,5.441560,5.490880,14.900353,9173,2.237544
273035:ApriltagsCameraLog(1):,7,179.730952,179.745000,179.745000,179.745000,179.741992,2.532249,2.518369,5.512930,5.458007,14.435131,9174,2.179391
273037:ApriltagsCameraLog(1):,8,179.730952,179.783000,179.783000,179.783000,179.742491,2.516358,2.527623,5.442309,5.494622,14.925363,9174,2.240670
273055:ApriltagsCameraLog(1):,,,,,,179.747408,,2.520102,,5.459749,,,
273075:ApriltagsCameraLog(1):,7,179.742491,179.675000,179.675000,179.675000,179.744661,2.534744,2.520102,5.509775,5.459749,14.455426,9175,2.181928
273077:ApriltagsCameraLog(1):,8,179.742491,179.771000,179.771000,179.771000,179.735861,2.516454,2.529845,5.441774,5.493105,14.925363,9175,2.240670
273095:ApriltagsCameraLog(1):,7,179.735861,179.691000,179.691000,179.691000,179.742435,2.532215,2.520909,5.510508,5.458886,14.435131,9176,2.179391
273097:ApriltagsCameraLog(1):,8,179.735861,179.800000,179.800000,179.800000,179.736176,2.516221,2.528432,5.443067,5.493304,14.925363,9176,2.240670
273115:ApriltagsCameraLog(1):,,,,,,179.743718,,2.520275,,5.459816,,,
273135:ApriltagsCameraLog(1):,7,179.736176,179.761000,179.761000,179.761000,179.743718,2.532258,2.520275,5.513648,5.459816,14.435131,9177,2.179391
273137:ApriltagsCameraLog(1):,8,179.736176,179.823000,179.823000,179.823000,179.745891,2.513496,2.528269,5.444100,5.495703,14.905785,9177,2.238223
273155:ApriltagsCameraLog(1):,,,,,,179.755082,,2.518400,,5.461307,,,
273175:ApriltagsCameraLog(1):,7,179.745891,179.682000,179.682000,179.682000,179.755082,2.532209,2.518400,5.510104,5.461307,14.435131,9178,2.179391
273177:ApriltagsCameraLog(1):,8,179.745891,179.797000,179.797000,179.797000,179.746205,2.513705,2.527588,5.442942,5.493843,14.905785,9178,2.238223
273215:ApriltagsCameraLog(1):,7,179.746205,179.622000,179.622000,179.622000,179.752231,2.532168,2.518319,5.507412,5.459913,14.435131,9179,2.179391
273217:ApriltagsCameraLog(1):,8,179.746205,179.777000,179.777000,179.777000,179.736383,2.513866,2.527520,5.442051,5.491588,14.905785,9179,2.238223
273235:ApriltagsCameraLog(1):,7,179.736383,179.639000,179.639000,179.639000,179.741188,2.532180,2.518407,5.508175,5.458566,14.435131,9180,2.179391
273237:ApriltagsCameraLog(1):,8,179.736383,179.810000,179.810000,179.810000,179.728753,2.513601,2.527563,5.443521,5.491646,14.905785,9180,2.238223
273255:ApriltagsCameraLog(1):,,,,,,179.738364,,2.518235,,5.459568,,,
273275:ApriltagsCameraLog(1):,7,179.728753,179.656000,179.656000,179.656000,179.738364,2.532191,2.518235,5.508938,5.459568,14.435131,9181,2.179391
273276:ApriltagsCameraLog(1):,8,179.728753,179.857000,179.857000,179.857000,179.728341,2.513222,2.527518,5.445614,5.492487,14.905785,9181,2.238223
273295:ApriltagsCameraLog(1):,7,179.728341,179.690000,179.690000,179.690000,179.743562,2.532214,2.518259,5.510463,5.461250,14.435131,9182,2.179391
273297:ApriltagsCameraLog(1):,8,179.728341,179.870000,179.870000,179.870000,179.737044,2.513117,2.527750,5.446193,5.494064,14.905785,9182,2.238223
273315:ApriltagsCameraLog(1):,,,,,,179.758266,,2.517559,,5.462147,,,
273335:ApriltagsCameraLog(1):,7,179.737044,179.712000,179.712000,179.712000,179.804958,2.532228,2.517862,5.511450,5.462138,14.435131,9183,2.179391
273337:ApriltagsCameraLog(1):,8,179.737044,179.898000,179.898000,179.898000,179.799996,2.512890,2.527429,5.447439,5.495001,14.905785,9183,2.238223
273355:ApriltagsCameraLog(1):,,,,,,179.960586,,2.517700,,5.463276,,,
273375:ApriltagsCameraLog(1):,7,179.799996,179.716000,179.716000,179.716000,-179.770249,2.532231,2.518019,5.511629,5.463244,14.435131,9184,2.179391
273377:ApriltagsCameraLog(1):,8,179.799996,179.871000,179.871000,179.871000,-179.776282,2.513109,2.527502,5.446237,5.495457,14.905785,9184,2.238223
273415:ApriltagsCameraLog(1):,7,-179.776282,179.744000,179.744000,179.744000,-178.733128,2.534788,2.517943,5.512874,5.462510,14.455426,9185,2.181928
273417:ApriltagsCameraLog(1):,8,-179.776282,179.727000,179.727000,179.727000,-178.741544,2.514254,2.529447,5.437284,5.495996,14.900353,9185,2.237544
273435:ApriltagsCameraLog(1):,7,-178.741544,-179.970000,-179.970000,-179.970000,-177.619162,2.532397,2.519651,5.513016,5.456283,14.430453,9186,2.178807
273437:ApriltagsCameraLog(1):,8,-178.741544,-179.869000,-179.869000,-179.869000,-177.620906,2.513548,2.528321,5.445115,5.493717,14.898450,9186,2.237306
273457:ApriltagsCameraLog(1):,,,,,,-176.039395,,2.516231,,5.459001,,,
273475:ApriltagsCameraLog(1):,7,-177.620906,-179.128000,-179.128000,-179.128000,-174.583707,2.543216,2.518206,5.523011,5.460835,14.503486,9187,2.187936
273477:ApriltagsCameraLog(1):,8,-177.620906,-178.919000,-178.919000,-178.919000,-174.550298,2.516216,2.534712,5.459614,5.501838,14.919834,9187,2.239979
273495:ApriltagsCameraLog(1):,7,-174.550298,-178.770000,-174.550298,-178.770000,-173.719672,2.552627,2.522055,5.671917,5.473641,29.153792,9188,2.197112
273497:ApriltagsCameraLog(1):,8,-174.550298,-177.159000,-174.550298,-177.159000,-173.774257,2.492945,2.541259,5.598622,5.606004,29.864729,9188,2.241546
273515:ApriltagsCameraLog(1):,,,,,,-172.006469,,2.508806,,5.601252,,,
273535:ApriltagsCameraLog(1):,7,-173.774257,-174.885000,-174.885000,-174.885000,-170.100341,2.589289,2.508663,5.568196,5.600931,14.812936,9189,2.226617
273537:ApriltagsCameraLog(1):,8,-173.774257,-173.880000,-173.880000,-173.880000,-169.992173,2.520300,2.563386,5.542504,5.579760,14.985991,9189,2.248249
273555:ApriltagsCameraLog(1):,,,,,,-166.486358,,2.535078,,5.556174,,,
273575:ApriltagsCameraLog(1):,7,-169.992173,-173.683000,-169.992173,-173.683000,-165.275116,2.573566,2.534595,5.685690,5.555362,29.362970,9190,2.210186
273577:ApriltagsCameraLog(1):,8,-169.992173,-171.265000,-171.265000,-171.265000,-165.290540,2.523360,2.559777,5.555519,5.641377,14.969317,9190,2.246165
273596:ApriltagsCameraLog(1):,7,-165.290540,-169.313000,-165.290540,-169.313000,-162.513630,2.574612,2.533742,5.778792,5.583335,29.421022,9191,2.213814
273597:ApriltagsCameraLog(1):,8,-165.290540,-167.607000,-165.290540,-167.607000,-162.456930,2.495525,2.561232,5.704963,5.712505,29.967023,9191,2.247939
273615:ApriltagsCameraLog(1):,,,,,,-159.749183,,2.516368,,5.707608,,,
273635:ApriltagsCameraLog(1):,7,-162.456930,-167.241000,-162.456930,-167.241000,-157.087745,2.568969,2.515992,5.761328,5.707470,29.253512,9192,2.203344
273637:ApriltagsCameraLog(1):,8,-162.456930,-164.778000,-162.456930,-164.778000,-157.200256,2.496284,2.550109,5.687332,5.743374,29.768376,9192,2.235523
273656:ApriltagsCameraLog(1):,,,,,,-152.877866,,2.511072,,5.699839,,,
273675:ApriltagsCameraLog(1):,7,-157.200256,-162.977000,-157.200256,-162.977000,-151.391965,2.557325,2.512559,5.836391,5.705420,29.152078,9193,2.197005
273677:ApriltagsCameraLog(1):,8,-157.200256,-161.717000,-157.200256,-161.717000,-151.439819,2.489731,2.540983,5.766332,5.792684,29.902011,9193,2.243876
273695:ApriltagsCameraLog(1):,7,-151.439819,-160.132000,-151.439819,-160.132000,-148.314652,2.552622,2.505789,5.936475,5.774783,29.284302,9194,2.205269
273699:ApriltagsCameraLog(1):,8,-151.439819,-156.954000,-151.439819,-156.954000,-148.470533,2.437089,2.534298,5.849224,5.882752,29.422608,9194,2.213913
273715:ApriltagsCameraLog(1):,,,,,,-143.513630,,2.468662,,5.859889,,,
273735:ApriltagsCameraLog(1):,,,,,,-141.791523,,2.468944,,5.859577,,,
273755:ApriltagsCameraLog(1):,,,,,,-138.229206,,2.468669,,5.859638,,,
273775:ApriltagsCameraLog(1):,,,,,,-131.500080,,2.468689,,5.859071,,,
273795:ApriltagsCameraLog(1):,,,,,,-130.500324,,2.468750,,5.858507,,,
273815:ApriltagsCameraLog(1):,,,,,,-125.262592,,2.468775,,5.858552,,,
273835:ApriltagsCameraLog(1):,,,,,,-120.796650,,2.468915,,5.858010,,,
273855:ApriltagsCameraLog(1):,,,,,,-116.047809,,2.468727,,5.857688,,,
273875:ApriltagsCameraLog(1):,,,,,,-111.046283,,2.468567,,5.857352,,,
273895:ApriltagsCameraLog(1):,,,,,,-103.015277,,2.468980,,5.857285,,,
273915:ApriltagsCameraLog(1):,,,,,,-97.409504,,2.469241,,5.856427,,,
273935:ApriltagsCameraLog(1):,,,,,,-94.588764,,2.469189,,5.856064,,,
273955:ApriltagsCameraLog(1):,,,,,,-87.005451,,2.469379,,5.855482,,,
273975:ApriltagsCameraLog(1):,,,,,,-81.457355,,2.469821,,5.855151,,,
273995:ApriltagsCameraLog(1):,,,,,,-78.529499,,2.470113,,5.854606,,,
274016:ApriltagsCameraLog(1):,,,,,,-69.539936,,2.469938,,5.854391,,,
274035:ApriltagsCameraLog(1):,,,,,,-63.703449,,2.470240,,5.853645,,,
274055:ApriltagsCameraLog(1):,,,,,,-58.125141,,2.470785,,5.853511,,,
274075:ApriltagsCameraLog(1):,,,,,,-55.384052,,2.471213,,5.852825,,,
274095:ApriltagsCameraLog(1):,,,,,,-50.149067,,2.471730,,5.852469,,,
274115:ApriltagsCameraLog(1):,,,,,,-42.766254,,2.471983,,5.852182,,,
274135:ApriltagsCameraLog(1):,,,,,,-38.113544,,2.472570,,5.851942,,,
274155:ApriltagsCameraLog(1):,,,,,,-35.850360,,2.472872,,5.851698,,,
274175:ApriltagsCameraLog(1):,,,,,,-31.497028,,2.473485,,5.851538,,,
274195:ApriltagsCameraLog(1):,,,,,,-27.374408,,2.474110,,5.851422,,,
274215:ApriltagsCameraLog(1):,,,,,,-23.496235,,2.474179,,5.851147,,,
274235:ApriltagsCameraLog(1):,,,,,,-19.840534,,2.474546,,5.850997,,,
274255:ApriltagsCameraLog(1):,,,,,,-14.874714,,2.474783,,5.851141,,,
274275:ApriltagsCameraLog(1):,,,,,,-13.383319,,2.475690,,5.851351,,,
274299:ApriltagsCameraLog(1):,,,,,,-10.620258,,2.475920,,5.851516,,,
274315:ApriltagsCameraLog(1):,7,-13.383319,-17.960000,-13.383319,-17.960000,-8.159320,2.337501,2.476253,5.480677,5.851027,36.326981,9216,2.645436
274316:ApriltagsCameraLog(1):,8,-13.383319,-14.916000,-14.916000,-14.916000,-8.463026,2.312958,2.396021,5.352015,5.599603,17.737880,9216,2.592235
274335:ApriltagsCameraLog(1):,,,,,,-5.675825,,2.344142,,5.433226,,,
274355:ApriltagsCameraLog(1):,7,-8.463026,-13.475000,-8.463026,-13.475000,-4.846357,2.359337,2.344358,5.506364,5.433418,36.945075,9217,2.684067
274357:ApriltagsCameraLog(1):,8,-8.463026,-11.722000,-8.463026,-11.722000,-5.105736,2.308378,2.352433,5.444413,5.482572,35.996516,9217,2.624782
274375:ApriltagsCameraLog(1):,,,,,,-3.054667,,2.324250,,5.456499,,,
274395:ApriltagsCameraLog(1):,7,-5.105736,-9.473000,-5.105736,-9.473000,-1.818705,2.324981,2.324442,5.509498,5.456278,36.595660,9218,2.662229
274397:ApriltagsCameraLog(1):,8,-5.105736,-5.256000,-5.256000,-5.256000,-2.025415,2.304249,2.324074,5.434888,5.491635,18.079655,9218,2.634957
274399:ApriltagsCameraLog(1):,15,-2.025415,-8.584000,-2.025415,-8.584000,-1.982122,2.233393,2.311168,5.402521,5.453712,28.519254,9216,2.157453
274415:ApriltagsCameraLog(1):,7,-1.982122,-3.531000,-3.531000,-3.531000,-1.706746,2.315724,2.260716,5.463060,5.417771,18.309934,9219,2.663742
274417:ApriltagsCameraLog(1):,8,-1.982122,-3.550000,-3.550000,-3.550000,-1.766977,2.292970,2.297299,5.392247,5.448053,18.025367,9219,2.628171
274436:ApriltagsCameraLog(1):,15,-1.766977,-6.794000,-1.766977,-6.794000,-0.541291,2.280552,2.294624,5.486636,5.411166,28.322789,9217,2.145174
274475:ApriltagsCameraLog(1):,7,-0.541291,-1.947000,-1.947000,-1.947000,0.281377,2.308899,2.283753,5.434405,5.461364,18.325671,9220,2.665709
274477:ApriltagsCameraLog(1):,8,-0.541291,-0.806000,-0.806000,-0.806000,0.292575,2.289723,2.300752,5.411657,5.443627,18.105026,9220,2.638128
274495:ApriltagsCameraLog(1):,7,0.292575,-0.314000,-0.314000,-0.314000,1.635768,2.310803,2.293645,5.432756,5.422419,18.383359,9221,2.672920
274497:ApriltagsCameraLog(1):,8,0.292575,0.732000,0.732000,0.732000,1.623509,2.290979,2.305380,5.403029,5.429269,18.160330,9221,2.645041
274536:ApriltagsCameraLog(1):,7,1.623509,0.706000,0.706000,0.706000,3.402500,2.310754,2.296101,5.408521,5.412424,18.431915,9222,2.678989
274537:ApriltagsCameraLog(1):,8,1.623509,2.419000,2.419000,2.419000,3.363311,2.295502,2.306043,5.408614,5.410203,18.254067,9222,2.656758
274555:ApriltagsCameraLog(1):,7,3.363311,2.948000,2.948000,2.948000,3.930758,2.307396,2.298960,5.439114,5.409331,18.426520,9223,2.678315
274557:ApriltagsCameraLog(1):,8,3.363311,4.103000,4.103000,4.103000,3.991381,2.286522,2.304637,5.413671,5.429389,18.238277,9223,2.654785
274575:ApriltagsCameraLog(1):,,,,,,5.380199,,2.292800,,5.419326,,,
274595:ApriltagsCameraLog(1):,7,3.991381,4.483000,4.483000,4.483000,5.748241,2.306635,2.292989,5.440614,5.419548,18.452491,9224,2.681561
274597:ApriltagsCameraLog(1):,8,3.991381,5.488000,5.488000,5.488000,5.786457,2.291613,2.302516,5.407495,5.433701,18.315911,9224,2.664489
274615:ApriltagsCameraLog(1):,7,5.786457,6.198000,6.198000,6.198000,6.502380,2.312577,2.295678,5.452483,5.416245,18.525161,9225,2.690645
274617:ApriltagsCameraLog(1):,8,5.786457,6.906000,6.906000,6.906000,6.552108,2.289934,2.307274,5.407326,5.440318,18.343573,9225,2.667947
274636:ApriltagsCameraLog(1):,,,,,,7.067997,,2.295502,,5.418568,,,
274655:ApriltagsCameraLog(1):,7,6.552108,7.132000,7.132000,7.132000,7.062504,2.299018,2.295743,5.445444,5.418386,18.441469,9226,2.680184
274658:ApriltagsCameraLog(1):,8,6.552108,7.491000,7.491000,7.491000,7.104263,2.286401,2.298001,5.385081,5.436403,18.315853,9226,2.664482
274695:ApriltagsCameraLog(1):,7,7.104263,7.580000,7.580000,7.580000,6.614463,2.296722,2.290281,5.447944,5.402475,18.429758,9227,2.678720
274697:ApriltagsCameraLog(1):,8,7.104263,7.841000,7.841000,7.841000,6.653752,2.278777,2.294837,5.380619,5.432918,18.261681,9227,2.657710
274715:ApriltagsCameraLog(1):,7,6.653752,7.518000,7.518000,7.518000,6.270305,2.297801,2.284134,5.455823,5.398263,18.430885,9228,2.678861
274717:ApriltagsCameraLog(1):,8,6.653752,7.848000,7.848000,7.848000,6.330335,2.276994,2.293439,5.393483,5.436606,18.256777,9228,2.657097
274735:ApriltagsCameraLog(1):,,,,,,5.947870,,2.282292,,5.407962,,,
274755:ApriltagsCameraLog(1):,7,6.330335,6.763000,6.763000,6.763000,5.393061,2.295618,2.282303,5.453096,5.407980,18.400962,9229,2.675120
274757:ApriltagsCameraLog(1):,8,6.330335,7.099000,7.099000,7.099000,5.431533,2.276192,2.291284,5.390597,5.438050,18.227387,9229,2.653423
274795:ApriltagsCameraLog(1):,7,5.431533,6.094000,6.094000,6.094000,4.115476,2.300949,2.281098,5.459766,5.406519,18.424632,9230,2.678079
274797:ApriltagsCameraLog(1):,8,5.431533,6.108000,6.108000,6.108000,4.160083,2.284168,2.294484,5.386408,5.441991,18.259846,9230,2.657481
274815:ApriltagsCameraLog(1):,7,4.160083,4.834000,4.834000,4.834000,3.474187,2.304931,2.287313,5.452235,5.404747,18.436356,9231,2.679544
274817:ApriltagsCameraLog(1):,8,4.160083,5.310000,5.310000,5.310000,3.494641,2.287863,2.299077,5.399785,5.436161,18.275271,9231,2.659409
274835:ApriltagsCameraLog(1):,,,,,,2.846081,,2.291015,,5.411693,,,
274861:ApriltagsCameraLog(1):,7,3.494641,3.235000,3.235000,3.235000,2.178662,2.305948,2.291017,5.440577,5.411689,18.420054,9232,2.677507
274864:ApriltagsCameraLog(1):,8,3.494641,4.203000,4.203000,4.203000,2.153806,2.283978,2.300679,5.407408,5.430945,18.216560,9232,2.652070
274895:ApriltagsCameraLog(1):,7,2.153806,1.868000,1.868000,1.868000,0.955254,2.300983,2.288776,5.437999,5.415272,18.352142,9233,2.669018
274897:ApriltagsCameraLog(1):,8,2.153806,2.766000,2.766000,2.766000,0.903586,2.286250,2.296569,5.402075,5.430438,18.186773,9233,2.648347
274915:ApriltagsCameraLog(1):,7,0.903586,1.031000,1.031000,1.031000,0.357815,2.303248,2.289564,5.457264,5.411322,18.332863,9234,2.666608
274916:ApriltagsCameraLog(1):,8,0.903586,1.005000,1.005000,1.005000,0.329420,2.284450,2.298765,5.381018,5.441827,18.103637,9234,2.637955
274935:ApriltagsCameraLog(1):,,,,,,-0.295068,,2.289250,,5.400904,,,
274955:ApriltagsCameraLog(1):,7,0.329420,-0.217000,-0.217000,-0.217000,-0.849877,2.298372,2.289038,5.457100,5.401115,18.263837,9235,2.657980
274957:ApriltagsCameraLog(1):,8,0.329420,-0.326000,-0.326000,-0.326000,-0.895115,2.283219,2.294858,5.380359,5.438469,18.050302,9235,2.631288
274995:ApriltagsCameraLog(1):,7,-0.895115,-0.996000,-0.996000,-0.996000,-1.724476,2.295221,2.286776,5.473640,5.399491,18.204276,9236,2.650535
274997:ApriltagsCameraLog(1):,8,-0.895115,-1.001000,-1.001000,-1.001000,-1.743038,2.273303,2.292155,5.398964,5.448823,17.959603,9236,2.619950
274998:ApriltagsCameraLog(1):,15,-1.743038,-74.895000,-1.743038,-74.895000,-1.760468,2.361536,2.279455,5.488255,5.415458,27.146804,9234,2.071675
275015:ApriltagsCameraLog(1):,7,-1.760468,-2.244000,-2.244000,-2.244000,-6.912677,2.286929,2.298067,5.461207,5.491442,18.117348,9237,2.639668
275017:ApriltagsCameraLog(1):,8,-1.760468,-2.464000,-2.464000,-2.464000,-6.474582,2.269480,2.289664,5.375997,5.471590,17.866769,9237,2.608346
275035:ApriltagsCameraLog(1):,15,-6.474582,-8.077000,-8.077000,-8.077000,-6.080733,2.422167,2.274481,5.727204,5.408262,13.980375,9235,2.122547
275055:ApriltagsCameraLog(1):,7,-6.080733,-2.273000,-6.080733,-2.273000,-6.268443,2.274739,2.369146,5.318722,5.622478,36.178620,9238,2.636164
275057:ApriltagsCameraLog(1):,8,-6.080733,-2.211000,-6.080733,-2.211000,-6.054579,2.285987,2.299381,5.242814,5.422172,35.675024,9238,2.604689
275075:ApriltagsCameraLog(1):,15,-6.054579,-7.820000,-7.820000,-7.820000,-5.760774,2.419194,2.286793,5.716892,5.303120,13.961459,9236,2.120182
275096:ApriltagsCameraLog(1):,7,-5.760774,-2.042000,-5.760774,-2.042000,-5.910466,2.278254,2.370810,5.328859,5.580189,36.222180,9239,2.638886
275097:ApriltagsCameraLog(1):,8,-5.760774,-2.360000,-5.760774,-2.360000,-5.698058,2.286771,2.303431,5.253006,5.414780,35.710875,9239,2.606930
275105:ApriltagsCameraLog(1):,15,-5.698058,-7.936000,-5.698058,-7.936000,-5.510900,2.376356,2.289110,5.641361,5.307296,27.967656,9237,2.122979
275115:ApriltagsCameraLog(1):,7,-5.510900,-1.882000,-5.510900,-1.882000,-5.528240,2.278456,2.343090,5.331379,5.531032,36.231508,9240,2.639469
275117:ApriltagsCameraLog(1):,8,-5.510900,-2.670000,-5.510900,-2.670000,-5.327551,2.287610,2.295687,5.257842,5.399267,35.742322,9240,2.608895
275135:ApriltagsCameraLog(1):,15,-5.327551,-7.758000,-5.327551,-7.758000,-4.860795,2.374305,2.287977,5.628748,5.305060,27.907140,9238,2.119196
275155:ApriltagsCameraLog(1):,7,-4.860795,-1.967000,-4.860795,-1.967000,-4.587403,2.280117,2.341445,5.350084,5.522173,36.241186,9241,2.640074
275156:ApriltagsCameraLog(1):,8,-4.860795,-1.928000,-4.860795,-1.928000,-4.411824,2.283478,2.297536,5.274089,5.408746,35.724909,9241,2.607807
275176:ApriltagsCameraLog(1):,15,-4.411824,-7.601000,-4.411824,-7.601000,-3.667047,2.359648,2.285729,5.599774,5.319613,27.914786,9239,2.119674
275195:ApriltagsCameraLog(1):,7,-3.667047,-1.265000,-3.667047,-1.265000,-3.121755,2.284482,2.330733,5.370378,5.507784,36.320132,9242,2.645008
275197:ApriltagsCameraLog(1):,8,-3.667047,-0.943000,-3.667047,-0.943000,-2.950915,2.285418,2.297336,5.296394,5.417232,35.845938,9242,2.615371
275215:ApriltagsCameraLog(1):,7,-2.950915,-0.569000,-2.950915,-0.569000,-1.869067,2.294312,2.287214,5.353238,5.336889,36.554734,9243,2.659671
275216:ApriltagsCameraLog(1):,8,-2.950915,-0.113000,-2.950915,-0.113000,-1.730869,2.296850,2.292311,5.281372,5.347533,36.069445,9243,2.629340
275235:ApriltagsCameraLog(1):,,,,,,-0.478326,,2.294582,,5.303416,,,
275255:ApriltagsCameraLog(1):,7,-1.730869,1.063000,-1.730869,1.063000,0.760382,2.313474,2.294785,5.328781,5.303626,36.979885,9244,2.686243
275257:ApriltagsCameraLog(1):,8,-1.730869,2.590000,-1.730869,2.590000,0.890071,2.310663,2.307858,5.259242,5.320392,36.361012,9244,2.647563
275295:ApriltagsCameraLog(1):,7,0.890071,1.966000,1.966000,1.966000,4.110449,2.333460,2.308867,5.389737,5.279628,18.660432,9245,2.707554
275297:ApriltagsCameraLog(1):,8,0.890071,6.292000,0.890071,6.292000,4.212781,2.329958,2.326023,5.277981,5.352778,36.840783,9245,2.677549
275316:ApriltagsCameraLog(1):,,,,,,7.019795,,2.326791,,5.302935,,,
275335:ApriltagsCameraLog(1):,7,4.212781,3.777000,3.777000,3.777000,7.884968,2.344300,2.326777,5.358315,5.302930,18.819174,9246,2.727397
275337:ApriltagsCameraLog(1):,8,4.212781,6.078000,6.078000,6.078000,7.859199,2.320008,2.338569,5.386431,5.339952,18.544709,9246,2.693089
275355:ApriltagsCameraLog(1):,7,7.859199,7.388000,7.388000,7.388000,9.770714,2.340363,2.327300,5.397161,5.371267,18.817745,9247,2.727218
275362:ApriltagsCameraLog(1):,8,7.859199,13.750000,7.859199,13.750000,9.789312,2.334530,2.336300,5.348043,5.388552,37.372320,9247,2.710770
275375:ApriltagsCameraLog(1):,,,,,,11.733615,,2.333914,,5.361656,,,
275395:ApriltagsCameraLog(1):,7,9.789312,10.150000,10.150000,10.150000,13.164584,2.340450,2.334066,5.392460,5.361908,18.870596,9248,2.733824
275397:ApriltagsCameraLog(1):,8,9.789312,14.611000,9.789312,14.611000,13.191924,2.318218,2.338503,5.308722,5.382439,37.169548,9248,2.698097
275416:ApriltagsCameraLog(1):,,,,,,14.539747,,2.323613,,5.334117,,,
275435:ApriltagsCameraLog(1):,7,13.191924,12.331000,12.331000,12.331000,15.314283,2.338501,2.323608,5.380350,5.334114,18.899481,9249,2.737435
275437:ApriltagsCameraLog(1):,8,13.191924,16.676000,13.191924,16.676000,15.284154,2.321534,2.333782,5.344714,5.365123,37.427729,9249,2.714233
275456:ApriltagsCameraLog(1):,7,15.284154,15.566000,15.566000,15.566000,16.110842,2.316080,2.325748,5.435717,5.351798,18.720785,9250,2.715098
275457:ApriltagsCameraLog(1):,8,15.284154,16.358000,16.358000,16.358000,16.189188,2.290869,2.319830,5.390348,5.407684,18.575284,9250,2.696910
275477:ApriltagsCameraLog(1):,,,,,,17.092768,,2.300835,,5.396790,,,
275495:ApriltagsCameraLog(1):,7,16.189188,16.780000,16.780000,16.780000,17.235591,2.310939,2.300424,5.438412,5.396660,18.693080,9251,2.711635
275498:ApriltagsCameraLog(1):,8,16.189188,17.385000,17.385000,17.385000,17.292647,2.292760,2.307520,5.384452,5.424707,18.607115,9251,2.700889
275515:ApriltagsCameraLog(1):,,,,,,17.485519,,2.297396,,5.398205,,,
275535:ApriltagsCameraLog(1):,7,17.292647,17.802000,17.802000,17.802000,17.408614,2.313716,2.297667,5.443364,5.398068,18.723931,9252,2.715491
275537:ApriltagsCameraLog(1):,8,17.292647,18.467000,18.467000,18.467000,17.454766,2.283976,2.308508,5.390643,5.428085,18.564908,9252,2.695614
275555:ApriltagsCameraLog(1):,8,17.454766,18.384000,18.384000,18.384000,17.248349,2.288570,2.292238,5.375227,5.402990,18.586295,9253,2.698287
275575:ApriltagsCameraLog(1):,,,,,,16.815418,,2.290191,,5.384583,,,
275595:ApriltagsCameraLog(1):,7,17.248349,18.368000,18.368000,18.368000,16.126026,2.312223,2.289790,5.465801,5.384462,18.705135,9254,2.713142
275597:ApriltagsCameraLog(1):,8,17.248349,18.377000,18.377000,18.377000,16.219620,2.285415,2.305035,5.384585,5.438650,18.569149,9254,2.696144
275616:ApriltagsCameraLog(1):,,,,,,15.039432,,2.291583,,5.402769,,,
275635:ApriltagsCameraLog(1):,7,16.219620,16.970000,16.970000,16.970000,14.572514,2.321543,2.291588,5.438709,5.402762,18.779692,9255,2.722461
275637:ApriltagsCameraLog(1):,8,16.219620,17.573000,17.573000,17.573000,14.598045,2.298573,2.311459,5.386368,5.426629,18.658907,9255,2.707363
275655:ApriltagsCameraLog(1):,7,14.598045,15.467000,15.467000,15.467000,13.644170,2.316560,2.302546,5.429202,5.399782,18.727922,9256,2.715990
275657:ApriltagsCameraLog(1):,8,14.598045,16.667000,14.598045,16.667000,13.675090,2.308486,2.311945,5.314992,5.419361,37.245004,9256,2.702813
275675:ApriltagsCameraLog(1):,,,,,,12.605674,,2.308792,,5.349795,,,
275696:ApriltagsCameraLog(1):,7,13.675090,14.222000,14.222000,14.222000,11.388938,2.329867,2.308635,5.437262,5.349531,18.811537,9257,2.726442
275698:ApriltagsCameraLog(1):,8,13.675090,16.043000,13.675090,16.043000,11.404349,2.316398,2.322763,5.340586,5.407818,37.362533,9257,2.710158
275715:ApriltagsCameraLog(1):,7,11.404349,12.436000,12.436000,12.436000,10.306729,2.324290,2.317272,5.438728,5.362795,18.739891,9258,2.717486
275717:ApriltagsCameraLog(1):,8,11.404349,13.683000,11.404349,13.683000,10.335121,2.316151,2.321736,5.322214,5.413253,37.229954,9258,2.701872
275735:ApriltagsCameraLog(1):,,,,,,8.709377,,2.316676,,5.352623,,,
275755:ApriltagsCameraLog(1):,7,10.335121,10.191000,10.191000,10.191000,8.113368,2.319269,2.316503,5.426465,5.352370,18.673438,9259,2.709180
275757:ApriltagsCameraLog(1):,8,10.335121,11.826000,11.826000,11.826000,8.108437,2.294445,2.318066,5.418564,5.401697,18.521276,9259,2.690160
275795:ApriltagsCameraLog(1):,7,8.108437,8.302000,8.302000,8.302000,6.002860,2.313038,2.302205,5.425692,5.413054,18.591516,9260,2.698939
275796:ApriltagsCameraLog(1):,8,8.108437,9.636000,9.636000,9.636000,5.989253,2.296217,2.309387,5.406740,5.421426,18.468576,9260,2.683572
275816:ApriltagsCameraLog(1):,7,5.989253,6.967000,6.967000,6.967000,5.014100,2.310395,2.299881,5.447818,5.411383,18.526859,9261,2.690857
275818:ApriltagsCameraLog(1):,8,5.989253,7.893000,7.893000,7.893000,5.033322,2.287157,2.306528,5.412141,5.435476,18.353050,9261,2.669131
275835:ApriltagsCameraLog(1):,,,,,,4.051420,,2.293089,,5.419850,,,
275855:ApriltagsCameraLog(1):,7,5.033322,4.807000,4.807000,4.807000,3.062650,2.313756,2.293328,5.436583,5.419655,18.519492,9262,2.689936
275857:ApriltagsCameraLog(1):,8,5.033322,5.748000,5.748000,5.748000,3.030017,2.296242,2.307084,5.403408,5.430849,18.357478,9262,2.669685
275895:ApriltagsCameraLog(1):,7,3.030017,2.964000,2.964000,2.964000,1.367923,2.307557,2.299098,5.437233,5.412428,18.429883,9263,2.678735
275896:ApriltagsCameraLog(1):,8,3.030017,3.689000,3.689000,3.689000,1.335957,2.289575,2.304172,5.396863,5.428929,18.238277,9263,2.654785
275915:ApriltagsCameraLog(1):,7,1.335957,1.371000,1.371000,1.371000,0.664383,2.301813,2.293645,5.445706,5.407319,18.340013,9264,2.667502
275917:ApriltagsCameraLog(1):,8,1.335957,2.007000,2.007000,2.007000,0.615034,2.290622,2.298689,5.399171,5.432781,18.195882,9264,2.649485
275935:ApriltagsCameraLog(1):,,,,,,-0.031470,,2.292774,,5.410017,,,
275956:ApriltagsCameraLog(1):,7,0.615034,-0.274000,-0.274000,-0.274000,-0.597266,2.298207,2.292782,5.439536,5.410018,18.277697,9265,2.659712
275958:ApriltagsCameraLog(1):,8,0.615034,0.503000,0.503000,0.503000,-0.683622,2.282436,2.296139,5.398708,5.429585,18.082016,9265,2.635252
275995:ApriltagsCameraLog(1):,7,-0.683622,-1.000000,-1.000000,-1.000000,-1.547263,2.292543,2.286464,5.465902,5.408871,18.189803,9266,2.648725
275997:ApriltagsCameraLog(1):,8,-0.683622,-1.246000,-1.246000,-1.246000,-1.595298,2.274896,2.290095,5.381458,5.446911,17.954018,9266,2.619252
276015:ApriltagsCameraLog(1):,7,-1.595298,-1.838000,-1.838000,-1.838000,-1.952133,2.287158,2.279495,5.467529,5.403237,18.123916,9267,2.640490
276017:ApriltagsCameraLog(1):,8,-1.595298,-2.085000,-2.085000,-2.085000,-1.980111,2.268997,2.284150,5.381007,5.446196,17.878430,9267,2.609804
276035:ApriltagsCameraLog(1):,15,-1.980111,-7.923000,-1.980111,-7.923000,-2.110121,2.301839,2.273860,5.489720,5.402784,28.028308,9265,2.126769
276056:ApriltagsCameraLog(1):,7,-2.110121,-2.503000,-2.503000,-2.503000,-2.415327,2.281993,2.289488,5.463607,5.461417,18.069046,9268,2.633631
276057:ApriltagsCameraLog(1):,8,-2.110121,-2.788000,-2.788000,-2.788000,-2.420930,2.264797,2.284626,5.378534,5.462727,17.819611,9268,2.602451
276075:ApriltagsCameraLog(1):,15,-2.420930,-8.229000,-2.420930,-8.229000,-2.251551,2.303709,2.271912,5.490140,5.406623,28.000898,9266,2.125056
276095:ApriltagsCameraLog(1):,7,-2.251551,-2.751000,-2.751000,-2.751000,-2.430968,2.279191,2.290369,5.456225,5.463267,18.047281,9269,2.630910
276097:ApriltagsCameraLog(1):,8,-2.251551,-2.676000,-2.676000,-2.676000,-2.419563,2.261482,2.282816,5.383154,5.458685,17.799422,9269,2.599928
276099:ApriltagsCameraLog(1):,15,-2.419563,-8.004000,-2.419563,-8.004000,-2.401592,2.308868,2.268426,5.492408,5.408458,27.939662,9267,2.121229
276115:ApriltagsCameraLog(1):,7,-2.401592,-2.287000,-2.287000,-2.287000,-2.600664,2.281787,2.293015,5.459664,5.465435,18.076835,9270,2.634604
276117:ApriltagsCameraLog(1):,8,-2.401592,-2.209000,-2.209000,-2.209000,-2.543384,2.262729,2.285491,5.388997,5.461481,17.828554,9270,2.603569
276135:ApriltagsCameraLog(1):,15,-2.543384,-7.715000,-2.543384,-7.715000,-2.384420,2.314461,2.270086,5.517633,5.413518,28.020420,9268,2.126276
276156:ApriltagsCameraLog(1):,7,-2.384420,-1.648000,-1.648000,-1.648000,-2.662474,2.284800,2.296904,5.472775,5.483830,18.105358,9271,2.638170
276158:ApriltagsCameraLog(1):,8,-2.384420,-1.858000,-1.858000,-1.858000,-2.546695,2.264780,2.288766,5.387688,5.476506,17.856130,9271,2.607016
276159:ApriltagsCameraLog(1):,15,-2.546695,-7.595000,-2.546695,-7.595000,-2.462277,2.319933,2.272385,5.525155,5.417372,27.990185,9269,2.124387
276195:ApriltagsCameraLog(1):,7,-2.462277,-1.624000,-1.624000,-1.624000,-2.773843,2.282148,2.301113,5.468742,5.490294,18.088556,9272,2.636070
276197:ApriltagsCameraLog(1):,8,-2.462277,-1.761000,-1.761000,-1.761000,-2.655186,2.263935,2.288330,5.386508,5.475964,17.852012,9272,2.606501
276198:ApriltagsCameraLog(1):,15,-2.655186,-7.652000,-2.655186,-7.652000,-2.560871,2.324537,2.271624,5.531968,5.416367,27.967680,9270,2.122980
276216:ApriltagsCameraLog(1):,7,-2.560871,-1.412000,-1.412000,-1.412000,-2.899143,2.282363,2.304098,5.474788,5.494800,18.090308,9273,2.636289
276217:ApriltagsCameraLog(1):,8,-2.560871,-1.876000,-1.876000,-1.876000,-2.750233,2.264657,2.289642,5.379348,5.481528,17.849982,9273,2.606248
276236:ApriltagsCameraLog(1):,15,-2.750233,-7.518000,-2.750233,-7.518000,-2.705221,2.326498,2.272508,5.540884,5.413649,27.998202,9271,2.124888
276255:ApriltagsCameraLog(1):,7,-2.705221,-1.450000,-1.450000,-1.450000,-3.114118,2.282314,2.305276,5.473249,5.499989,18.090308,9274,2.636289
276257:ApriltagsCameraLog(1):,8,-2.705221,-1.743000,-1.743000,-1.743000,-2.961305,2.263731,2.289626,5.384693,5.482500,17.849982,9274,2.606248
276275:ApriltagsCameraLog(1):,15,-2.961305,-7.486000,-2.961305,-7.486000,-3.060300,2.330092,2.271483,5.544331,5.417820,27.967680,9272,2.122980
276295:ApriltagsCameraLog(1):,7,-3.060300,-1.840000,-1.840000,-1.840000,-3.612720,2.281915,2.307300,5.462534,5.503611,18.086823,9275,2.635853
276297:ApriltagsCameraLog(1):,8,-3.060300,-1.955000,-1.955000,-1.955000,-3.482212,2.265375,2.290103,5.381250,5.476401,17.854061,9275,2.606758
276316:ApriltagsCameraLog(1):,15,-3.482212,-7.454000,-3.482212,-7.454000,-3.624844,2.337162,2.273105,5.565455,5.413106,28.005367,9273,2.125335
276335:ApriltagsCameraLog(1):,7,-3.624844,-1.723000,-1.723000,-1.723000,-4.155678,2.285005,2.312161,5.479889,5.516137,18.098706,9276,2.637338
276337:ApriltagsCameraLog(1):,8,-3.624844,-2.101000,-2.101000,-2.101000,-3.974635,2.261866,2.293796,5.390795,5.492147,17.826363,9276,2.603295
276339:ApriltagsCameraLog(1):,15,-3.974635,-7.867000,-3.974635,-7.867000,-3.847499,2.337584,2.271926,5.568009,5.424707,28.013428,9274,2.125839
276355:ApriltagsCameraLog(1):,7,-3.847499,-2.657000,-2.657000,-2.657000,-4.385678,2.276919,2.312202,5.462682,5.521805,18.025534,9277,2.628192
276357:ApriltagsCameraLog(1):,8,-3.847499,-2.724000,-2.724000,-2.724000,-4.256714,2.261937,2.288288,5.383764,5.482629,17.801735,9277,2.600217
276375:ApriltagsCameraLog(1):,15,-4.256714,-8.165000,-4.256714,-8.165000,-4.352079,2.336492,2.269939,5.561984,5.416674,27.986346,9275,2.124147
276396:ApriltagsCameraLog(1):,7,-4.352079,-2.905000,-2.905000,-2.905000,-4.847509,2.279966,2.310534,5.470290,5.515175,18.035979,9278,2.629497
276398:ApriltagsCameraLog(1):,8,-4.352079,-3.299000,-3.299000,-3.299000,-4.699503,2.261798,2.289530,5.378705,5.485516,17.778130,9278,2.597266
276399:ApriltagsCameraLog(1):,15,-4.699503,-8.568000,-4.699503,-8.568000,-4.604375,2.330875,2.270239,5.565616,5.414470,28.090256,9276,2.130641
276417:ApriltagsCameraLog(1):,7,-4.604375,-3.512000,-3.512000,-3.512000,-5.064134,2.279948,2.306871,5.460949,5.516671,18.028322,9279,2.628540
276418:ApriltagsCameraLog(1):,8,-4.604375,-3.383000,-3.383000,-3.383000,-4.938762,2.260740,2.288480,5.390696,5.479794,17.773112,9279,2.596639
276435:ApriltagsCameraLog(1):,15,-4.938762,-8.841000,-4.938762,-8.841000,-4.841616,2.328979,2.269555,5.560509,5.420870,28.082213,9277,2.130138
276456:ApriltagsCameraLog(1):,7,-4.841616,-3.436000,-3.436000,-3.436000,-5.100754,2.280670,2.305900,5.474165,5.515220,18.023609,9280,2.627951
276458:ApriltagsCameraLog(1):,8,-4.841616,-3.712000,-3.712000,-3.712000,-4.935405,2.261168,2.288716,5.387792,5.488063,17.763460,9280,2.595432
276475:ApriltagsCameraLog(1):,15,-4.935405,-9.002000,-4.935405,-9.002000,-4.776836,2.323419,2.269672,5.555749,5.420959,28.130929,9278,2.133183
276495:ApriltagsCameraLog(1):,7,-4.776836,-3.605000,-3.605000,-3.605000,-4.939178,2.278067,2.302132,5.470021,5.511879,18.002191,9281,2.625274
276499:ApriltagsCameraLog(1):,8,-4.776836,-3.740000,-3.740000,-3.740000,-4.790030,2.258996,2.285554,5.389369,5.483990,17.745992,9281,2.593249
276501:ApriltagsCameraLog(1):,15,-4.790030,-9.112000,-4.790030,-9.112000,-4.667727,2.323062,2.267045,5.547122,5.420906,28.078918,9279,2.129932
276535:ApriltagsCameraLog(1):,7,-4.667727,-3.572000,-3.572000,-3.572000,-4.687396,2.280489,2.301276,5.468662,5.506265,18.023609,9282,2.627951
276537:ApriltagsCameraLog(1):,8,-4.667727,-3.805000,-3.805000,-3.805000,-4.541888,2.261822,2.287045,5.384060,5.481456,17.763460,9282,2.595432
276538:ApriltagsCameraLog(1):,15,-4.541888,-8.849000,-4.541888,-8.849000,-4.432769,2.324209,2.269594,5.544265,5.416768,28.044030,9280,2.127752
276555:ApriltagsCameraLog(1):,7,-4.432769,-3.486000,-3.486000,-3.486000,-4.576798,2.279987,2.302915,5.462001,5.503201,18.028322,9283,2.628540
276557:ApriltagsCameraLog(1):,8,-4.432769,-3.470000,-3.470000,-3.470000,-4.440445,2.261357,2.287204,5.387205,5.476052,17.773112,9283,2.596639
276575:ApriltagsCameraLog(1):,15,-4.440445,-8.779000,-4.440445,-8.779000,-4.138725,2.322951,2.269254,5.547758,5.417149,28.085993,9281,2.130375
276596:ApriltagsCameraLog(1):,7,-4.138725,-2.744000,-2.744000,-2.744000,-4.030484,2.282955,2.302050,5.481757,5.505366,18.053627,9284,2.631703
276598:ApriltagsCameraLog(1):,8,-4.138725,-3.366000,-3.366000,-3.366000,-3.842190,2.265093,2.289175,5.380937,5.489709,17.803263,9284,2.600408
276616:ApriltagsCameraLog(1):,15,-3.842190,-8.536000,-3.842190,-8.536000,-3.521864,2.317869,2.272814,5.533291,5.417431,28.066412,9282,2.129151
276635:ApriltagsCameraLog(1):,7,-3.521864,-2.659000,-2.659000,-2.659000,-3.373062,2.280042,2.300396,5.475169,5.495700,18.038687,9285,2.629836
276637:ApriltagsCameraLog(1):,8,-3.521864,-3.073000,-3.073000,-3.073000,-3.213107,2.262482,2.286870,5.382565,5.482235,17.793416,9285,2.599177
276638:ApriltagsCameraLog(1):,15,-3.213107,-8.306000,-3.213107,-8.306000,-3.109164,2.312145,2.270290,5.515041,5.415972,28.033355,9283,2.127085
276655:ApriltagsCameraLog(1):,7,-3.109164,-2.641000,-2.641000,-2.641000,-2.663937,2.284086,2.295869,5.452828,5.483170,18.092364,9286,2.636545
276657:ApriltagsCameraLog(1):,8,-3.109164,-2.383000,-2.383000,-2.383000,-2.546367,2.269344,2.287808,5.389410,5.463028,17.875632,9286,2.609454
276675:ApriltagsCameraLog(1):,15,-2.546367,-7.850000,-2.546367,-7.850000,-2.174432,2.314401,2.274957,5.515217,5.414102,28.005439,9284,2.125340
276695:ApriltagsCameraLog(1):,7,-2.174432,-1.746000,-1.746000,-1.746000,-1.972208,2.291898,2.298949,5.455875,5.482680,18.174833,9287,2.646854
276697:ApriltagsCameraLog(1):,8,-2.174432,-1.448000,-1.448000,-1.448000,-1.857753,2.271723,2.294211,5.393743,5.465005,17.928859,9287,2.616107
276716:ApriltagsCameraLog(1):,,,,,,-0.828080,,2.278829,,5.417818,,,
276735:ApriltagsCameraLog(1):,7,-1.857753,-0.325000,-0.325000,-0.325000,-0.160661,2.298312,2.279023,5.473016,5.418043,18.246431,9288,2.655804
276737:ApriltagsCameraLog(1):,8,-1.857753,-0.610000,-0.610000,-0.610000,0.007274,2.272678,2.292574,5.389302,5.454759,17.961918,9288,2.620240
276756:ApriltagsCameraLog(1):,7,0.007274,0.316000,0.316000,0.316000,0.887533,2.301795,2.279064,5.453454,5.411507,18.307492,9289,2.663437
276757:ApriltagsCameraLog(1):,8,0.007274,0.368000,0.368000,0.368000,0.971364,2.283475,2.294521,5.383079,5.439528,18.076531,9289,2.634566
276775:ApriltagsCameraLog(1):,,,,,,1.437509,,2.287234,,5.402318,,,
276795:ApriltagsCameraLog(1):,7,0.971364,1.533000,1.533000,1.533000,2.522409,2.307306,2.287237,5.447380,5.401892,18.385937,9290,2.673242
276797:ApriltagsCameraLog(1):,8,0.971364,2.288000,2.288000,2.288000,2.591732,2.286115,2.300919,5.407948,5.432004,18.174657,9290,2.646832
276835:ApriltagsCameraLog(1):,7,2.591732,2.794000,2.794000,2.794000,4.064594,2.306724,2.290968,5.440421,5.416360,18.416545,9291,2.677068
276837:ApriltagsCameraLog(1):,8,2.591732,3.455000,3.455000,3.455000,4.134653,2.293323,2.301539,5.395112,5.432453,18.259846,9291,2.657481
276855:ApriltagsCameraLog(1):,7,4.134653,4.106000,4.106000,4.106000,4.551982,2.302072,2.296008,5.442741,5.407531,18.406286,9292,2.675786
276857:ApriltagsCameraLog(1):,8,4.134653,4.750000,4.750000,4.750000,4.596633,2.285293,2.300265,5.394330,5.431127,18.234427,9292,2.654303
276875:ApriltagsCameraLog(1):,,,,,,5.074439,,2.290207,,5.406815,,,
276895:ApriltagsCameraLog(1):,7,4.596633,5.403000,5.403000,5.403000,5.214515,2.295514,2.290403,5.449025,5.407045,18.376030,9293,2.672004
276897:ApriltagsCameraLog(1):,8,4.596633,5.971000,5.971000,5.971000,5.289090,2.281015,2.294136,5.395747,5.435137,18.237198,9293,2.654650
276915:ApriltagsCameraLog(1):,7,5.289090,6.192000,6.192000,6.192000,5.333290,2.289566,2.285717,5.452296,5.409127,18.342074,9294,2.667759
276917:ApriltagsCameraLog(1):,8,5.289090,6.434000,6.434000,6.434000,5.418149,2.273161,2.288843,5.385856,5.438004,18.181072,9294,2.647634
276935:ApriltagsCameraLog(1):,,,,,,5.239107,,2.278245,,5.403634,,,
276955:ApriltagsCameraLog(1):,7,5.418149,5.996000,5.996000,5.996000,4.519503,2.286965,2.278251,5.441543,5.403635,18.326475,9295,2.665809
276957:ApriltagsCameraLog(1):,8,5.418149,6.244000,6.244000,6.244000,4.567789,2.272236,2.284017,5.375388,5.429009,18.161315,9295,2.645164
276975:ApriltagsCameraLog(1):,,,,,,4.122672,,2.276063,,5.393232,,,
276995:ApriltagsCameraLog(1):,7,4.567789,5.770000,5.770000,5.770000,3.845267,2.292066,2.276068,5.453355,5.393234,18.352528,9296,2.669066
276997:ApriltagsCameraLog(1):,8,4.567789,5.843000,5.843000,5.843000,3.935461,2.277654,2.287183,5.382468,5.433106,18.197645,9296,2.649706
277017:ApriltagsCameraLog(1):,7,3.935461,4.937000,4.937000,4.937000,3.258348,2.292447,2.279538,5.455355,5.398317,18.336588,9297,2.667074
277018:ApriltagsCameraLog(1):,8,3.935461,4.988000,4.988000,4.988000,3.334433,2.277739,2.287565,5.383072,5.435664,18.173780,9297,2.646722
277035:ApriltagsCameraLog(1):,,,,,,3.164199,,2.280802,,5.400925,,,
277055:ApriltagsCameraLog(1):,7,3.334433,4.252000,4.252000,4.252000,2.609389,2.295948,2.280809,5.466059,5.400926,18.340942,9298,2.667618
277057:ApriltagsCameraLog(1):,8,3.334433,4.284000,4.284000,4.284000,2.688886,2.277104,2.291683,5.392391,5.444861,18.153899,9298,2.644237
277075:ApriltagsCameraLog(1):,,,,,,2.151920,,2.281838,,5.410497,,,
277095:ApriltagsCameraLog(1):,7,2.688886,2.815000,2.815000,2.815000,1.542179,2.291292,2.281846,5.445606,5.410498,18.289657,9299,2.661207
277097:ApriltagsCameraLog(1):,8,2.688886,3.225000,3.225000,3.225000,1.533494,2.279601,2.287852,5.387428,5.433895,18.138415,9299,2.642302
277115:ApriltagsCameraLog(1):,7,1.533494,1.719000,1.719000,1.719000,0.561075,2.297693,2.281796,5.447073,5.402701,18.314158,9300,2.664270
277123:ApriltagsCameraLog(1):,8,1.533494,2.194000,2.194000,2.194000,0.540088,2.282123,2.292215,5.393787,5.432155,18.130542,9300,2.641318
277157:ApriltagsCameraLog(1):,7,0.540088,-0.064000,-0.064000,-0.064000,-0.824331,2.298563,2.284246,5.425240,5.404954,18.299778,9301,2.662472
277159:ApriltagsCameraLog(1):,8,0.540088,1.079000,1.079000,1.079000,-0.880044,2.278568,2.293031,5.399159,5.417523,18.070114,9301,2.633764
