14858:ApriltagsCameraLog(1):,tag,last yaw,cam yaw,calc yaw,update yaw, est yaw,x,est x,y,est y,adjust,frame,dist
14925:ApriltagsCameraLog(1):,7,-2.172821,-1.376000,-1.376000,-1.376000,-2.178314,1.345823,1.342894,5.409818,5.418567,10.992507,98003,1.749063
14934:ApriltagsCameraLog(1):,8,-2.172821,-1.513000,-1.513000,-1.513000,-2.178314,1.330503,1.342894,5.332146,5.418567,10.314618,98003,1.664327
14941:ApriltagsCameraLog(1):,15,-2.178314,-7.125000,-2.178314,-7.125000,-2.178314,1.353016,1.342894,5.455231,5.418567,41.749553,98000,2.984347
14958:ApriltagsCameraLog(1):,7,-2.178314,-1.368000,-1.368000,-1.368000,-2.181060,1.345843,1.342894,5.410011,5.418567,10.992507,98005,1.749063
14998:ApriltagsCameraLog(1):,8,-2.178314,-1.501000,-1.501000,-1.501000,-2.181060,1.330429,1.342894,5.332432,5.418567,10.314618,98005,1.664327
15002:ApriltagsCameraLog(1):,15,-2.181060,-7.089000,-2.181060,-7.089000,-2.181060,1.353062,1.342894,5.455389,5.418567,41.749553,98004,2.984347
15015:ApriltagsCameraLog(1):,7,-2.181060,-1.379000,-1.379000,-1.379000,-2.181060,1.345816,1.342894,5.409745,5.418567,10.992507,98009,1.749063
15018:ApriltagsCameraLog(1):,8,-2.181060,-1.507000,-1.507000,-1.507000,-2.181060,1.330466,1.342894,5.332289,5.418567,10.314618,98009,1.664327
15025:ApriltagsCameraLog(1):,15,-2.181060,-7.148000,-2.181060,-7.148000,-2.181060,1.353062,1.342894,5.455389,5.418567,41.749553,98005,2.984347
15041:ApriltagsCameraLog(1):,7,-2.181060,-1.384000,-1.384000,-1.384000,-2.181060,1.345804,1.342894,5.409624,5.418567,10.992507,98010,1.749063
15047:ApriltagsCameraLog(1):,8,-2.181060,-1.488000,-1.488000,-1.488000,-2.181060,1.330350,1.342894,5.332743,5.418567,10.314618,98010,1.664327
15051:ApriltagsCameraLog(1):,15,-2.181060,-7.162000,-2.181060,-7.162000,-2.181060,1.350524,1.342894,5.455486,5.418567,41.789435,98009,2.986840
15078:ApriltagsCameraLog(1):,7,-2.181060,-1.401000,-1.401000,-1.401000,-2.181060,1.345763,1.342894,5.409214,5.418567,10.992507,98016,1.749063
15083:ApriltagsCameraLog(1):,8,-2.181060,-1.486000,-1.486000,-1.486000,-2.181060,1.330338,1.342894,5.332791,5.418567,10.314618,98016,1.664327
15106:ApriltagsCameraLog(1):,15,-2.181060,-7.137000,-2.181060,-7.137000,-2.181060,1.353062,1.342894,5.455389,5.418567,41.749553,98015,2.984347
15116:ApriltagsCameraLog(1):,7,-2.181060,-1.366000,-1.366000,-1.366000,-2.181060,1.345847,1.342894,5.410059,5.418567,10.992507,98019,1.749063
15123:ApriltagsCameraLog(1):,8,-2.181060,-1.485000,-1.485000,-1.485000,-2.181060,1.330332,1.342894,5.332814,5.418567,10.314618,98019,1.664327
15138:ApriltagsCameraLog(1):,15,-2.181060,-7.118000,-2.181060,-7.118000,-2.181060,1.350524,1.342894,5.455486,5.418567,41.789435,98016,2.986840
15148:ApriltagsCameraLog(1):,7,-2.181060,-1.385000,-1.385000,-1.385000,-2.181060,1.345802,1.342894,5.409600,5.418567,10.992507,98020,1.749063
15151:ApriltagsCameraLog(1):,8,-2.181060,-1.486000,-1.486000,-1.486000,-2.181060,1.330338,1.342894,5.332791,5.418567,10.314618,98020,1.664327
15158:ApriltagsCameraLog(1):,15,-2.181060,-7.144000,-2.181060,-7.144000,-2.181060,1.350524,1.342894,5.455486,5.418567,41.789435,98017,2.986840
15173:ApriltagsCameraLog(1):,7,-2.181060,-1.400000,-1.400000,-1.400000,-2.181060,1.345765,1.342894,5.409238,5.418567,10.992507,98021,1.749063
15184:ApriltagsCameraLog(1):,8,-2.181060,-1.466000,-1.466000,-1.466000,-2.181060,1.330216,1.342894,5.333268,5.418567,10.314618,98021,1.664327
15194:ApriltagsCameraLog(1):,15,-2.181060,-7.115000,-2.181060,-7.115000,-2.181060,1.350524,1.342894,5.455486,5.418567,41.789435,98018,2.986840
15224:ApriltagsCameraLog(1):,7,-2.181060,-1.393000,-1.393000,-1.393000,-2.181060,1.345782,1.342894,5.409407,5.418567,10.992507,98023,1.749063
15228:ApriltagsCameraLog(1):,8,-2.181060,-1.479000,-1.479000,-1.479000,-2.181060,1.330295,1.342894,5.332958,5.418567,10.314618,98023,1.664327
15230:ApriltagsCameraLog(1):,15,-2.181060,-7.124000,-2.181060,-7.124000,-2.181060,1.350524,1.342894,5.455486,5.418567,41.789435,98020,2.986840
15245:ApriltagsCameraLog(1):,7,-2.181060,-1.403000,-1.403000,-1.403000,-2.178314,1.345758,1.342894,5.409165,5.418567,10.992507,98025,1.749063
15249:ApriltagsCameraLog(1):,8,-2.181060,-1.482000,-1.482000,-1.482000,-2.178314,1.330313,1.342894,5.332886,5.418567,10.314618,98025,1.664327
15253:ApriltagsCameraLog(1):,15,-2.178314,-7.080000,-2.178314,-7.080000,-2.178314,1.350478,1.342894,5.455328,5.418567,41.789435,98021,2.986840
15262:ApriltagsCameraLog(1):,7,-2.178314,-1.381000,-1.381000,-1.381000,-2.178314,1.345811,1.342894,5.409697,5.418567,10.992507,98027,1.749063
15269:ApriltagsCameraLog(1):,8,-2.178314,-1.499000,-1.499000,-1.499000,-2.178314,1.330417,1.342894,5.332480,5.418567,10.314618,98027,1.664327
15272:ApriltagsCameraLog(1):,15,-2.178314,-7.086000,-2.178314,-7.086000,-2.178314,1.353016,1.342894,5.455231,5.418567,41.749553,98023,2.984347
15282:ApriltagsCameraLog(1):,7,-2.178314,-1.356000,-1.356000,-1.356000,-2.178314,1.345871,1.342894,5.410301,5.418567,10.992507,98029,1.749063
15287:ApriltagsCameraLog(1):,8,-2.178314,-1.495000,-1.495000,-1.495000,-2.178314,1.330393,1.342894,5.332576,5.418567,10.314618,98029,1.664327
15292:ApriltagsCameraLog(1):,15,-2.178314,-7.083000,-2.178314,-7.083000,-2.178314,1.353016,1.342894,5.455231,5.418567,41.749553,98027,2.984347
15302:ApriltagsCameraLog(1):,7,-2.178314,-1.373000,-1.373000,-1.373000,-2.178314,1.345831,1.342894,5.409890,5.418567,10.992507,98031,1.749063
15307:ApriltagsCameraLog(1):,8,-2.178314,-1.469000,-1.469000,-1.469000,-2.178314,1.330234,1.342894,5.333197,5.418567,10.314618,98031,1.664327
15313:ApriltagsCameraLog(1):,15,-2.178314,-7.088000,-2.178314,-7.088000,-2.178314,1.353016,1.342894,5.455231,5.418567,41.749553,98029,2.984347
15322:ApriltagsCameraLog(1):,7,-2.178314,-1.399000,-1.399000,-1.399000,-2.178314,1.345768,1.342894,5.409262,5.418567,10.992507,98034,1.749063
15324:ApriltagsCameraLog(1):,8,-2.178314,-1.493000,-1.493000,-1.493000,-2.178314,1.330381,1.342894,5.332623,5.418567,10.314618,98034,1.664327
15333:ApriltagsCameraLog(1):,15,-2.178314,-7.093000,-2.178314,-7.093000,-2.181060,1.353016,1.342894,5.455231,5.418567,41.749553,98030,2.984347
15378:ApriltagsCameraLog(1):,7,-2.181060,-1.413000,-1.413000,-1.413000,-2.181060,1.345734,1.342894,5.408924,5.418567,10.992507,98036,1.749063
15381:ApriltagsCameraLog(1):,8,-2.181060,-1.482000,-1.482000,-1.482000,-2.181060,1.330313,1.342894,5.332886,5.418567,10.314618,98036,1.664327
15410:ApriltagsCameraLog(1):,15,-2.181060,-7.071000,-2.181060,-7.071000,-2.181060,1.353062,1.342894,5.455389,5.418567,41.749553,98032,2.984347
15432:ApriltagsCameraLog(1):,7,-2.181060,-1.392000,-1.392000,-1.392000,-2.181060,1.345785,1.342894,5.409431,5.418567,10.992507,98038,1.749063
15435:ApriltagsCameraLog(1):,8,-2.181060,-1.464000,-1.464000,-1.464000,-2.181060,1.330203,1.342894,5.333316,5.418567,10.314618,98038,1.664327
15440:ApriltagsCameraLog(1):,15,-2.181060,-7.109000,-2.181060,-7.109000,-2.178314,1.353062,1.342894,5.455389,5.418567,41.749553,98035,2.984347
15464:ApriltagsCameraLog(1):,7,-2.178314,-1.430000,-1.430000,-1.430000,-2.181060,1.345693,1.342894,5.408513,5.418567,10.992507,98040,1.749063
15466:ApriltagsCameraLog(1):,8,-2.178314,-1.470000,-1.470000,-1.470000,-2.181060,1.330240,1.342894,5.333173,5.418567,10.314618,98040,1.664327
15479:ApriltagsCameraLog(1):,15,-2.181060,-7.084000,-2.181060,-7.084000,-2.178314,1.353062,1.342894,5.455389,5.418567,41.749553,98036,2.984347
15511:ApriltagsCameraLog(1):,7,-2.178314,-1.413000,-1.413000,-1.413000,-2.181060,1.345734,1.342894,5.408924,5.418567,10.992507,98041,1.749063
15514:ApriltagsCameraLog(1):,8,-2.178314,-1.472000,-1.472000,-1.472000,-2.181060,1.330252,1.342894,5.333125,5.418567,10.314618,98041,1.664327
15517:ApriltagsCameraLog(1):,15,-2.181060,-7.064000,-2.181060,-7.064000,-2.181060,1.353062,1.342894,5.455389,5.418567,41.749553,98037,2.984347
15551:ApriltagsCameraLog(1):,7,-2.181060,-1.370000,-1.370000,-1.370000,-2.181060,1.345838,1.342894,5.409962,5.418567,10.992507,98042,1.749063
15554:ApriltagsCameraLog(1):,8,-2.181060,-1.457000,-1.457000,-1.457000,-2.181060,1.330161,1.342894,5.333483,5.418567,10.314618,98042,1.664327
15591:ApriltagsCameraLog(1):,15,-2.181060,-7.075000,-2.181060,-7.075000,-2.181060,1.353062,1.342894,5.455389,5.418567,41.749553,98038,2.984347
15632:ApriltagsCameraLog(1):,7,-2.181060,-1.395000,-1.395000,-1.395000,-2.181060,1.345777,1.342894,5.409359,5.418567,10.992507,98043,1.749063
15634:ApriltagsCameraLog(1):,8,-2.181060,-1.460000,-1.460000,-1.460000,-2.181060,1.330179,1.342894,5.333412,5.418567,10.314618,98043,1.664327
15637:ApriltagsCameraLog(1):,15,-2.181060,-7.097000,-2.181060,-7.097000,-2.181060,1.353062,1.342894,5.455389,5.418567,41.749553,98040,2.984347
15671:ApriltagsCameraLog(1):,7,-2.181060,-1.389000,-1.389000,-1.389000,-2.186554,1.345792,1.342894,5.409504,5.418567,10.992507,98046,1.749063
15674:ApriltagsCameraLog(1):,8,-2.181060,-1.466000,-1.466000,-1.466000,-2.186554,1.330216,1.342894,5.333268,5.418567,10.314618,98046,1.664327
15676:ApriltagsCameraLog(1):,15,-2.186554,-7.059000,-2.186554,-7.059000,-2.186554,1.353154,1.342894,5.455704,5.418567,41.749553,98042,2.984347
15694:ApriltagsCameraLog(1):,7,-2.186554,-1.416000,-1.416000,-1.416000,-2.186554,1.345727,1.342894,5.408851,5.418567,10.992507,98047,1.749063
15697:ApriltagsCameraLog(1):,8,-2.186554,-1.473000,-1.473000,-1.473000,-2.186554,1.330258,1.342894,5.333101,5.418567,10.314618,98047,1.664327
15711:ApriltagsCameraLog(1):,15,-2.186554,-7.092000,-2.186554,-7.092000,-2.183807,1.353154,1.342894,5.455704,5.418567,41.749553,98043,2.984347
15732:ApriltagsCameraLog(1):,7,-2.183807,-1.427000,-1.427000,-1.427000,-2.183807,1.343161,1.342894,5.408649,5.418567,10.972855,98048,1.746607
15735:ApriltagsCameraLog(1):,8,-2.183807,-1.477000,-1.477000,-1.477000,-2.183807,1.330283,1.342894,5.333006,5.418567,10.314618,98048,1.664327
15770:ApriltagsCameraLog(1):,15,-2.183807,-7.120000,-2.183807,-7.120000,-2.183807,1.353108,1.342894,5.455547,5.418567,41.749553,98044,2.984347
15811:ApriltagsCameraLog(1):,7,-2.183807,-1.403000,-1.403000,-1.403000,-2.186554,1.345758,1.342894,5.409165,5.418567,10.992507,98049,1.749063
15814:ApriltagsCameraLog(1):,8,-2.183807,-1.457000,-1.457000,-1.457000,-2.186554,1.330161,1.342894,5.333483,5.418567,10.314618,98049,1.664327
15831:ApriltagsCameraLog(1):,15,-2.186554,-7.114000,-2.186554,-7.114000,-2.186554,1.353154,1.342894,5.455704,5.418567,41.749553,98046,2.984347
15850:ApriltagsCameraLog(1):,7,-2.186554,-1.394000,-1.394000,-1.394000,-2.186554,1.345780,1.342894,5.409383,5.418567,10.992507,98051,1.749063
15853:ApriltagsCameraLog(1):,8,-2.186554,-1.481000,-1.481000,-1.481000,-2.186554,1.330307,1.342894,5.332910,5.418567,10.314618,98051,1.664327
15870:ApriltagsCameraLog(1):,15,-2.186554,-7.118000,-2.186554,-7.118000,-2.186554,1.353154,1.342894,5.455704,5.418567,41.749553,98048,2.984347
15891:ApriltagsCameraLog(1):,7,-2.186554,-1.391000,-1.391000,-1.391000,-2.186554,1.345787,1.342894,5.409455,5.418567,10.992507,98052,1.749063
15894:ApriltagsCameraLog(1):,8,-2.186554,-1.474000,-1.474000,-1.474000,-2.186554,1.330265,1.342894,5.333077,5.418567,10.314618,98052,1.664327
15897:ApriltagsCameraLog(1):,15,-2.186554,-7.114000,-2.186554,-7.114000,-2.186554,1.353154,1.342894,5.455704,5.418567,41.749553,98049,2.984347
15930:ApriltagsCameraLog(1):,7,-2.186554,-1.396000,-1.396000,-1.396000,-2.186554,1.345775,1.342894,5.409334,5.418567,10.992507,98054,1.749063
15932:ApriltagsCameraLog(1):,8,-2.186554,-1.477000,-1.477000,-1.477000,-2.186554,1.330283,1.342894,5.333006,5.418567,10.314618,98054,1.664327
15951:ApriltagsCameraLog(1):,15,-2.186554,-7.112000,-2.186554,-7.112000,-2.186554,1.353154,1.342894,5.455704,5.418567,41.749553,98050,2.984347
15990:ApriltagsCameraLog(1):,7,-2.186554,-1.409000,-1.409000,-1.409000,-2.189300,1.345744,1.342894,5.409020,5.418567,10.992507,98055,1.749063
15993:ApriltagsCameraLog(1):,8,-2.186554,-1.469000,-1.469000,-1.469000,-2.189300,1.330234,1.342894,5.333197,5.418567,10.314618,98055,1.664327
16031:ApriltagsCameraLog(1):,15,-2.189300,-7.125000,-2.189300,-7.125000,-2.186554,1.353200,1.342894,5.455862,5.418567,41.749553,98051,2.984347
16051:ApriltagsCameraLog(1):,7,-2.186554,-1.363000,-1.363000,-1.363000,-2.186554,1.345855,1.342894,5.410132,5.418567,10.992507,98057,1.749063
16053:ApriltagsCameraLog(1):,8,-2.186554,-1.491000,-1.491000,-1.491000,-2.186554,1.330368,1.342894,5.332671,5.418567,10.314618,98057,1.664327
16072:ApriltagsCameraLog(1):,15,-2.186554,-7.121000,-2.186554,-7.121000,-2.186554,1.350616,1.342894,5.455801,5.418567,41.789435,98053,2.986840
16091:ApriltagsCameraLog(1):,7,-2.186554,-1.396000,-1.396000,-1.396000,-2.186554,1.345775,1.342894,5.409334,5.418567,10.992507,98058,1.749063
16093:ApriltagsCameraLog(1):,8,-2.186554,-1.501000,-1.501000,-1.501000,-2.186554,1.330429,1.342894,5.332432,5.418567,10.314618,98058,1.664327
16095:ApriltagsCameraLog(1):,15,-2.186554,-7.101000,-2.186554,-7.101000,-2.186554,1.353154,1.342894,5.455704,5.418567,41.749553,98055,2.984347
16112:ApriltagsCameraLog(1):,7,-2.186554,-1.402000,-1.402000,-1.402000,-2.186554,1.345761,1.342894,5.409190,5.418567,10.992507,98059,1.749063
16114:ApriltagsCameraLog(1):,8,-2.186554,-1.472000,-1.472000,-1.472000,-2.186554,1.330252,1.342894,5.333125,5.418567,10.314618,98059,1.664327
16131:ApriltagsCameraLog(1):,15,-2.186554,-7.126000,-2.186554,-7.126000,-2.189300,1.353154,1.342894,5.455704,5.418567,41.749553,98056,2.984347
16171:ApriltagsCameraLog(1):,7,-2.186554,-1.390000,-1.390000,-1.390000,-2.189300,1.345790,1.342894,5.409479,5.418567,10.992507,98060,1.749063
16174:ApriltagsCameraLog(1):,8,-2.186554,-1.493000,-1.493000,-1.493000,-2.189300,1.330381,1.342894,5.332623,5.418567,10.314618,98060,1.664327
16191:ApriltagsCameraLog(1):,15,-2.189300,-7.117000,-2.189300,-7.117000,-2.189300,1.353200,1.342894,5.455862,5.418567,41.749553,98057,2.984347
16231:ApriltagsCameraLog(1):,7,-2.189300,-1.374000,-1.374000,-1.374000,-2.189300,1.345828,1.342894,5.409866,5.418567,10.992507,98062,1.749063
16233:ApriltagsCameraLog(1):,8,-2.189300,-1.487000,-1.487000,-1.487000,-2.189300,1.330344,1.342894,5.332767,5.418567,10.314618,98062,1.664327
16250:ApriltagsCameraLog(1):,15,-2.189300,-7.102000,-2.189300,-7.102000,-2.192047,1.353200,1.342894,5.455862,5.418567,41.749553,98059,2.984347
16270:ApriltagsCameraLog(1):,7,-2.192047,-1.383000,-1.383000,-1.383000,-2.189300,1.345806,1.342894,5.409648,5.418567,10.992507,98064,1.749063
16273:ApriltagsCameraLog(1):,8,-2.192047,-1.479000,-1.479000,-1.479000,-2.189300,1.330295,1.342894,5.332958,5.418567,10.314618,98064,1.664327
16291:ApriltagsCameraLog(1):,15,-2.189300,-7.130000,-2.189300,-7.130000,-2.189300,1.353200,1.342894,5.455862,5.418567,41.749553,98060,2.984347
16312:ApriltagsCameraLog(1):,7,-2.189300,-1.373000,-1.373000,-1.373000,-2.189300,1.345831,1.342894,5.409890,5.418567,10.992507,98065,1.749063
16314:ApriltagsCameraLog(1):,8,-2.189300,-1.461000,-1.461000,-1.461000,-2.189300,1.330185,1.342894,5.333388,5.418567,10.314618,98065,1.664327
16317:ApriltagsCameraLog(1):,15,-2.189300,-7.105000,-2.189300,-7.105000,-2.189300,1.350662,1.342894,5.455959,5.418567,41.789435,98061,2.986840
16350:ApriltagsCameraLog(1):,7,-2.189300,-1.389000,-1.389000,-1.389000,-2.186554,1.345792,1.342894,5.409504,5.418567,10.992507,98066,1.749063
16353:ApriltagsCameraLog(1):,8,-2.189300,-1.487000,-1.487000,-1.487000,-2.186554,1.330344,1.342894,5.332767,5.418567,10.314618,98066,1.664327
16370:ApriltagsCameraLog(1):,15,-2.186554,-7.078000,-2.186554,-7.078000,-2.189300,1.353154,1.342894,5.455704,5.418567,41.749553,98062,2.984347
16411:ApriltagsCameraLog(1):,7,-2.189300,-1.390000,-1.390000,-1.390000,-2.186554,1.345790,1.342894,5.409479,5.418567,10.992507,98067,1.749063
16413:ApriltagsCameraLog(1):,8,-2.189300,-1.490000,-1.490000,-1.490000,-2.186554,1.330362,1.342894,5.332695,5.418567,10.314618,98067,1.664327
16450:ApriltagsCameraLog(1):,15,-2.186554,-7.096000,-2.186554,-7.096000,-2.186554,1.353154,1.342894,5.455704,5.418567,41.749553,98064,2.984347
16474:ApriltagsCameraLog(1):,7,-2.186554,-1.341000,-1.341000,-1.341000,0.013733,1.345907,1.400000,5.410663,5.400000,10.992507,98069,1.749063
16476:ApriltagsCameraLog(1):,8,-2.186554,-1.486000,-1.486000,-1.486000,0.013733,1.330338,1.400000,5.332791,5.400000,10.314618,98069,1.664327
16490:ApriltagsCameraLog(1):,15,0.013733,-7.086000,0.013733,-7.086000,0.013733,1.318822,1.400000,5.328756,5.400000,41.749553,98066,2.984347
16510:ApriltagsCameraLog(1):,7,0.013733,-1.403000,-1.403000,-1.403000,0.013733,1.345758,1.400000,5.409165,5.400000,10.992507,98071,1.749063
16513:ApriltagsCameraLog(1):,8,0.013733,-1.474000,-1.474000,-1.474000,0.013733,1.330265,1.400000,5.333077,5.400000,10.314618,98071,1.664327
16515:ApriltagsCameraLog(1):,15,0.013733,-7.095000,0.013733,-7.095000,0.013733,1.318822,1.400000,5.328756,5.400000,41.749553,98067,2.984347
16530:ApriltagsCameraLog(1):,7,0.013733,-1.387000,-1.387000,-1.387000,0.013733,1.345797,1.400000,5.409552,5.400000,10.992507,98072,1.749063
16532:ApriltagsCameraLog(1):,8,0.013733,-1.485000,-1.485000,-1.485000,0.013733,1.330332,1.400000,5.332814,5.400000,10.314618,98072,1.664327
16570:ApriltagsCameraLog(1):,15,0.013733,-7.094000,0.013733,-7.094000,0.013733,1.316282,1.400000,5.328755,5.400000,41.789435,98068,2.986840
16610:ApriltagsCameraLog(1):,7,0.013733,-1.384000,-1.384000,-1.384000,0.013733,1.345804,1.400000,5.409624,5.400000,10.992507,98073,1.749063
16617:ApriltagsCameraLog(1):,8,0.013733,-1.485000,-1.485000,-1.485000,0.013733,1.330332,1.400000,5.332814,5.400000,10.314618,98073,1.664327
16630:ApriltagsCameraLog(1):,15,0.013733,-7.091000,0.013733,-7.091000,0.013733,1.316282,1.400000,5.328755,5.400000,41.789435,98070,2.986840
16650:ApriltagsCameraLog(1):,7,0.013733,-1.395000,-1.395000,-1.395000,0.016479,1.345777,1.400000,5.409359,5.400000,10.992507,98075,1.749063
16652:ApriltagsCameraLog(1):,8,0.013733,-1.541000,-1.541000,-1.541000,0.016479,1.330605,1.400000,5.328938,5.400000,10.314075,98075,1.664259
16671:ApriltagsCameraLog(1):,15,0.016479,-7.084000,0.016479,-7.084000,0.019226,1.313702,1.400000,5.328595,5.400000,41.829318,98072,2.989332
16690:ApriltagsCameraLog(1):,7,0.016479,-1.353000,-1.353000,-1.353000,0.013733,1.345879,1.400000,5.410373,5.400000,10.992507,98076,1.749063
16692:ApriltagsCameraLog(1):,8,0.016479,-1.407000,-1.407000,-1.407000,0.013733,1.329792,1.400000,5.332138,5.400000,10.314075,98076,1.664259
16694:ApriltagsCameraLog(1):,15,0.013733,-7.029000,0.013733,-7.029000,0.013733,1.316283,1.400000,5.326215,5.400000,41.781641,98073,2.986353
16730:ApriltagsCameraLog(1):,7,0.013733,-1.375000,-1.375000,-1.375000,0.016479,1.345826,1.400000,5.409842,5.400000,10.992507,98077,1.749063
16732:ApriltagsCameraLog(1):,8,0.013733,-1.397000,-1.397000,-1.397000,0.016479,1.329731,1.400000,5.332377,5.400000,10.314075,98077,1.664259
16750:ApriltagsCameraLog(1):,15,0.016479,-7.171000,0.016479,-7.171000,0.016479,1.311162,1.400000,5.328594,5.400000,41.869202,98074,2.991825
16791:ApriltagsCameraLog(1):,7,0.016479,-1.352000,-1.352000,-1.352000,0.016479,1.345881,1.400000,5.410397,5.400000,10.992507,98079,1.749063
16793:ApriltagsCameraLog(1):,8,0.016479,-1.391000,-1.391000,-1.391000,0.016479,1.329694,1.400000,5.332520,5.400000,10.314075,98079,1.664259
16830:ApriltagsCameraLog(1):,15,0.016479,-7.022000,0.016479,-7.022000,0.016479,1.316243,1.400000,5.326056,5.400000,41.781641,98075,2.986353
16850:ApriltagsCameraLog(1):,7,0.016479,-1.336000,-1.336000,-1.336000,0.016479,1.345919,1.400000,5.410784,5.400000,10.992507,98081,1.749063
16852:ApriltagsCameraLog(1):,8,0.016479,-1.411000,-1.411000,-1.411000,0.016479,1.329816,1.400000,5.332042,5.400000,10.314075,98081,1.664259
16853:ApriltagsCameraLog(1):,15,0.016479,-7.244000,0.016479,-7.244000,0.016479,1.313703,1.400000,5.326055,5.400000,41.821530,98077,2.988846
16870:ApriltagsCameraLog(1):,7,0.016479,-1.352000,-1.352000,-1.352000,0.010986,1.345881,1.400000,5.410397,5.400000,10.992507,98082,1.749063
16872:ApriltagsCameraLog(1):,8,0.016479,-1.481000,-1.481000,-1.481000,0.010986,1.330242,1.400000,5.330371,5.400000,10.314075,98082,1.664259
16891:ApriltagsCameraLog(1):,15,0.010986,-7.224000,0.010986,-7.224000,0.013733,1.308703,1.400000,5.323833,5.400000,41.893572,98078,2.993348
16910:ApriltagsCameraLog(1):,7,0.013733,-1.416000,-1.416000,-1.416000,0.013733,1.345727,1.400000,5.408851,5.400000,10.992507,98083,1.749063
16912:ApriltagsCameraLog(1):,8,0.013733,-1.401000,-1.401000,-1.401000,0.013733,1.329755,1.400000,5.332281,5.400000,10.314075,98083,1.664259
16930:ApriltagsCameraLog(1):,15,0.013733,-7.253000,0.013733,-7.253000,0.016479,1.306124,1.400000,5.321133,5.400000,41.925770,98080,2.995361
16970:ApriltagsCameraLog(1):,7,0.013733,-1.310000,-1.310000,-1.310000,0.013733,1.345981,1.400000,5.411412,5.400000,10.992507,98084,1.749063
16972:ApriltagsCameraLog(1):,8,0.013733,-1.363000,-1.363000,-1.363000,0.013733,1.332062,1.400000,5.333128,5.400000,10.334388,98084,1.666799
17011:ApriltagsCameraLog(1):,15,0.013733,-7.043000,0.013733,-7.043000,0.013733,1.313744,1.400000,5.321135,5.400000,41.806055,98081,2.987878
17030:ApriltagsCameraLog(1):,7,0.013733,-1.301000,-1.301000,-1.301000,0.013733,1.345945,1.400000,5.409090,5.400000,10.997685,98086,1.749711
17032:ApriltagsCameraLog(1):,8,0.013733,-1.485000,-1.485000,-1.485000,0.013733,1.332805,1.400000,5.330209,5.400000,10.334388,98086,1.666799
17050:ApriltagsCameraLog(1):,15,0.013733,-7.398000,0.013733,-7.398000,0.013733,1.321364,1.400000,5.321136,5.400000,41.686352,98083,2.980397
17070:ApriltagsCameraLog(1):,7,0.013733,-1.424000,-1.424000,-1.424000,0.010986,1.345707,1.400000,5.408658,5.400000,10.992507,98088,1.749063
17072:ApriltagsCameraLog(1):,8,0.013733,-1.355000,-1.355000,-1.355000,0.010986,1.329474,1.400000,5.333379,5.400000,10.314075,98088,1.664259
17091:ApriltagsCameraLog(1):,15,0.010986,-7.950000,0.010986,-7.950000,0.010986,1.311243,1.400000,5.323834,5.400000,41.853673,98084,2.990855
17111:ApriltagsCameraLog(1):,7,0.010986,-1.332000,-1.332000,-1.332000,0.010986,1.345929,1.400000,5.410880,5.400000,10.992507,98089,1.749063
17112:ApriltagsCameraLog(1):,8,0.010986,-1.462000,-1.462000,-1.462000,0.010986,1.330126,1.400000,5.330825,5.400000,10.314075,98089,1.664259
17114:ApriltagsCameraLog(1):,15,0.010986,-7.197000,0.010986,-7.197000,0.010986,1.321403,1.400000,5.321296,5.400000,41.686352,98085,2.980397
17150:ApriltagsCameraLog(1):,7,0.010986,-1.359000,-1.359000,-1.359000,0.008240,1.345864,1.400000,5.410228,5.400000,10.992507,98090,1.749063
17152:ApriltagsCameraLog(1):,8,0.010986,-1.572000,-1.572000,-1.572000,0.008240,1.330792,1.400000,5.328197,5.400000,10.314075,98090,1.664259
17170:ApriltagsCameraLog(1):,15,0.008240,-7.175000,0.008240,-7.175000,0.010986,1.311283,1.400000,5.323993,5.400000,41.853673,98086,2.990855
17210:ApriltagsCameraLog(1):,7,0.010986,-1.406000,-1.406000,-1.406000,0.008240,1.345751,1.400000,5.409093,5.400000,10.992507,98091,1.749063
17213:ApriltagsCameraLog(1):,8,0.010986,-1.420000,-1.420000,-1.420000,0.008240,1.332410,1.400000,5.331764,5.400000,10.334388,98091,1.666799
17230:ApriltagsCameraLog(1):,15,0.008240,-7.115000,0.008240,-7.115000,0.010986,1.318902,1.400000,5.326534,5.400000,41.741753,98088,2.983860
17250:ApriltagsCameraLog(1):,7,0.010986,-1.375000,-1.375000,-1.375000,0.005493,1.345826,1.400000,5.409842,5.400000,10.992507,98093,1.749063
17252:ApriltagsCameraLog(1):,8,0.010986,-1.546000,-1.546000,-1.546000,0.005493,1.330704,1.400000,5.331357,5.400000,10.314618,98093,1.664327
17270:ApriltagsCameraLog(1):,7,0.005493,-1.341000,-1.341000,-1.341000,0.005493,1.345907,1.400000,5.410663,5.400000,10.992507,98095,1.749063
17272:ApriltagsCameraLog(1):,8,0.005493,-1.570000,-1.570000,-1.570000,0.005493,1.330850,1.400000,5.330784,5.400000,10.314618,98095,1.664327
17290:ApriltagsCameraLog(1):,15,0.005493,-7.430000,0.005493,-7.430000,0.005493,1.316402,1.400000,5.321613,5.400000,41.766153,98090,2.985385
17310:ApriltagsCameraLog(1):,7,0.005493,-1.381000,-1.381000,-1.381000,0.005493,1.345750,1.400000,5.407157,5.400000,10.997685,98096,1.749711
17313:ApriltagsCameraLog(1):,8,0.005493,-1.427000,-1.427000,-1.427000,0.005493,1.332453,1.400000,5.331597,5.400000,10.334388,98096,1.666799
17330:ApriltagsCameraLog(1):,15,0.005493,-7.259000,0.005493,-7.259000,0.005493,1.316402,1.400000,5.324153,5.400000,41.773880,98092,2.985868
17370:ApriltagsCameraLog(1):,7,0.005493,-1.564000,-1.564000,-1.564000,0.005493,1.347833,1.400000,5.402669,5.400000,11.017332,98097,1.752166
17372:ApriltagsCameraLog(1):,8,0.005493,-1.566000,-1.566000,-1.566000,0.005493,1.338373,1.400000,5.328132,5.400000,10.375014,98097,1.671877
17390:ApriltagsCameraLog(1):,,,,,,0.005493,,1.400000,,5.400000,,,
17430:ApriltagsCameraLog(1):,7,0.005493,-1.538000,-1.538000,-1.538000,0.005493,1.352977,1.400000,5.403162,5.400000,11.056631,98098,1.757079
17432:ApriltagsCameraLog(1):,8,0.005493,-1.644000,-1.644000,-1.644000,0.005493,1.341454,1.400000,5.328724,5.400000,10.395867,98098,1.674483
17450:ApriltagsCameraLog(1):,,,,,,0.005493,,1.400000,,5.400000,,,
17470:ApriltagsCameraLog(1):,7,0.005493,-1.747000,-1.747000,-1.747000,0.002747,1.354978,1.400000,5.398011,5.400000,11.076283,98100,1.759535
17474:ApriltagsCameraLog(1):,8,0.005493,-1.465000,-1.465000,-1.465000,0.002747,1.345445,1.400000,5.332902,5.400000,10.436492,98100,1.679561
17490:ApriltagsCameraLog(1):,7,0.002747,-1.791000,-1.791000,-1.791000,0.002747,1.352324,1.400000,5.397020,5.400000,11.056631,98101,1.757079
17492:ApriltagsCameraLog(1):,8,0.002747,-1.608000,-1.608000,-1.608000,0.002747,1.343775,1.400000,5.329520,5.400000,10.416179,98101,1.677022
17511:ApriltagsCameraLog(1):,15,0.002747,-6.864000,0.002747,-6.864000,0.002747,1.326602,1.400000,5.324313,5.400000,41.614309,98097,2.975894
17530:ApriltagsCameraLog(1):,7,0.002747,-1.368000,-1.368000,-1.368000,0.002747,1.348321,1.400000,5.407411,5.400000,11.017332,98102,1.752166
17532:ApriltagsCameraLog(1):,8,0.002747,-1.458000,-1.458000,-1.458000,0.002747,1.335180,1.400000,5.330791,5.400000,10.354701,98102,1.669338
17549:ApriltagsCameraLog(1):,,,,,,0.005493,,1.400000,,5.400000,,,
17590:ApriltagsCameraLog(1):,7,0.002747,-1.764000,-1.764000,-1.764000,0.002747,1.354934,1.400000,5.397597,5.400000,11.076283,98103,1.759535
17592:ApriltagsCameraLog(1):,8,0.002747,-1.611000,-1.611000,-1.611000,0.002747,1.346332,1.400000,5.329376,5.400000,10.436492,98103,1.679561
17610:ApriltagsCameraLog(1):,,,,,,0.002747,,1.400000,,5.400000,,,
17650:ApriltagsCameraLog(1):,7,0.002747,-1.743000,-1.743000,-1.743000,0.000000,1.349988,1.400000,5.400801,5.400000,11.031817,98105,1.753977
17652:ApriltagsCameraLog(1):,8,0.002747,-1.490000,-1.490000,-1.490000,0.000000,1.340519,1.400000,5.332431,5.400000,10.395867,98105,1.674483
17671:ApriltagsCameraLog(1):,7,0.000000,-1.616000,-1.616000,-1.616000,0.000000,1.347700,1.400000,5.401411,5.400000,11.017332,98106,1.752166
17672:ApriltagsCameraLog(1):,8,0.000000,-1.436000,-1.436000,-1.436000,0.000000,1.337586,1.400000,5.331254,5.400000,10.375014,98106,1.671877
17689:ApriltagsCameraLog(1):,,,,,,0.000000,,1.400000,,5.400000,,,
17710:ApriltagsCameraLog(1):,7,0.000000,-1.352000,-1.352000,-1.352000,0.000000,1.348360,1.400000,5.407798,5.400000,11.017332,98107,1.752166
17713:ApriltagsCameraLog(1):,8,0.000000,-1.427000,-1.427000,-1.427000,0.000000,1.334992,1.400000,5.331534,5.400000,10.354701,98107,1.669338
17730:ApriltagsCameraLog(1):,15,0.000000,-7.107000,0.000000,-7.107000,0.000000,1.324101,1.400000,5.327012,5.400000,41.661980,98104,2.978874
17770:ApriltagsCameraLog(1):,7,0.000000,-1.399000,-1.399000,-1.399000,0.000000,1.348245,1.400000,5.406661,5.400000,11.017332,98108,1.752166
17772:ApriltagsCameraLog(1):,8,0.000000,-1.478000,-1.478000,-1.478000,0.000000,1.335302,1.400000,5.330311,5.400000,10.354701,98108,1.669338
17790:ApriltagsCameraLog(1):,15,0.000000,-7.240000,0.000000,-7.240000,0.000000,1.316481,1.400000,5.321932,5.400000,41.766153,98105,2.985385
17830:ApriltagsCameraLog(1):,7,0.000000,-1.663000,-1.663000,-1.663000,0.000000,1.352584,1.400000,5.397588,5.400000,11.061814,98110,1.757727
17832:ApriltagsCameraLog(1):,8,0.000000,-1.558000,-1.558000,-1.558000,0.000000,1.345942,1.400000,5.328117,5.400000,10.435954,98110,1.679494
17850:ApriltagsCameraLog(1):,15,0.000000,-7.308000,0.000000,-7.308000,0.000000,1.313941,1.400000,5.327012,5.400000,41.821530,98106,2.988846
17890:ApriltagsCameraLog(1):,7,0.000000,-1.757000,-1.757000,-1.757000,0.000000,1.352413,1.400000,5.397846,5.400000,11.056631,98112,1.757079
17892:ApriltagsCameraLog(1):,8,0.000000,-1.530000,-1.530000,-1.530000,0.000000,1.343234,1.400000,5.328861,5.400000,10.415641,98112,1.676955
17930:ApriltagsCameraLog(1):,15,0.000000,-7.276000,0.000000,-7.276000,-0.002747,1.316481,1.400000,5.321932,5.400000,41.766153,98108,2.985385
17950:ApriltagsCameraLog(1):,7,-0.002747,-1.700000,-1.700000,-1.700000,0.000000,1.355025,1.400000,5.396615,5.400000,11.081459,98114,1.760182
17953:ApriltagsCameraLog(1):,8,-0.002747,-1.576000,-1.576000,-1.576000,0.000000,1.346050,1.400000,5.327682,5.400000,10.435954,98114,1.679494
17970:ApriltagsCameraLog(1):,,,,,,-0.002747,,1.400302,,5.400008,,,
17990:ApriltagsCameraLog(1):,7,0.000000,-1.393000,-1.393000,-1.393000,-0.005493,1.348260,1.400302,5.406806,5.400008,11.017332,98116,1.752166
17992:ApriltagsCameraLog(1):,8,0.000000,-1.419000,-1.419000,-1.419000,-0.005493,1.334943,1.400302,5.331726,5.400008,10.354701,98116,1.669338
17994:ApriltagsCameraLog(1):,15,-0.005493,-7.309000,-0.005493,-7.309000,-0.005493,1.321640,1.400302,5.319710,5.400008,41.678645,98112,2.979915
18010:ApriltagsCameraLog(1):,8,-0.005493,-1.505000,-1.505000,-1.505000,-0.005493,1.332993,1.400302,5.332270,5.400008,10.334930,98117,1.666866
18030:ApriltagsCameraLog(1):,15,-0.005493,-7.491000,-0.005493,-7.491000,0.000000,1.321640,1.400302,5.319710,5.400008,41.678645,98113,2.979915
18050:ApriltagsCameraLog(1):,8,0.000000,-1.421000,-1.421000,-1.421000,0.000000,1.332416,1.400302,5.331741,5.400008,10.334388,98118,1.666799
18070:ApriltagsCameraLog(1):,15,0.000000,-7.832000,0.000000,-7.832000,-0.005493,1.273301,1.399697,5.334632,5.399992,42.483085,98114,3.030193
18130:ApriltagsCameraLog(1):,7,-0.005493,-1.427000,-1.427000,-1.427000,-0.010986,1.350715,1.400000,5.405920,5.400000,11.036980,98119,1.754623
18132:ApriltagsCameraLog(1):,8,-0.005493,-1.410000,-1.410000,-1.410000,-0.010986,1.334951,1.400000,5.334480,5.400000,10.355242,98119,1.669405
18150:ApriltagsCameraLog(1):,15,-0.010986,-7.461000,-0.010986,-7.461000,-0.010986,1.336958,1.400000,5.317486,5.400000,41.431521,98115,2.964470
18190:ApriltagsCameraLog(1):,7,-0.010986,-1.472000,-1.472000,-1.472000,-0.008240,1.353142,1.400000,5.404764,5.400000,11.056631,98121,1.757079
18191:ApriltagsCameraLog(1):,8,-0.010986,-1.557000,-1.557000,-1.557000,-0.008240,1.338388,1.400000,5.330888,5.400000,10.375555,98121,1.671944
18210:ApriltagsCameraLog(1):,15,-0.008240,-7.038000,-0.008240,-7.038000,-0.008240,1.316600,1.400000,5.327490,5.400000,41.781641,98117,2.986353
18250:ApriltagsCameraLog(1):,7,-0.008240,-1.368000,-1.368000,-1.368000,-0.010986,1.348321,1.400000,5.407411,5.400000,11.017332,98122,1.752166
18258:ApriltagsCameraLog(1):,8,-0.008240,-1.408000,-1.408000,-1.408000,-0.010986,1.334876,1.400000,5.331989,5.400000,10.354701,98122,1.669338
18270:ApriltagsCameraLog(1):,15,-0.010986,-7.131000,-0.010986,-7.131000,-0.010986,1.314100,1.400000,5.327650,5.400000,41.821530,98119,2.988846
18290:ApriltagsCameraLog(1):,7,-0.010986,-1.451000,-1.451000,-1.451000,-0.010986,1.348181,1.400000,5.407942,5.400000,11.012161,98125,1.751520
18292:ApriltagsCameraLog(1):,8,-0.010986,-1.539000,-1.539000,-1.539000,-0.010986,1.335739,1.400000,5.331388,5.400000,10.355242,98125,1.669405
18312:ApriltagsCameraLog(1):,15,-0.010986,-7.095000,-0.010986,-7.095000,-0.010986,1.331880,1.400000,5.327647,5.400000,41.542331,98121,2.971396
18330:ApriltagsCameraLog(1):,7,-0.010986,-1.599000,-1.599000,-1.599000,-0.016479,1.347815,1.400000,5.404361,5.400000,11.012161,98126,1.751520
18331:ApriltagsCameraLog(1):,8,-0.010986,-1.560000,-1.560000,-1.560000,-0.016479,1.335867,1.400000,5.330885,5.400000,10.355242,98126,1.669405
18350:ApriltagsCameraLog(1):,7,-0.016479,-1.335000,-1.335000,-1.335000,-0.016479,1.348402,1.400000,5.408209,5.400000,11.017332,98127,1.752166
18352:ApriltagsCameraLog(1):,8,-0.016479,-1.435000,-1.435000,-1.435000,-0.016479,1.332501,1.400000,5.331406,5.400000,10.334388,98127,1.666799
18390:ApriltagsCameraLog(1):,15,-0.016479,-7.177000,-0.016479,-7.177000,-0.016479,1.311639,1.400000,5.325430,5.400000,41.853673,98123,2.990855
18465:ApriltagsCameraLog(1):,7,-0.016479,-1.403000,-1.403000,-1.403000,-0.016479,1.345758,1.400000,5.409165,5.400000,10.992507,98128,1.749063
18467:ApriltagsCameraLog(1):,8,-0.016479,-1.651000,-1.651000,-1.651000,-0.016479,1.333879,1.400000,5.328775,5.400000,10.334930,98128,1.666866
18491:ApriltagsCameraLog(1):,7,-0.016479,-1.292000,-1.292000,-1.292000,-0.016479,1.348506,1.399697,5.409250,5.399992,11.017332,98130,1.752166
18493:ApriltagsCameraLog(1):,8,-0.016479,-1.540000,-1.540000,-1.540000,-0.016479,1.335677,1.399697,5.328825,5.399992,10.354701,98130,1.669338
18531:ApriltagsCameraLog(1):,7,-0.016479,-1.467000,-1.467000,-1.467000,0.046692,1.348142,1.398487,5.407555,5.399964,11.012161,98131,1.751520
18533:ApriltagsCameraLog(1):,8,-0.016479,-1.698000,-1.698000,-1.698000,0.046692,1.336702,1.398487,5.327574,5.399964,10.355242,98131,1.669405
18551:ApriltagsCameraLog(1):,7,0.046692,-1.384000,-1.384000,-1.384000,0.186768,1.350883,1.398179,5.409502,5.400005,11.031817,98132,1.753977
18553:ApriltagsCameraLog(1):,8,0.046692,-1.577000,-1.577000,-1.577000,0.186768,1.335970,1.398179,5.330477,5.400005,10.355242,98132,1.669405
18610:ApriltagsCameraLog(1):,7,0.186768,-1.282000,-1.282000,-1.282000,2.150574,1.348531,1.403566,5.409492,5.397544,11.017332,98133,1.752166
18612:ApriltagsCameraLog(1):,8,0.186768,-1.448000,-1.448000,-1.448000,2.150574,1.332580,1.403566,5.331095,5.397544,10.334388,98133,1.666799
18630:ApriltagsCameraLog(1):,,,,,,4.042969,,1.408236,,5.397984,,,
18650:ApriltagsCameraLog(1):,7,2.150574,-0.928000,2.150574,-0.928000,5.468445,1.352075,1.411575,5.485053,5.393883,22.026768,98135,1.751673
18652:ApriltagsCameraLog(1):,8,2.150574,-0.985000,2.150574,-0.985000,5.468445,1.310836,1.411575,5.408920,5.393883,20.706527,98135,1.669158
18670:ApriltagsCameraLog(1):,15,5.468445,-6.482000,5.468445,-6.482000,8.217773,1.239598,1.416224,5.089344,5.389049,42.135648,98132,3.008478
18690:ApriltagsCameraLog(1):,7,8.217773,1.332000,8.217773,1.332000,10.697937,1.360394,1.421194,5.549017,5.384293,22.365686,98137,1.772855
18692:ApriltagsCameraLog(1):,8,8.217773,1.986000,8.217773,1.986000,10.697937,1.300017,1.421194,5.473020,5.384293,21.197985,98137,1.699874
18713:ApriltagsCameraLog(1):,7,10.697937,3.913000,10.697937,3.913000,13.205566,1.373041,1.426958,5.521707,5.379189,22.791496,98138,1.799468
18716:ApriltagsCameraLog(1):,8,10.697937,5.096000,10.697937,5.096000,13.205566,1.326024,1.426958,5.451736,5.379189,21.796913,98138,1.737307
18719:ApriltagsCameraLog(1):,15,10.697937,-4.120000,10.697937,-4.120000,13.205566,1.246532,1.426958,4.899380,5.379189,41.495687,98133,2.968480
18730:ApriltagsCameraLog(1):,15,13.205566,-1.893000,13.205566,-1.893000,15.946655,1.256492,1.432903,4.936177,5.375230,41.293656,98134,2.955853
18770:ApriltagsCameraLog(1):,8,15.946655,9.212000,15.946655,9.212000,23.148193,1.316477,1.446859,5.474775,5.365823,22.139539,98139,1.758721
18810:ApriltagsCameraLog(1):,,,,,,32.126770,,1.471549,,5.355056,,,
18831:ApriltagsCameraLog(1):,8,23.148193,14.985000,23.148193,14.985000,37.054138,1.289022,1.484790,5.516261,5.348986,22.384195,98140,1.774012
18851:ApriltagsCameraLog(1):,,,,,,42.214966,,1.498268,,5.341749,,,
18870:ApriltagsCameraLog(1):,,,,,,47.526855,,1.513920,,5.333642,,,
18890:ApriltagsCameraLog(1):,,,,,,53.020020,,1.529476,,5.327061,,,
18909:ApriltagsCameraLog(1):,,,,,,58.787842,,1.546074,,5.320099,,,
18930:ApriltagsCameraLog(1):,,,,,,64.761658,,1.564374,,5.314012,,,
18949:ApriltagsCameraLog(1):,,,,,,71.007385,,1.584108,,5.307070,,,
18969:ApriltagsCameraLog(1):,,,,,,77.461853,,1.602939,,5.301343,,,
19010:ApriltagsCameraLog(1):,,,,,,90.766296,,1.638157,,5.287190,,,
19030:ApriltagsCameraLog(1):,,,,,,97.124634,,1.659203,,5.279428,,,
19049:ApriltagsCameraLog(1):,,,,,,102.535400,,1.683224,,5.268979,,,
19070:ApriltagsCameraLog(1):,,,,,,107.166138,,1.707509,,5.259625,,,
19090:ApriltagsCameraLog(1):,,,,,,112.129211,,1.731767,,5.250555,,,
19110:ApriltagsCameraLog(1):,,,,,,117.056580,,1.757442,,5.240919,,,
19130:ApriltagsCameraLog(1):,,,,,,121.536255,,1.781982,,5.234535,,,
19150:ApriltagsCameraLog(1):,,,,,,125.576477,,1.806207,,5.228496,,,
19190:ApriltagsCameraLog(1):,,,,,,132.703857,,1.860927,,5.210304,,,
19230:ApriltagsCameraLog(1):,,,,,,138.724365,,1.915563,,5.188075,,,
19269:ApriltagsCameraLog(1):,,,,,,143.651733,,1.973865,,5.158355,,,
19289:ApriltagsCameraLog(1):,,,,,,146.197815,,2.011241,,5.143873,,,
19309:ApriltagsCameraLog(1):,,,,,,148.612061,,2.048814,,5.131381,,,
19350:ApriltagsCameraLog(1):,,,,,,152.998352,,2.118042,,5.099930,,,
19369:ApriltagsCameraLog(1):,,,,,,154.857788,,2.151816,,5.087706,,,
19391:ApriltagsCameraLog(1):,,,,,,156.393127,,2.182473,,5.069324,,,
19431:ApriltagsCameraLog(1):,7,148.612061,150.892000,148.612061,150.892000,158.692017,1.977077,2.243064,4.710390,5.033438,23.751268,98154,1.859454
19470:ApriltagsCameraLog(1):,15,158.692017,151.733000,158.692017,151.733000,159.969177,2.030887,2.295179,4.543896,4.983613,38.976266,98159,2.811017
19473:ApriltagsCameraLog(1):,7,159.969177,156.096000,159.969177,156.096000,159.969177,2.159585,2.295179,4.835175,4.983613,25.122688,98156,1.945168
19491:ApriltagsCameraLog(1):,15,159.969177,153.995000,159.969177,153.995000,160.441589,2.155405,2.320830,4.613197,4.959810,37.359371,98161,2.709961
19511:ApriltagsCameraLog(1):,7,160.441589,158.319000,160.441589,158.319000,160.702515,2.181794,2.345700,4.747755,4.936939,25.701397,98157,1.981337
19513:ApriltagsCameraLog(1):,8,160.441589,162.602000,160.441589,162.602000,160.702515,2.152948,2.345700,4.678049,4.936939,24.518784,98157,1.907424
19551:ApriltagsCameraLog(1):,15,160.702515,154.050000,160.702515,154.050000,160.919495,2.164091,2.393146,4.602107,4.890204,37.266138,98162,2.704134
19552:ApriltagsCameraLog(1):,7,160.919495,160.626000,160.626000,160.626000,160.919495,2.194706,2.393146,4.700109,4.890204,13.029741,98158,2.003718
19555:ApriltagsCameraLog(1):,8,160.919495,160.311000,160.311000,160.311000,160.919495,2.163831,2.393146,4.614957,4.890204,12.343260,98158,1.917908
19571:ApriltagsCameraLog(1):,15,160.919495,155.199000,160.919495,155.199000,161.023865,2.237480,2.415565,4.580648,4.868306,36.070720,98163,2.629420
19615:ApriltagsCameraLog(1):,7,161.023865,161.970000,161.970000,161.970000,160.933228,2.243470,2.455122,4.670991,4.822490,13.410665,98159,2.051333
19617:ApriltagsCameraLog(1):,8,161.023865,161.256000,161.256000,161.256000,160.933228,2.203697,2.455122,4.570012,4.822490,12.616675,98159,1.952084
19650:ApriltagsCameraLog(1):,15,160.933228,155.776000,160.933228,155.776000,160.713501,2.286126,2.488218,4.549814,4.778326,35.215210,98164,2.575951
19670:ApriltagsCameraLog(1):,7,160.713501,161.338000,161.338000,161.338000,160.543213,2.300786,2.503497,4.558863,4.756975,14.118225,98161,2.139778
19673:ApriltagsCameraLog(1):,8,160.713501,161.533000,161.533000,161.533000,160.543213,2.273088,2.503497,4.494070,4.756975,13.182291,98161,2.022786
19691:ApriltagsCameraLog(1):,15,160.543213,156.104000,160.543213,156.104000,160.370178,2.245231,2.517461,4.502314,4.737279,35.686020,98166,2.605376
19693:ApriltagsCameraLog(1):,7,160.370178,161.622000,161.622000,161.622000,160.370178,2.360362,2.517461,4.485382,4.737279,14.739397,98163,2.217425
19695:ApriltagsCameraLog(1):,8,160.370178,161.656000,161.656000,161.656000,160.370178,2.339329,2.517461,4.413192,4.737279,13.755122,98163,2.094390
19711:ApriltagsCameraLog(1):,15,160.370178,156.057000,160.370178,156.057000,160.219116,2.375646,2.530871,4.444166,4.718300,33.460665,98167,2.466292
19750:ApriltagsCameraLog(1):,15,160.219116,155.890000,160.219116,155.890000,159.886780,2.404298,2.554253,4.410095,4.683411,32.912179,98168,2.432011
19752:ApriltagsCameraLog(1):,7,159.886780,161.364000,161.364000,161.364000,159.886780,2.382812,2.554253,4.460039,4.683411,14.983190,98164,2.247899
19755:ApriltagsCameraLog(1):,8,159.886780,161.322000,161.322000,161.322000,159.886780,2.355184,2.554253,4.384803,4.683411,13.920207,98164,2.115026
19790:ApriltagsCameraLog(1):,7,159.886780,161.070000,161.070000,161.070000,159.540710,2.409873,2.574396,4.417629,4.651886,15.308863,98165,2.288608
19792:ApriltagsCameraLog(1):,8,159.886780,160.937000,160.937000,160.937000,159.540710,2.379745,2.574396,4.342716,4.651886,14.172555,98165,2.146569
19830:ApriltagsCameraLog(1):,15,159.540710,155.002000,159.540710,155.002000,159.134216,2.448131,2.590086,4.360261,4.625123,32.038260,98170,2.377391
19870:ApriltagsCameraLog(1):,15,159.134216,154.715000,159.134216,154.715000,158.733215,2.472281,2.601593,4.284719,4.601921,31.480218,98172,2.342514
19872:ApriltagsCameraLog(1):,7,159.134216,160.649000,160.649000,160.649000,158.733215,2.433626,2.601593,4.399158,4.601921,15.552250,98166,2.319031
19873:ApriltagsCameraLog(1):,8,159.134216,160.721000,160.721000,160.721000,158.733215,2.400570,2.601593,4.330853,4.601921,14.359884,98166,2.169986
19890:ApriltagsCameraLog(1):,7,158.733215,160.047000,160.047000,160.047000,158.554688,2.472229,2.606292,4.319678,4.592147,16.083239,98168,2.385405
19892:ApriltagsCameraLog(1):,8,158.733215,159.940000,159.940000,159.940000,158.554688,2.443908,2.606292,4.248776,4.592147,14.833832,98168,2.229229
19911:ApriltagsCameraLog(1):,15,158.554688,154.053000,158.554688,154.053000,158.337708,2.473779,2.610074,4.267070,4.584275,31.365139,98173,2.335321
19930:ApriltagsCameraLog(1):,7,158.337708,158.251000,158.251000,158.251000,158.098755,2.456107,2.613368,4.218515,4.576479,16.329020,98170,2.416128
19932:ApriltagsCameraLog(1):,8,158.337708,159.303000,159.303000,159.303000,158.098755,2.465850,2.613368,4.193506,4.576479,15.111141,98170,2.263893
19950:ApriltagsCameraLog(1):,15,158.337708,153.430000,158.337708,153.430000,157.810364,2.499890,2.616505,4.239971,4.568946,30.889372,98174,2.305586
19952:ApriltagsCameraLog(1):,7,157.810364,159.337000,159.337000,159.337000,157.810364,2.498075,2.616505,4.254103,4.568946,16.492473,98171,2.436559
19955:ApriltagsCameraLog(1):,8,157.810364,159.902000,157.810364,159.902000,157.810364,2.441565,2.616505,4.121494,4.568946,30.200732,98171,2.262546
19989:ApriltagsCameraLog(1):,15,157.810364,153.333000,157.810364,153.333000,157.285767,2.507784,2.619272,4.230850,4.557002,30.691509,98175,2.293219
20021:ApriltagsCameraLog(1):,7,157.285767,159.182000,159.182000,159.182000,156.931458,2.504396,2.619249,4.251662,4.554382,16.552054,98172,2.444007
20028:ApriltagsCameraLog(1):,8,157.285767,159.447000,157.285767,159.447000,156.931458,2.440223,2.619249,4.101551,4.554382,30.295050,98172,2.268441
20050:ApriltagsCameraLog(1):,15,157.285767,152.902000,157.285767,152.902000,156.442566,2.514361,2.617273,4.219119,4.542858,30.512278,98176,2.282017
20071:ApriltagsCameraLog(1):,7,156.442566,158.268000,158.268000,158.268000,156.121216,2.498460,2.616488,4.235343,4.533741,16.589323,98173,2.448665
20074:ApriltagsCameraLog(1):,8,156.442566,158.675000,156.442566,158.675000,156.121216,2.441796,2.616488,4.086428,4.533741,30.448986,98173,2.278062
20093:ApriltagsCameraLog(1):,15,156.121216,152.155000,156.121216,152.155000,155.849304,2.517727,2.615246,4.200264,4.523102,30.302057,98178,2.268879
20097:ApriltagsCameraLog(1):,7,155.849304,157.627000,157.627000,157.627000,155.849304,2.503790,2.615246,4.195997,4.523102,16.772393,98175,2.471549
20099:ApriltagsCameraLog(1):,8,155.849304,158.238000,155.849304,158.238000,155.849304,2.446528,2.615246,4.048889,4.523102,30.713446,98175,2.294590
20130:ApriltagsCameraLog(1):,15,155.849304,151.191000,155.849304,151.191000,155.102234,2.521846,2.612278,4.160553,4.498989,30.171179,98180,2.260699
20132:ApriltagsCameraLog(1):,7,155.102234,157.327000,155.102234,157.327000,155.102234,2.462254,2.612278,4.123434,4.498989,33.584361,98176,2.474023
20133:ApriltagsCameraLog(1):,8,155.102234,157.690000,155.102234,157.690000,155.102234,2.443269,2.612278,4.054340,4.498989,30.710882,98176,2.294430
20150:ApriltagsCameraLog(1):,15,155.102234,150.732000,155.102234,150.732000,154.591370,2.512606,2.611307,4.165343,4.486524,30.232746,98181,2.264547
20190:ApriltagsCameraLog(1):,7,154.591370,156.615000,154.591370,156.615000,152.850037,2.453814,2.608110,4.110374,4.464872,33.585863,98177,2.474116
20192:ApriltagsCameraLog(1):,8,154.591370,157.060000,154.591370,157.060000,152.850037,2.436958,2.608110,4.042519,4.464872,30.704020,98177,2.294001
20230:ApriltagsCameraLog(1):,7,152.850037,155.962000,152.850037,155.962000,149.674988,2.415936,2.603359,4.048876,4.443104,33.589367,98178,2.474335
20231:ApriltagsCameraLog(1):,8,152.850037,156.279000,152.850037,156.279000,149.674988,2.409679,2.603359,3.983622,4.443104,30.675300,98178,2.292206
20271:ApriltagsCameraLog(1):,,,,,,145.173340,,2.600747,,4.414960,,,
20290:ApriltagsCameraLog(1):,7,149.674988,152.485000,149.674988,152.485000,142.360840,2.401085,2.598669,3.987938,4.400568,34.054446,98180,2.503403
20293:ApriltagsCameraLog(1):,8,149.674988,153.311000,149.674988,153.311000,142.360840,2.397664,2.598669,3.925035,4.400568,31.041841,98180,2.315115
20310:ApriltagsCameraLog(1):,8,142.360840,149.942000,142.360840,149.942000,139.229736,2.298743,2.595779,3.712216,4.384399,31.334185,98181,2.333387
20331:ApriltagsCameraLog(1):,8,139.229736,148.321000,139.229736,148.321000,135.769043,2.303955,2.598631,3.723717,4.374255,31.672032,98182,2.354502
20370:ApriltagsCameraLog(1):,,,,,,127.831421,,2.603080,,4.353759,,,
20389:ApriltagsCameraLog(1):,,,,,,123.354492,,2.602494,,4.346616,,,
20410:ApriltagsCameraLog(1):,,,,,,118.671570,,2.601106,,4.338821,,,
20430:ApriltagsCameraLog(1):,,,,,,113.782654,,2.600940,,4.332082,,,
20470:ApriltagsCameraLog(1):,,,,,,103.763123,,2.600827,,4.316384,,,
20490:ApriltagsCameraLog(1):,,,,,,98.797302,,2.598660,,4.310502,,,
20509:ApriltagsCameraLog(1):,,,,,,92.834473,,2.595425,,4.304676,,,
20529:ApriltagsCameraLog(1):,,,,,,86.327820,,2.594597,,4.299713,,,
20550:ApriltagsCameraLog(1):,,,,,,79.513550,,2.593609,,4.295129,,,
20589:ApriltagsCameraLog(1):,,,,,,65.915222,,2.592542,,4.287083,,,
20609:ApriltagsCameraLog(1):,,,,,,59.117432,,2.592117,,4.283641,,,
20629:ApriltagsCameraLog(1):,,,,,,52.402039,,2.590619,,4.280495,,,
20650:ApriltagsCameraLog(1):,,,,,,45.683899,,2.589959,,4.277729,,,
20669:ApriltagsCameraLog(1):,,,,,,39.023438,,2.589066,,4.275702,,,
20690:ApriltagsCameraLog(1):,,,,,,32.261353,,2.586852,,4.274350,,,
20709:ApriltagsCameraLog(1):,,,,,,25.584412,,2.584935,,4.273464,,,
20729:ApriltagsCameraLog(1):,,,,,,19.237061,,2.583462,,4.270965,,,
20749:ApriltagsCameraLog(1):,,,,,,13.826294,,2.582092,,4.269250,,,
20770:ApriltagsCameraLog(1):,,,,,,8.849487,,2.579880,,4.269211,,,
20809:ApriltagsCameraLog(1):,,,,,,-1.680908,,2.577082,,4.267737,,,
20829:ApriltagsCameraLog(1):,,,,,,-6.347351,,2.576079,,4.267926,,,
20869:ApriltagsCameraLog(1):,,,,,,-14.364624,,2.574074,,4.268108,,,
20909:ApriltagsCameraLog(1):,,,,,,-20.429077,,2.572639,,4.268999,,,
20929:ApriltagsCameraLog(1):,,,,,,-22.824097,,2.571360,,4.269476,,,
20951:ApriltagsCameraLog(1):,,,,,,-24.790649,,2.570246,,4.269648,,,
20970:ApriltagsCameraLog(1):,,,,,,-26.271057,,2.569358,,4.270197,,,
20990:ApriltagsCameraLog(1):,,,,,,-27.309265,,2.568775,,4.271660,,,
21010:ApriltagsCameraLog(1):,8,-22.824097,-25.013000,-22.824097,-25.013000,-28.017883,2.346105,2.568189,4.204592,4.272369,38.916277,98206,2.807267
21030:ApriltagsCameraLog(1):,7,-28.017883,-28.710000,-28.710000,-28.710000,-28.322754,2.288989,2.567507,4.165416,4.272531,21.328603,98207,3.041075
21032:ApriltagsCameraLog(1):,8,-28.017883,-28.617000,-28.617000,-28.617000,-28.322754,2.286625,2.567507,4.110020,4.272531,19.108232,98207,2.763529
21070:ApriltagsCameraLog(1):,7,-28.322754,-28.537000,-28.537000,-28.537000,-28.111267,2.320003,2.566108,4.259042,4.273015,21.095943,98208,3.011993
21071:ApriltagsCameraLog(1):,8,-28.322754,-27.891000,-27.891000,-27.891000,-28.111267,2.321917,2.566108,4.212835,4.273015,19.016762,98208,2.752095
21090:ApriltagsCameraLog(1):,,,,,,-27.877808,,2.565155,,4.273087,,,
21130:ApriltagsCameraLog(1):,7,-28.111267,-27.869000,-27.869000,-27.869000,-27.561951,2.345813,2.561954,4.318186,4.273441,21.026658,98209,3.003332
21132:ApriltagsCameraLog(1):,8,-28.111267,-27.368000,-27.368000,-27.368000,-27.561951,2.327068,2.561954,4.269651,4.273441,18.883421,98209,2.735428
21150:ApriltagsCameraLog(1):,,,,,,-27.482300,,2.559959,,4.274607,,,
21170:ApriltagsCameraLog(1):,7,-27.561951,-27.443000,-27.443000,-27.443000,-27.421875,2.340929,2.558063,4.314574,4.275486,21.028454,98211,3.003557
21172:ApriltagsCameraLog(1):,8,-27.561951,-26.768000,-26.768000,-26.768000,-27.421875,2.328646,2.558063,4.271760,4.275486,18.917159,98211,2.739645
21190:ApriltagsCameraLog(1):,,,,,,-27.347717,,2.556309,,4.278234,,,
21210:ApriltagsCameraLog(1):,7,-27.421875,-27.045000,-27.045000,-27.045000,-27.279053,2.342557,2.554085,4.323235,4.281395,21.017548,98212,3.002193
21212:ApriltagsCameraLog(1):,8,-27.421875,-26.548000,-26.548000,-26.548000,-27.279053,2.322273,2.554085,4.274034,4.281395,18.873975,98212,2.734247
21231:ApriltagsCameraLog(1):,7,-27.279053,-26.921000,-26.921000,-26.921000,-27.229614,2.340637,2.551344,4.325011,4.284968,21.002113,98213,3.000264
21233:ApriltagsCameraLog(1):,8,-27.279053,-26.312000,-26.312000,-26.312000,-27.229614,2.320643,2.551344,4.280335,4.284968,18.852493,98213,2.731562
21250:ApriltagsCameraLog(1):,,,,,,-27.171936,,2.548815,,4.288334,,,
21271:ApriltagsCameraLog(1):,7,-27.229614,-26.799000,-26.799000,-26.799000,-27.084045,2.335289,2.545880,4.331247,4.292137,20.943984,98214,2.992998
21273:ApriltagsCameraLog(1):,8,-27.229614,-26.344000,-26.344000,-26.344000,-27.084045,2.314571,2.545880,4.278996,4.292137,18.811310,98214,2.726414
21310:ApriltagsCameraLog(1):,,,,,,-26.850586,,2.539682,,4.300257,,,
21350:ApriltagsCameraLog(1):,7,-27.084045,-26.797000,-26.797000,-26.797000,-26.672058,2.327384,2.532479,4.332498,4.309861,20.885886,98215,2.985736
21352:ApriltagsCameraLog(1):,8,-27.084045,-26.188000,-26.188000,-26.188000,-26.672058,2.314199,2.532479,4.286525,4.309861,18.790997,98215,2.723875
21369:ApriltagsCameraLog(1):,,,,,,-26.551208,,2.528653,,4.314865,,,
21391:ApriltagsCameraLog(1):,7,-26.672058,-26.438000,-26.438000,-26.438000,-26.438599,2.322463,2.524893,4.345044,4.320335,20.812608,98217,2.976576
21395:ApriltagsCameraLog(1):,8,-26.672058,-25.818000,-25.818000,-25.818000,-26.438599,2.303895,2.524893,4.300402,4.320335,18.687864,98217,2.710983
21432:ApriltagsCameraLog(1):,7,-26.438599,-26.278000,-26.278000,-26.278000,-26.150208,2.308746,2.517769,4.357234,4.331166,20.673973,98219,2.959247
21435:ApriltagsCameraLog(1):,8,-26.438599,-25.601000,-25.601000,-25.601000,-26.150208,2.296202,2.517769,4.311376,4.331166,18.606121,98219,2.700765
21451:ApriltagsCameraLog(1):,7,-26.150208,-26.039000,-26.039000,-26.039000,-26.026611,2.304615,2.514506,4.365815,4.336599,20.618594,98220,2.952324
21453:ApriltagsCameraLog(1):,8,-26.150208,-25.425000,-25.425000,-25.425000,-26.026611,2.290281,2.514506,4.319527,4.336599,18.544709,98220,2.693089
21491:ApriltagsCameraLog(1):,7,-26.026611,-25.780000,-25.780000,-25.780000,-25.636597,2.303151,2.507932,4.374052,4.347436,20.583464,98221,2.947933
21492:ApriltagsCameraLog(1):,8,-26.026611,-25.203000,-25.203000,-25.203000,-25.636597,2.289453,2.507932,4.327337,4.347436,18.523943,98221,2.690493
21529:ApriltagsCameraLog(1):,,,,,,-25.309753,,2.501865,,4.357841,,,
21571:ApriltagsCameraLog(1):,7,-25.636597,-25.609000,-25.609000,-25.609000,-25.062561,2.296479,2.496015,4.377467,4.368009,20.530933,98222,2.941367
21572:ApriltagsCameraLog(1):,8,-25.636597,-24.941000,-24.941000,-24.941000,-25.062561,2.280000,2.496015,4.335362,4.368009,18.441440,98222,2.680180
21610:ApriltagsCameraLog(1):,7,-25.062561,-25.023000,-25.023000,-25.023000,-24.903259,2.286844,2.491081,4.397417,4.378021,20.403564,98224,2.925446
21612:ApriltagsCameraLog(1):,8,-25.062561,-24.274000,-24.274000,-24.274000,-24.903259,2.273940,2.491081,4.357306,4.378021,18.358783,98224,2.669848
21630:ApriltagsCameraLog(1):,7,-24.903259,-24.733000,-24.733000,-24.733000,-24.842834,2.284653,2.488937,4.410081,4.383006,20.345961,98225,2.918245
21632:ApriltagsCameraLog(1):,8,-24.903259,-24.282000,-24.282000,-24.282000,-24.842834,2.263547,2.488937,4.358846,4.383006,18.277212,98225,2.659651
21670:ApriltagsCameraLog(1):,7,-24.842834,-24.682000,-24.682000,-24.682000,-24.738464,2.279988,2.485309,4.411962,4.392929,20.308515,98226,2.913564
21671:ApriltagsCameraLog(1):,8,-24.842834,-24.031000,-24.031000,-24.031000,-24.738464,2.266258,2.485309,4.368935,4.392929,18.277212,98226,2.659651
21689:ApriltagsCameraLog(1):,,,,,,-24.719238,,2.483653,,4.397466,,,
21730:ApriltagsCameraLog(1):,7,-24.738464,-24.594000,-24.594000,-24.594000,-24.798889,2.275859,2.480611,4.421005,4.406612,20.245330,98227,2.905666
21731:ApriltagsCameraLog(1):,8,-24.738464,-23.958000,-23.958000,-23.958000,-24.798889,2.262396,2.480611,4.373934,4.406612,18.236576,98227,2.654572
21749:ApriltagsCameraLog(1):,,,,,,-24.867554,,2.479229,,4.411223,,,
21790:ApriltagsCameraLog(1):,7,-24.798889,-24.474000,-24.474000,-24.474000,-24.873047,2.267707,2.476791,4.433427,4.420235,20.141898,98229,2.892737
21791:ApriltagsCameraLog(1):,8,-24.798889,-23.841000,-23.841000,-23.841000,-24.873047,2.254071,2.476791,4.388413,4.420235,18.135612,98229,2.641951
21810:ApriltagsCameraLog(1):,7,-24.873047,-24.402000,-24.402000,-24.402000,-24.829102,2.272254,2.475827,4.443264,4.424346,20.133573,98230,2.891697
21811:ApriltagsCameraLog(1):,8,-24.873047,-24.014000,-24.014000,-24.014000,-24.829102,2.248407,2.475827,4.391556,4.424346,18.075747,98230,2.634468
21830:ApriltagsCameraLog(1):,,,,,,-24.774170,,2.475023,,4.428797,,,
21850:ApriltagsCameraLog(1):,7,-24.829102,-24.624000,-24.624000,-24.624000,-24.716492,2.265263,2.474574,4.446732,4.432694,20.062292,98231,2.882787
21852:ApriltagsCameraLog(1):,8,-24.829102,-23.972000,-23.972000,-23.972000,-24.716492,2.250647,2.474574,4.403548,4.432694,18.057157,98231,2.632145
21870:ApriltagsCameraLog(1):,7,-24.716492,-24.576000,-24.576000,-24.576000,-24.664307,2.263677,2.474095,4.455395,4.436892,20.016664,98232,2.877083
21872:ApriltagsCameraLog(1):,8,-24.716492,-24.067000,-24.067000,-24.067000,-24.664307,2.244797,2.474095,4.407500,4.436892,17.997196,98232,2.624650
21909:ApriltagsCameraLog(1):,,,,,,-24.601135,,2.473272,,4.444087,,,
21950:ApriltagsCameraLog(1):,7,-24.664307,-24.468000,-24.468000,-24.468000,-24.554443,2.263421,2.472987,4.460787,4.450089,19.996519,98233,2.874565
21952:ApriltagsCameraLog(1):,8,-24.664307,-23.722000,-23.722000,-23.722000,-24.554443,2.248220,2.472987,4.421257,4.450089,17.997196,98233,2.624650
21970:ApriltagsCameraLog(1):,,,,,,-24.521484,,2.472844,,4.452791,,,
21990:ApriltagsCameraLog(1):,7,-24.554443,-24.299000,-24.299000,-24.299000,-24.491272,2.260717,2.472854,4.473031,4.454901,19.933428,98235,2.866679
21992:ApriltagsCameraLog(1):,8,-24.554443,-23.778000,-23.778000,-23.778000,-24.491272,2.241721,2.472854,4.424419,4.454901,17.936778,98235,2.617097
22010:ApriltagsCameraLog(1):,,,,,,-24.469299,,2.472881,,4.457011,,,
22031:ApriltagsCameraLog(1):,7,-24.491272,-24.287000,-24.287000,-24.287000,-24.450073,2.257131,2.472960,4.483592,4.458519,19.865108,98237,2.858138
22032:ApriltagsCameraLog(1):,8,-24.491272,-23.683000,-23.683000,-23.683000,-24.450073,2.243378,2.472960,4.436198,4.458519,17.918153,98237,2.614769
22070:ApriltagsCameraLog(1):,7,-24.450073,-24.228000,-24.228000,-24.228000,-24.428101,2.258226,2.473234,4.485957,4.461219,19.865108,98238,2.858138
22072:ApriltagsCameraLog(1):,8,-24.450073,-23.620000,-23.620000,-23.620000,-24.428101,2.241650,2.473234,4.439725,4.461219,17.897842,98238,2.612230
22110:ApriltagsCameraLog(1):,7,-24.428101,-24.115000,-24.115000,-24.115000,-24.403381,2.263672,2.473422,4.491768,4.463016,19.882672,98239,2.860334
22112:ApriltagsCameraLog(1):,8,-24.428101,-23.647000,-23.647000,-23.647000,-24.403381,2.242413,2.473422,4.440977,4.463016,17.898444,98239,2.612306
22149:ApriltagsCameraLog(1):,,,,,,-24.403381,,2.473511,,4.463916,,,
22190:ApriltagsCameraLog(1):,7,-24.403381,-24.138000,-24.138000,-24.138000,-24.406128,2.260930,2.473599,4.491883,4.464513,19.862516,98240,2.857815
22192:ApriltagsCameraLog(1):,8,-24.403381,-23.418000,-23.418000,-23.418000,-24.406128,2.247900,2.473599,4.451418,4.464513,17.919377,98240,2.614922
22210:ApriltagsCameraLog(1):,7,-24.406128,-24.058000,-24.058000,-24.058000,-24.408875,2.263437,2.473551,4.497413,4.464528,19.859943,98242,2.857493
22212:ApriltagsCameraLog(1):,8,-24.406128,-23.468000,-23.468000,-23.468000,-24.408875,2.245106,2.473551,4.450435,4.464528,17.899067,98242,2.612383
22230:ApriltagsCameraLog(1):,,,,,,-24.417114,,2.473551,,4.464528,,,
22250:ApriltagsCameraLog(1):,7,-24.408875,-24.129000,-24.129000,-24.129000,-24.419861,2.259816,2.473439,4.495600,4.464247,19.839785,98243,2.854973
22252:ApriltagsCameraLog(1):,8,-24.408875,-23.604000,-23.604000,-23.604000,-24.419861,2.241508,2.473439,4.446034,4.464247,17.878757,98243,2.609845
22271:ApriltagsCameraLog(1):,7,-24.419861,-24.156000,-24.156000,-24.156000,-24.422607,2.259320,2.473439,4.494518,4.464247,19.839785,98244,2.854973
22273:ApriltagsCameraLog(1):,8,-24.419861,-23.516000,-23.516000,-23.516000,-24.422607,2.242330,2.473439,4.449536,4.464247,17.878757,98244,2.609845
22309:ApriltagsCameraLog(1):,,,,,,-24.430847,,2.473439,,4.464247,,,
22350:ApriltagsCameraLog(1):,7,-24.422607,-24.182000,-24.182000,-24.182000,-24.433594,2.256524,2.473439,4.494516,4.464247,19.819628,98245,2.852454
22352:ApriltagsCameraLog(1):,8,-24.422607,-23.583000,-23.583000,-23.583000,-24.433594,2.241705,2.473439,4.446869,4.464247,17.878757,98245,2.609845
22371:ApriltagsCameraLog(1):,,,,,,-24.439087,,2.473439,,4.464247,,,
22390:ApriltagsCameraLog(1):,7,-24.433594,-24.149000,-24.149000,-24.149000,-24.436340,2.259448,2.473670,4.494798,4.464441,19.839785,98247,2.854973
22392:ApriltagsCameraLog(1):,8,-24.433594,-23.612000,-23.612000,-23.612000,-24.436340,2.241433,2.473670,4.445715,4.464441,17.878757,98247,2.609845
22409:ApriltagsCameraLog(1):,,,,,,-24.436340,,2.473670,,4.464441,,,
22437:ApriltagsCameraLog(1):,7,-24.436340,-24.217000,-24.217000,-24.217000,-24.436340,2.253564,2.473670,4.494156,4.464441,19.799471,98249,2.849934
22439:ApriltagsCameraLog(1):,8,-24.436340,-23.458000,-23.458000,-23.458000,-24.436340,2.242869,2.473670,4.451844,4.464441,17.878757,98249,2.609845
22470:ApriltagsCameraLog(1):,7,-24.436340,-24.130000,-24.130000,-24.130000,-24.436340,2.259797,2.473670,4.495560,4.464441,19.839785,98250,2.854973
22472:ApriltagsCameraLog(1):,8,-24.436340,-23.515000,-23.515000,-23.515000,-24.436340,2.240010,2.473670,4.450589,4.464441,17.858446,98250,2.607306
22510:ApriltagsCameraLog(1):,7,-24.436340,-24.184000,-24.184000,-24.184000,-24.436340,2.256487,2.473670,4.494436,4.464441,19.819628,98251,2.852454
22512:ApriltagsCameraLog(1):,8,-24.436340,-23.492000,-23.492000,-23.492000,-24.436340,2.242553,2.473670,4.450491,4.464441,17.878757,98251,2.609845
22529:ApriltagsCameraLog(1):,,,,,,-24.433594,,2.473670,,4.464441,,,
22570:ApriltagsCameraLog(1):,7,-24.436340,-24.202000,-24.202000,-24.202000,-24.433594,2.256156,2.473670,4.493715,4.464441,19.819628,98252,2.852454
22572:ApriltagsCameraLog(1):,8,-24.436340,-23.452000,-23.452000,-23.452000,-24.433594,2.242924,2.473670,4.452083,4.464441,17.878757,98252,2.609845
22589:ApriltagsCameraLog(1):,,,,,,-24.439087,,2.473670,,4.464441,,,
22610:ApriltagsCameraLog(1):,7,-24.433594,-24.250000,-24.250000,-24.250000,-24.436340,2.252957,2.473670,4.492836,4.464441,19.799471,98254,2.849934
22611:ApriltagsCameraLog(1):,8,-24.433594,-23.474000,-23.474000,-23.474000,-24.436340,2.242720,2.473670,4.451207,4.464441,17.878757,98254,2.609845
22630:ApriltagsCameraLog(1):,,,,,,-24.436340,,2.473670,,4.464441,,,
22650:ApriltagsCameraLog(1):,7,-24.436340,-24.218000,-24.218000,-24.218000,-24.439087,2.253546,2.473670,4.494116,4.464441,19.799471,98255,2.849934
22652:ApriltagsCameraLog(1):,8,-24.436340,-23.488000,-23.488000,-23.488000,-24.439087,2.242590,2.473670,4.450650,4.464441,17.878757,98255,2.609845
22690:ApriltagsCameraLog(1):,7,-24.439087,-24.170000,-24.170000,-24.170000,-24.439087,2.256745,2.473670,4.494996,4.464441,19.819628,98256,2.852454
22692:ApriltagsCameraLog(1):,8,-24.439087,-23.455000,-23.455000,-23.455000,-24.439087,2.245226,2.473670,4.450953,4.464441,17.899067,98256,2.612383
22729:ApriltagsCameraLog(1):,,,,,,-24.441833,,2.473670,,4.464441,,,
22770:ApriltagsCameraLog(1):,7,-24.439087,-24.191000,-24.191000,-24.191000,-24.439087,2.256359,2.473670,4.494155,4.464441,19.819628,98258,2.852454
22771:ApriltagsCameraLog(1):,8,-24.439087,-23.454000,-23.454000,-23.454000,-24.439087,2.242906,2.473670,4.452003,4.464441,17.878757,98258,2.609845
22810:ApriltagsCameraLog(1):,7,-24.439087,-24.192000,-24.192000,-24.192000,-24.439087,2.256340,2.473670,4.494115,4.464441,19.819628,98260,2.852454
22811:ApriltagsCameraLog(1):,8,-24.439087,-23.479000,-23.479000,-23.479000,-24.439087,2.242674,2.473670,4.451008,4.464441,17.878757,98260,2.609845
22831:ApriltagsCameraLog(1):,7,-24.439087,-24.163000,-24.163000,-24.163000,-24.439087,2.256873,2.473670,4.495277,4.464441,19.819628,98261,2.852454
22834:ApriltagsCameraLog(1):,8,-24.439087,-23.441000,-23.441000,-23.441000,-24.439087,2.243026,2.473670,4.452521,4.464441,17.878757,98261,2.609845
22856:ApriltagsCameraLog(1):,,,,,,-24.439087,,2.473670,,4.464441,,,
22870:ApriltagsCameraLog(1):,7,-24.439087,-24.192000,-24.192000,-24.192000,-24.439087,2.256340,2.473670,4.494115,4.464441,19.819628,98262,2.852454
22872:ApriltagsCameraLog(1):,8,-24.439087,-23.437000,-23.437000,-23.437000,-24.439087,2.243063,2.473670,4.452680,4.464441,17.878757,98262,2.609845
22911:ApriltagsCameraLog(1):,7,-24.439087,-24.203000,-24.203000,-24.203000,-24.439087,2.256138,2.473670,4.493675,4.464441,19.819628,98263,2.852454
22912:ApriltagsCameraLog(1):,8,-24.439087,-23.449000,-23.449000,-23.449000,-24.439087,2.242952,2.473670,4.452203,4.464441,17.878757,98263,2.609845
22950:ApriltagsCameraLog(1):,,,,,,-24.439087,,2.473670,,4.464441,,,
22970:ApriltagsCameraLog(1):,7,-24.439087,-24.166000,-24.166000,-24.166000,-24.436340,2.256818,2.473670,4.495156,4.464441,19.819628,98264,2.852454
22972:ApriltagsCameraLog(1):,8,-24.439087,-23.461000,-23.461000,-23.461000,-24.436340,2.242841,2.473670,4.451725,4.464441,17.878757,98264,2.609845
22989:ApriltagsCameraLog(1):,,,,,,-24.436340,,2.473670,,4.464441,,,
23010:ApriltagsCameraLog(1):,7,-24.436340,-24.223000,-24.223000,-24.223000,-24.433594,2.255770,2.473670,4.492874,4.464441,19.819628,98266,2.852454
23012:ApriltagsCameraLog(1):,8,-24.436340,-23.427000,-23.427000,-23.427000,-24.433594,2.243155,2.473670,4.453078,4.464441,17.878757,98266,2.609845
23030:ApriltagsCameraLog(1):,,,,,,-24.433594,,2.473670,,4.464441,,,
