22700:ApriltagsCameraLog(1):,tag,last yaw,cam yaw,calc yaw,update yaw, est yaw,x,est x,y,est y,adjust,frame,dist
22769:ApriltagsCameraLog(1):,7,-1.199526,-0.938000,-0.938000,-0.938000,-1.246772,1.416459,1.410325,5.483405,5.417335,10.497812,51737,1.687226
22776:ApriltagsCameraLog(1):,8,-1.199526,-1.475000,-1.475000,-1.475000,-1.197791,1.408096,1.414513,5.395206,5.461372,10.369626,51737,1.671203
22790:ApriltagsCameraLog(1):,7,-1.197791,-0.928000,-0.928000,-0.928000,-1.243046,1.419010,1.410325,5.483617,5.417252,10.517940,51738,1.689743
22793:ApriltagsCameraLog(1):,8,-1.197791,-1.473000,-1.473000,-1.473000,-1.193128,1.408082,1.416216,5.395256,5.461482,10.369626,51738,1.671203
22808:ApriltagsCameraLog(1):,7,-1.193128,-0.983000,-0.983000,-0.983000,-1.238801,1.418947,1.410885,5.482219,5.417320,10.517940,51740,1.689743
22817:ApriltagsCameraLog(1):,8,-1.193128,-1.460000,-1.460000,-1.460000,-1.198327,1.405449,1.416340,5.395649,5.460576,10.349552,51740,1.668694
22829:ApriltagsCameraLog(1):,7,-1.198327,-0.930000,-0.930000,-0.930000,-1.241105,1.419008,1.409163,5.483566,5.417277,10.517940,51742,1.689743
22834:ApriltagsCameraLog(1):,8,-1.198327,-1.469000,-1.469000,-1.469000,-1.191773,1.405514,1.415826,5.395422,5.461455,10.349552,51742,1.668694
22866:ApriltagsCameraLog(1):,7,-1.191773,-0.974000,-0.974000,-0.974000,-1.237049,1.418958,1.409041,5.482448,5.417419,10.517940,51744,1.689743
22873:ApriltagsCameraLog(1):,8,-1.191773,-1.454000,-1.454000,-1.454000,-1.195370,1.405406,1.415735,5.395800,5.460759,10.349552,51744,1.668694
22891:ApriltagsCameraLog(1):,7,-1.195370,-0.946000,-0.946000,-0.946000,-1.237608,1.418990,1.408932,5.483160,5.417440,10.517940,51746,1.689743
22902:ApriltagsCameraLog(1):,8,-1.195370,-1.468000,-1.468000,-1.468000,-1.191344,1.408046,1.415730,5.395382,5.461239,10.369626,51746,1.671203
22916:ApriltagsCameraLog(1):,7,-1.191344,-0.916000,-0.916000,-0.916000,-1.236405,1.419023,1.410697,5.483923,5.417324,10.517940,51748,1.689743
22919:ApriltagsCameraLog(1):,8,-1.191344,-1.460000,-1.460000,-1.460000,-1.185518,1.405449,1.416351,5.395649,5.461710,10.349552,51748,1.668694
22936:ApriltagsCameraLog(1):,7,-1.185518,-1.020000,-1.020000,-1.020000,-1.230279,1.416365,1.409172,5.481323,5.417655,10.497812,51750,1.687226
22945:ApriltagsCameraLog(1):,8,-1.185518,-1.477000,-1.477000,-1.477000,-1.196910,1.408111,1.414032,5.395155,5.460093,10.369626,51750,1.671203
22960:ApriltagsCameraLog(1):,7,-1.196910,-1.014000,-1.014000,-1.014000,-1.242480,1.416372,1.410174,5.481475,5.416793,10.497812,51752,1.687226
22968:ApriltagsCameraLog(1):,8,-1.196910,-1.460000,-1.460000,-1.460000,-1.206177,1.407988,1.414378,5.395584,5.459908,10.369626,51752,1.671203
22980:ApriltagsCameraLog(1):,7,-1.206177,-0.946000,-0.946000,-0.946000,-1.247479,1.418990,1.410198,5.483160,5.417017,10.517940,51754,1.689743
22994:ApriltagsCameraLog(1):,8,-1.206177,-1.485000,-1.485000,-1.485000,-1.199548,1.408168,1.416156,5.394953,5.461099,10.369626,51754,1.671203
23019:ApriltagsCameraLog(1):,7,-1.199548,-0.934000,-0.934000,-0.934000,-1.245941,1.419003,1.410923,5.483465,5.416991,10.517940,51756,1.689743
23024:ApriltagsCameraLog(1):,8,-1.199548,-1.479000,-1.479000,-1.479000,-1.196315,1.408125,1.416411,5.395105,5.461294,10.369626,51756,1.671203
23036:ApriltagsCameraLog(1):,7,-1.196315,-1.010000,-1.010000,-1.010000,-1.242238,1.416377,1.410979,5.481577,5.417156,10.497812,51758,1.687226
23039:ApriltagsCameraLog(1):,8,-1.196315,-1.489000,-1.489000,-1.489000,-1.205265,1.408197,1.414650,5.394852,5.460097,10.369626,51758,1.671203
23059:ApriltagsCameraLog(1):,7,-1.205265,-0.889000,-0.889000,-0.889000,-1.251334,1.419053,1.410439,5.484609,5.416592,10.517940,51759,1.689743
23062:ApriltagsCameraLog(1):,8,-1.205265,-1.485000,-1.485000,-1.485000,-1.193623,1.408168,1.416302,5.394953,5.461921,10.369626,51759,1.671203
23076:ApriltagsCameraLog(1):,7,-1.193623,-0.920000,-0.920000,-0.920000,-1.238169,1.416479,1.410975,5.483862,5.417264,10.497812,51761,1.687226
23080:ApriltagsCameraLog(1):,8,-1.193623,-1.465000,-1.465000,-1.465000,-1.186971,1.408024,1.414748,5.395458,5.461654,10.369626,51761,1.671203
23093:ApriltagsCameraLog(1):,7,-1.186971,-0.931000,-0.931000,-0.931000,-1.231639,1.416467,1.410355,5.483582,5.417514,10.497812,51763,1.687226
23097:ApriltagsCameraLog(1):,8,-1.186971,-1.476000,-1.476000,-1.476000,-1.183225,1.408103,1.414527,5.395180,5.461551,10.369626,51763,1.671203
23123:ApriltagsCameraLog(1):,7,-1.183225,-0.922000,-0.922000,-0.922000,-1.227509,1.416477,1.410339,5.483811,5.417295,10.497812,51765,1.687226
23128:ApriltagsCameraLog(1):,8,-1.183225,-1.499000,-1.499000,-1.499000,-1.177852,1.408269,1.414532,5.394600,5.461629,10.369626,51765,1.671203
23141:ApriltagsCameraLog(1):,7,-1.177852,-0.954000,-0.954000,-0.954000,-1.229002,1.416441,1.410460,5.482998,5.416933,10.497812,51767,1.687226
23148:ApriltagsCameraLog(1):,8,-1.177852,-1.524000,-1.524000,-1.524000,-1.184205,1.408448,1.414538,5.393969,5.460968,10.369626,51767,1.671203
23161:ApriltagsCameraLog(1):,7,-1.184205,-0.941000,-0.941000,-0.941000,-1.238347,1.416456,1.410588,5.483328,5.416292,10.497812,51769,1.687226
23166:ApriltagsCameraLog(1):,8,-1.184205,-1.483000,-1.483000,-1.483000,-1.189951,1.408154,1.414599,5.395004,5.460974,10.369626,51769,1.671203
23177:ApriltagsCameraLog(1):,7,-1.189951,-0.936000,-0.936000,-0.936000,-1.236512,1.416461,1.410395,5.483455,5.416985,10.497812,51770,1.687226
23182:ApriltagsCameraLog(1):,8,-1.189951,-1.489000,-1.489000,-1.489000,-1.187598,1.408197,1.414538,5.394852,5.461289,10.369626,51770,1.671203
23195:ApriltagsCameraLog(1):,7,-1.187598,-0.895000,-0.895000,-0.895000,-1.238244,1.416507,1.410407,5.484496,5.416989,10.497812,51772,1.687226
23198:ApriltagsCameraLog(1):,8,-1.187598,-1.469000,-1.469000,-1.469000,-1.182908,1.405514,1.414588,5.395422,5.461983,10.349552,51772,1.668694
23207:ApriltagsCameraLog(1):,7,-1.182908,-0.922000,-0.922000,-0.922000,-1.228829,1.419017,1.408630,5.483770,5.417597,10.517940,51774,1.689743
23213:ApriltagsCameraLog(1):,8,-1.182908,-1.473000,-1.473000,-1.473000,-1.179376,1.408082,1.415655,5.395256,5.461696,10.369626,51774,1.671203
23235:ApriltagsCameraLog(1):,7,-1.179376,-0.874000,-0.874000,-0.874000,-1.223669,1.419070,1.410700,5.484991,5.417392,10.517940,51776,1.689743
23240:ApriltagsCameraLog(1):,8,-1.179376,-1.486000,-1.486000,-1.486000,-1.166925,1.408175,1.416397,5.394928,5.462443,10.369626,51776,1.671203
23251:ApriltagsCameraLog(1):,7,-1.166925,-1.013000,-1.013000,-1.013000,-1.217627,1.416373,1.411019,5.481501,5.417420,10.497812,51777,1.687226
23255:ApriltagsCameraLog(1):,8,-1.166925,-1.480000,-1.480000,-1.480000,-1.184001,1.408132,1.414654,5.395079,5.460135,10.369626,51777,1.671203
23266:ApriltagsCameraLog(1):,7,-1.184001,-1.017000,-1.017000,-1.017000,-1.230972,1.416369,1.410398,5.481399,5.416755,10.497812,51779,1.687226
23271:ApriltagsCameraLog(1):,8,-1.184001,-1.470000,-1.470000,-1.470000,-1.195852,1.408060,1.414448,5.395332,5.459845,10.369626,51779,1.671203
23280:ApriltagsCameraLog(1):,7,-1.195852,-0.979000,-0.979000,-0.979000,-1.239290,1.416412,1.410274,5.482364,5.416828,10.497812,51781,1.687226
23288:ApriltagsCameraLog(1):,8,-1.195852,-1.483000,-1.483000,-1.483000,-1.196757,1.408154,1.414451,5.395004,5.460510,10.369626,51781,1.671203
23300:ApriltagsCameraLog(1):,7,-1.196757,-1.035000,-1.035000,-1.035000,-1.242150,1.416348,1.410343,5.480942,5.416831,10.497812,51785,1.687226
23311:ApriltagsCameraLog(1):,8,-1.196757,-1.482000,-1.482000,-1.482000,-1.208121,1.408147,1.414413,5.395029,5.459565,10.369626,51785,1.671203
23326:ApriltagsCameraLog(1):,7,-1.208121,-1.014000,-1.014000,-1.014000,-1.251516,1.416372,1.410320,5.481475,5.416533,10.497812,51787,1.687226
23331:ApriltagsCameraLog(1):,8,-1.208121,-1.495000,-1.495000,-1.495000,-1.212627,1.408240,1.414432,5.394701,5.459821,10.369626,51787,1.671203
23337:ApriltagsCameraLog(1):,7,-1.212627,-1.025000,-1.025000,-1.025000,-1.257395,1.416359,1.410392,5.481196,5.416399,10.497812,51789,1.687226
23341:ApriltagsCameraLog(1):,8,-1.212627,-1.480000,-1.480000,-1.480000,-1.219326,1.408132,1.414446,5.395079,5.459590,10.369626,51789,1.671203
23368:ApriltagsCameraLog(1):,7,-1.219326,-1.034000,-1.034000,-1.034000,-1.260585,1.416349,1.410317,5.480968,5.416575,10.497812,51791,1.687226
23372:ApriltagsCameraLog(1):,8,-1.219326,-1.498000,-1.498000,-1.498000,-1.223886,1.408262,1.414410,5.394625,5.459497,10.369626,51791,1.671203
23385:ApriltagsCameraLog(1):,7,-1.223886,-1.042000,-1.042000,-1.042000,-1.267762,1.416340,1.410397,5.480764,5.416241,10.497812,51793,1.687226
23391:ApriltagsCameraLog(1):,8,-1.223886,-1.488000,-1.488000,-1.488000,-1.231634,1.408190,1.414430,5.394877,5.459250,10.369626,51793,1.671203
23411:ApriltagsCameraLog(1):,7,-1.231634,-1.057000,-1.057000,-1.057000,-1.273085,1.416322,1.410350,5.480384,5.416327,10.497812,51795,1.687226
23415:ApriltagsCameraLog(1):,8,-1.231634,-1.489000,-1.489000,-1.489000,-1.238505,1.405658,1.414399,5.394918,5.459025,10.349552,51795,1.668694
23431:ApriltagsCameraLog(1):,7,-1.238505,-0.949000,-0.949000,-0.949000,-1.279073,1.418986,1.408650,5.483083,5.416277,10.517940,51796,1.689743
23435:ApriltagsCameraLog(1):,8,-1.238505,-1.497000,-1.497000,-1.497000,-1.226337,1.408255,1.415649,5.394650,5.460798,10.369626,51796,1.671203
23441:ApriltagsCameraLog(1):,7,-1.226337,-0.922000,-0.922000,-0.922000,-1.270099,1.419017,1.410807,5.483770,5.416690,10.517940,51798,1.689743
23445:ApriltagsCameraLog(1):,8,-1.226337,-1.490000,-1.490000,-1.490000,-1.214483,1.405665,1.416394,5.394893,5.461396,10.349552,51798,1.668694
23456:ApriltagsCameraLog(1):,7,-1.214483,-0.953000,-0.953000,-0.953000,-1.259103,1.418982,1.409331,5.482982,5.417046,10.517940,51800,1.689743
23459:ApriltagsCameraLog(1):,8,-1.214483,-1.507000,-1.507000,-1.507000,-1.210197,1.408326,1.415863,5.394398,5.460989,10.369626,51800,1.671203
23468:ApriltagsCameraLog(1):,7,-1.210197,-0.930000,-0.930000,-0.930000,-1.258186,1.419008,1.410935,5.483566,5.416584,10.517940,51802,1.689743
23472:ApriltagsCameraLog(1):,8,-1.210197,-1.496000,-1.496000,-1.496000,-1.205751,1.408247,1.416424,5.394675,5.461226,10.369626,51802,1.671203
23482:ApriltagsCameraLog(1):,7,-1.205751,-0.876000,-0.876000,-0.876000,-1.252681,1.419068,1.411067,5.484940,5.416847,10.517940,51804,1.689743
23485:ApriltagsCameraLog(1):,8,-1.205751,-1.501000,-1.501000,-1.501000,-1.192498,1.408283,1.416526,5.394549,5.462228,10.369626,51804,1.671203
23504:ApriltagsCameraLog(1):,7,-1.192498,-1.009000,-1.009000,-1.009000,-1.242379,1.416378,1.411133,5.481602,5.417096,10.497812,51806,1.687226
23508:ApriltagsCameraLog(1):,8,-1.192498,-1.502000,-1.502000,-1.502000,-1.205031,1.408290,1.414703,5.394524,5.460094,10.369626,51806,1.671203
23516:ApriltagsCameraLog(1):,7,-1.205031,-1.019000,-1.019000,-1.019000,-1.253047,1.416366,1.410523,5.481348,5.416372,10.497812,51808,1.687226
23518:ApriltagsCameraLog(1):,8,-1.205031,-1.505000,-1.505000,-1.505000,-1.215593,1.408312,1.414493,5.394448,5.459683,10.369626,51808,1.671203
23530:ApriltagsCameraLog(1):,7,-1.215593,-0.952000,-0.952000,-0.952000,-1.262386,1.416443,1.410464,5.483049,5.416184,10.497812,51810,1.687226
23538:ApriltagsCameraLog(1):,8,-1.215593,-1.528000,-1.528000,-1.528000,-1.212716,1.408477,1.414552,5.393868,5.460752,10.369626,51810,1.671203
23564:ApriltagsCameraLog(1):,7,-1.212716,-0.921000,-0.921000,-0.921000,-1.263693,1.416478,1.410605,5.483836,5.416153,10.497812,51812,1.687226
23567:ApriltagsCameraLog(1):,8,-1.212716,-1.482000,-1.482000,-1.482000,-1.208852,1.408147,1.414634,5.395029,5.461265,10.369626,51812,1.671203
23604:ApriltagsCameraLog(1):,7,-1.208852,-0.904000,-0.904000,-0.904000,-1.253017,1.416497,1.410397,5.484268,5.417099,10.497812,51814,1.687226
23611:ApriltagsCameraLog(1):,8,-1.208852,-1.470000,-1.470000,-1.470000,-1.197164,1.408060,1.414578,5.395332,5.461868,10.369626,51814,1.671203
23655:ApriltagsCameraLog(1):,7,-1.197164,-0.987000,-0.987000,-0.987000,-1.241278,1.416403,1.410321,5.482161,5.417502,10.497812,51816,1.687226
23658:ApriltagsCameraLog(1):,8,-1.197164,-1.490000,-1.490000,-1.490000,-1.200586,1.408204,1.414456,5.394827,5.460600,10.369626,51816,1.671203
23684:ApriltagsCameraLog(1):,7,-1.200586,-0.849000,-0.849000,-0.849000,-1.250127,1.419097,1.410381,5.485626,5.416743,10.517940,51817,1.689743
23687:ApriltagsCameraLog(1):,8,-1.200586,-1.533000,-1.533000,-1.533000,-1.183731,1.408513,1.416326,5.393741,5.462648,10.369626,51817,1.671203
23725:ApriltagsCameraLog(1):,7,-1.183731,-0.858000,-0.858000,-0.858000,-1.240203,1.419087,1.411235,5.485398,5.416697,10.517940,51819,1.689743
23727:ApriltagsCameraLog(1):,8,-1.183731,-1.499000,-1.499000,-1.499000,-1.179138,1.408269,1.416598,5.394600,5.462483,10.369626,51819,1.671203
23764:ApriltagsCameraLog(1):,7,-1.179138,-0.979000,-0.979000,-0.979000,-1.230856,1.416412,1.411151,5.482364,5.417214,10.497812,51821,1.687226
23766:ApriltagsCameraLog(1):,8,-1.179138,-1.536000,-1.536000,-1.536000,-1.190552,1.408535,1.414739,5.393666,5.460641,10.369626,51821,1.671203
23785:ApriltagsCameraLog(1):,7,-1.190552,-1.009000,-1.009000,-1.009000,-1.246406,1.416378,1.410716,5.481602,5.415980,10.497812,51823,1.687226
23787:ApriltagsCameraLog(1):,8,-1.190552,-1.498000,-1.498000,-1.498000,-1.208414,1.408262,1.414567,5.394625,5.459722,10.369626,51823,1.671203
23844:ApriltagsCameraLog(1):,7,-1.208414,-0.961000,-0.961000,-0.961000,-1.252490,1.416433,1.410455,5.482821,5.416315,10.497812,51825,1.687226
23847:ApriltagsCameraLog(1):,8,-1.208414,-1.492000,-1.492000,-1.492000,-1.208150,1.408219,1.414536,5.394776,5.460643,10.369626,51825,1.671203
23884:ApriltagsCameraLog(1):,7,-1.208150,-1.027000,-1.027000,-1.027000,-1.251298,1.416357,1.410416,5.481145,5.416723,10.497812,51827,1.687226
23886:ApriltagsCameraLog(1):,8,-1.208150,-1.493000,-1.493000,-1.493000,-1.217711,1.408226,1.414448,5.394751,5.459665,10.369626,51827,1.671203
23904:ApriltagsCameraLog(1):,7,-1.217711,-0.848000,-0.848000,-0.848000,-1.259475,1.419098,1.410387,5.485652,5.416381,10.517940,51829,1.689743
23906:ApriltagsCameraLog(1):,8,-1.217711,-1.503000,-1.503000,-1.503000,-1.196041,1.408298,1.416335,5.394499,5.462544,10.369626,51829,1.671203
23944:ApriltagsCameraLog(1):,7,-1.196041,-0.895000,-0.895000,-0.895000,-1.242926,1.419047,1.411079,5.484457,5.417168,10.517940,51831,1.689743
23946:ApriltagsCameraLog(1):,8,-1.196041,-1.493000,-1.493000,-1.493000,-1.189645,1.408226,1.416506,5.394751,5.462013,10.369626,51831,1.671203
23985:ApriltagsCameraLog(1):,7,-1.189645,-1.003000,-1.003000,-1.003000,-1.235947,1.416385,1.411085,5.481754,5.417160,10.497812,51833,1.687226
23988:ApriltagsCameraLog(1):,8,-1.189645,-1.489000,-1.489000,-1.489000,-1.200976,1.408197,1.414693,5.394852,5.460217,10.369626,51833,1.671203
24025:ApriltagsCameraLog(1):,7,-1.200976,-0.998000,-0.998000,-0.998000,-1.244799,1.416391,1.410454,5.481881,5.416631,10.497812,51835,1.687226
24026:ApriltagsCameraLog(1):,8,-1.200976,-1.469000,-1.469000,-1.469000,-1.207611,1.408053,1.414491,5.395357,5.460124,10.369626,51835,1.671203
