119042:ApriltagsCameraLog(1):,tag,last yaw,cam yaw,calc yaw,update yaw, est yaw,x,est x,y,est y,adjust,frame,dist
119056:ApriltagsCameraLog(1):,7,-6.443967,-5.623000,-6.443967,-5.623000,-6.476877,1.656499,1.677587,5.343049,5.412876,14.277969,36533,2.024341
119058:ApriltagsCameraLog(1):,8,-6.443967,-4.532000,-6.443967,-4.532000,-6.465088,1.666781,1.666787,5.344203,5.378041,15.364178,36533,1.987263
119060:ApriltagsCameraLog(1):,13,-6.465088,5.039000,-6.465088,-6.465088,-6.440253,2.029067,1.666502,5.446390,5.361123,146.512951,36528,8.891576
119062:ApriltagsCameraLog(1):,15,-6.465088,-11.334000,-6.465088,-11.334000,-6.440287,1.513668,1.847775,5.433669,5.403796,29.495396,36528,2.854619
119096:ApriltagsCameraLog(1):,7,-6.440287,-5.625000,-6.440287,-5.625000,-6.473246,1.656512,1.680187,5.343158,5.411638,14.270473,36535,2.024341
119098:ApriltagsCameraLog(1):,8,-6.440287,-4.608000,-6.440287,-4.608000,-6.461522,1.666757,1.668100,5.344312,5.377485,15.261405,36535,1.987263
119099:ApriltagsCameraLog(1):,13,-6.461522,6.669000,-6.461522,-6.461522,-6.437546,2.059269,1.667164,5.442388,5.360910,157.030359,36529,8.861101
119110:ApriltagsCameraLog(1):,15,-6.461522,-11.353000,-6.461522,-11.353000,-6.437576,1.513609,1.863208,5.433475,5.401690,29.540159,36529,2.854619
119135:ApriltagsCameraLog(1):,7,-6.437576,-5.686000,-6.437576,-5.686000,-6.470632,1.656521,1.687837,5.343238,5.410125,14.186410,36536,2.024341
119142:ApriltagsCameraLog(1):,8,-6.437576,-4.709000,-6.437576,-4.709000,-6.459724,1.669264,1.671953,5.344108,5.376788,15.151125,36536,1.989766
119144:ApriltagsCameraLog(1):,13,-6.459724,7.343000,-6.459724,-6.459724,-6.436915,2.049132,1.670363,5.443244,5.360469,161.787294,36531,8.871259
119146:ApriltagsCameraLog(1):,15,-6.459724,-11.349000,-6.459724,-11.349000,-6.436943,1.511056,1.859739,5.433662,5.401894,29.565672,36531,2.857128
119154:ApriltagsCameraLog(1):,7,-6.436943,-5.544000,-6.436943,-5.544000,-6.469948,1.659048,1.684826,5.342972,5.410346,14.394936,36538,2.026865
119158:ApriltagsCameraLog(1):,8,-6.436943,-4.658000,-6.436943,-4.658000,-6.457260,1.666736,1.671669,5.344412,5.376762,15.192602,36538,1.987263
119176:ApriltagsCameraLog(1):,7,-6.457260,-5.686000,-6.457260,-5.686000,-6.436628,1.656451,1.668952,5.342656,5.360626,14.212381,36539,2.024341
119178:ApriltagsCameraLog(1):,8,-6.457260,-4.634000,-6.457260,-4.634000,-6.426250,1.666864,1.662644,5.343807,5.351681,15.249762,36539,1.987263
119180:ApriltagsCameraLog(1):,13,-6.457260,6.887000,-6.457260,-6.457260,-6.403084,2.056646,1.664693,5.441992,5.347712,158.528825,36532,8.863641
119182:ApriltagsCameraLog(1):,15,-6.457260,-11.385000,-6.457260,-11.385000,-6.436657,1.511016,1.862791,5.433528,5.401349,29.642052,36532,2.857128
119196:ApriltagsCameraLog(1):,13,-6.436657,7.309000,-6.436657,-6.436657,-6.469839,2.048594,1.686320,5.439551,5.409880,161.399410,36534,8.871259
119200:ApriltagsCameraLog(1):,15,-6.436657,-11.378000,-6.436657,-11.378000,-6.469802,1.510680,1.867461,5.432402,5.424668,29.669062,36534,2.857128
119216:ApriltagsCameraLog(1):,7,-6.469802,-5.595000,-6.469802,-5.595000,-6.502685,1.656406,1.689013,5.342285,5.420938,14.349002,36541,2.024341
119219:ApriltagsCameraLog(1):,8,-6.469802,-4.566000,-6.469802,-4.566000,-6.490242,1.666943,1.672403,5.343434,5.381739,15.353646,36541,1.987263
119220:ApriltagsCameraLog(1):,13,-6.490242,6.864000,-6.490242,-6.490242,-6.465530,2.047322,1.669357,5.448415,5.362633,158.786401,36535,8.873799
119222:ApriltagsCameraLog(1):,15,-6.490242,-11.409000,-6.490242,-11.409000,-6.465563,1.511555,1.858330,5.435329,5.405567,29.624216,36535,2.857128
119256:ApriltagsCameraLog(1):,7,-6.465563,-5.666000,-6.465563,-5.666000,-6.498720,1.656421,1.684410,5.342410,5.413008,14.249726,36543,2.024341
119258:ApriltagsCameraLog(1):,8,-6.465563,-4.643000,-6.465563,-4.643000,-6.487194,1.666917,1.670163,5.343560,5.377810,15.248863,36543,1.987263
119259:ApriltagsCameraLog(1):,13,-6.487194,5.592000,-6.487194,-6.487194,-6.463319,2.037156,1.668268,5.449075,5.360712,150.296731,36537,8.883957
119261:ApriltagsCameraLog(1):,15,-6.487194,-11.378000,-6.487194,-11.378000,-6.463351,1.511505,1.852703,5.435163,5.404932,29.568711,36537,2.857128
119276:ApriltagsCameraLog(1):,7,-6.463351,-5.629000,-6.463351,-5.629000,-6.496370,1.656429,1.681562,5.342475,5.412771,14.295629,36544,2.024341
119278:ApriltagsCameraLog(1):,8,-6.463351,-4.658000,-6.463351,-4.658000,-6.484403,1.666903,1.668734,5.343626,5.377718,15.226663,36544,1.987263
119295:ApriltagsCameraLog(1):,13,-6.484403,6.716000,-6.484403,-6.484403,-6.460724,2.042138,1.667550,5.448054,5.360687,157.834714,36539,8.878878
119297:ApriltagsCameraLog(1):,15,-6.484403,-11.389000,-6.484403,-11.389000,-6.460751,1.511459,1.854836,5.435010,5.404406,29.596097,36539,2.857128
119316:ApriltagsCameraLog(1):,7,-6.460751,-5.602000,-6.460751,-5.602000,-6.493815,1.656439,1.682598,5.342552,5.412368,14.327824,36546,2.024341
119318:ApriltagsCameraLog(1):,8,-6.460751,-4.614000,-6.460751,-4.614000,-6.481532,1.666886,1.669250,5.343703,5.377561,15.280061,36546,1.987263
119336:ApriltagsCameraLog(1):,13,-6.481532,6.246000,-6.481532,-6.481532,-6.457399,2.029452,1.667796,5.449028,5.360653,154.848599,36540,8.891576
119338:ApriltagsCameraLog(1):,15,-6.481532,-11.375000,-6.481532,-11.375000,-6.457430,1.511412,1.848615,5.434854,5.404878,29.573996,36540,2.857128
119356:ApriltagsCameraLog(1):,7,-6.457430,-5.617000,-6.457430,-5.617000,-6.490463,1.656450,1.679476,5.342651,5.412670,14.303649,36548,2.024341
119358:ApriltagsCameraLog(1):,8,-6.457430,-4.652000,-6.457430,-4.652000,-6.478418,1.666866,1.667700,5.343802,5.377748,15.226765,36548,1.987263
119359:ApriltagsCameraLog(1):,13,-6.478418,6.186000,-6.478418,-6.478418,-6.454739,2.024331,1.667016,5.449102,5.360783,154.510675,36542,8.896655
119361:ApriltagsCameraLog(1):,15,-6.478418,-11.344000,-6.478418,-11.344000,-6.454770,1.511361,1.845664,5.434683,5.404979,29.518624,36542,2.857128
119375:ApriltagsCameraLog(1):,7,-6.454770,-5.613000,-6.454770,-5.613000,-6.487673,1.656460,1.677983,5.342729,5.412739,14.305417,36549,2.024341
119378:ApriltagsCameraLog(1):,8,-6.454770,-4.478000,-6.454770,-4.478000,-6.475613,1.666849,1.666958,5.343881,5.377816,15.447761,36549,1.987263
119396:ApriltagsCameraLog(1):,13,-6.475613,6.815000,-6.475613,-6.475613,-6.447335,2.031837,1.666611,5.447792,5.360851,158.637699,36544,8.889036
119397:ApriltagsCameraLog(1):,15,-6.475613,-11.351000,-6.475613,-11.351000,-6.447367,1.511316,1.849214,5.434530,5.404362,29.538093,36544,2.857128
119416:ApriltagsCameraLog(1):,7,-6.447367,-5.678000,-6.447367,-5.678000,-6.480327,1.656486,1.679725,5.342948,5.412260,14.209883,36551,2.024341
119417:ApriltagsCameraLog(1):,8,-6.447367,-4.667000,-6.447367,-4.667000,-6.469153,1.666802,1.667866,5.344101,5.377685,15.194438,36551,1.987263
119436:ApriltagsCameraLog(1):,13,-6.469153,8.096000,-6.469153,-6.469153,-6.448451,2.056924,1.667073,5.443894,5.360903,166.819806,36546,8.863641
119437:ApriltagsCameraLog(1):,15,-6.469153,-11.404000,-6.469153,-11.404000,-6.448476,1.511210,1.861991,5.434177,5.402434,29.656163,36546,2.857128
119456:ApriltagsCameraLog(1):,7,-6.448476,-5.696000,-6.448476,-5.696000,-6.481673,1.656482,1.686026,5.342915,5.410762,14.187597,36553,2.024341
119458:ApriltagsCameraLog(1):,8,-6.448476,-4.602000,-6.448476,-4.602000,-6.470784,1.669333,1.671026,5.343783,5.376939,15.303429,36553,1.989766
119460:ApriltagsCameraLog(1):,13,-6.470784,8.182000,-6.470784,-6.470784,-6.446706,2.049390,1.669913,5.445014,5.360376,167.565154,36547,8.871259
119461:ApriltagsCameraLog(1):,15,-6.470784,-11.410000,-6.470784,-11.410000,-6.446738,1.511237,1.859642,5.434266,5.402739,29.664839,36547,2.857128
119495:ApriltagsCameraLog(1):,7,-6.446738,-5.740000,-6.446738,-5.740000,-6.477248,1.656489,1.684868,5.342967,5.410994,14.127246,36555,2.024341
119497:ApriltagsCameraLog(1):,8,-6.446738,-4.535000,-6.446738,-4.535000,-6.466924,1.666798,1.670462,5.344120,5.377071,15.363882,36555,1.987263
119499:ApriltagsCameraLog(1):,13,-6.466924,7.510000,-6.466924,-6.466924,-6.442068,2.059396,1.668356,5.443252,5.360628,162.776479,36549,8.861101
119501:ApriltagsCameraLog(1):,15,-6.466924,-11.443000,-6.466924,-11.443000,-6.442095,1.511174,1.863868,5.434056,5.401977,29.738033,36549,2.857128
119516:ApriltagsCameraLog(1):,7,-6.442095,-5.703000,-6.442095,-5.703000,-6.475485,1.656505,1.686935,5.343104,5.410366,14.169941,36556,2.024341
119517:ApriltagsCameraLog(1):,8,-6.442095,-4.517000,-6.442095,-4.517000,-6.464695,1.666769,1.671496,5.344258,5.376837,15.381110,36556,1.987263
119556:ApriltagsCameraLog(1):,7,-6.464695,-5.730000,-6.464695,-5.730000,-6.439659,1.656424,1.668859,5.342436,5.360589,14.164136,36558,2.024341
119559:ApriltagsCameraLog(1):,8,-6.464695,-4.644000,-6.464695,-4.644000,-6.429778,1.666911,1.662586,5.343586,5.351550,15.246455,36558,1.987263
119560:ApriltagsCameraLog(1):,13,-6.464695,6.436000,-6.464695,-6.464695,-6.406656,2.024296,1.664687,5.449423,5.347535,156.122340,36551,8.896703
119562:ApriltagsCameraLog(1):,15,-6.464695,-11.428000,-6.464695,-11.428000,-6.439691,1.511137,1.846568,5.433934,5.405045,29.712672,36551,2.857128
119578:ApriltagsCameraLog(1):,13,-6.439691,5.469000,-6.439691,-6.439691,-6.473044,2.036045,1.678332,5.441461,5.412228,149.136092,36553,8.883957
119583:ApriltagsCameraLog(1):,15,-6.439691,-11.415000,-6.439691,-11.415000,-6.472999,1.510729,1.857193,5.432568,5.426793,29.736508,36553,2.857128
119596:ApriltagsCameraLog(1):,7,-6.472999,-5.776000,-6.472999,-5.776000,-6.506016,1.656395,1.683942,5.342190,5.422257,14.114397,36560,2.024341
119598:ApriltagsCameraLog(1):,8,-6.472999,-4.652000,-6.472999,-4.652000,-6.495816,1.666964,1.669917,5.343339,5.382311,15.246846,36560,1.987263
119600:ApriltagsCameraLog(1):,13,-6.495816,6.219000,-6.495816,-6.495816,-6.471943,2.044929,1.668131,5.449595,5.362850,154.485070,36554,8.876338
119602:ApriltagsCameraLog(1):,15,-6.495816,-11.412000,-6.495816,-11.412000,-6.471974,1.511646,1.856521,5.435634,5.406262,29.619104,36554,2.857128
119616:ApriltagsCameraLog(1):,7,-6.471974,-5.765000,-6.471974,-5.765000,-6.505107,1.656398,1.683559,5.342220,5.413555,14.127558,36561,2.024341
119618:ApriltagsCameraLog(1):,8,-6.471974,-4.649000,-6.471974,-4.649000,-6.494776,1.666957,1.669752,5.343369,5.377975,15.249393,36561,1.987263
119636:ApriltagsCameraLog(1):,13,-6.494776,6.614000,-6.494776,-6.494776,-6.470882,2.024715,1.668080,5.451727,5.360696,157.540009,36556,8.896655
119638:ApriltagsCameraLog(1):,15,-6.494776,-11.414000,-6.494776,-11.414000,-6.470912,1.511629,1.846388,5.435577,5.406248,29.625141,36556,2.857128
119656:ApriltagsCameraLog(1):,7,-6.470912,-5.806000,-6.470912,-5.806000,-6.504059,1.656402,1.678482,5.342252,5.413732,14.072058,36563,2.024341
119659:ApriltagsCameraLog(1):,8,-6.470912,-4.641000,-6.470912,-4.641000,-6.494277,1.666950,1.667227,5.343401,5.378059,15.258342,36563,1.987263
119676:ApriltagsCameraLog(1):,13,-6.494277,6.714000,-6.494277,-6.494277,-6.473046,2.022467,1.666812,5.454458,5.360733,158.266384,36558,8.899243
119678:ApriltagsCameraLog(1):,15,-6.494277,-11.390000,-6.494277,-11.390000,-6.473076,1.511621,1.844630,5.435550,5.407633,29.578475,36558,2.857128
119695:ApriltagsCameraLog(1):,7,-6.473076,-5.659000,-6.473076,-5.659000,-6.506118,1.656394,1.677630,5.342188,5.414482,14.268876,36565,2.024341
119698:ApriltagsCameraLog(1):,8,-6.473076,-4.609000,-6.473076,-4.609000,-6.494446,1.666964,1.666750,5.343336,5.378413,15.302407,36565,1.987263
119716:ApriltagsCameraLog(1):,13,-6.494446,6.643000,-6.494446,-6.494446,-6.470157,2.017424,1.666573,5.455060,5.360874,157.877375,36559,8.904322
119719:ApriltagsCameraLog(1):,15,-6.494446,-11.361000,-6.494446,-11.361000,-6.470191,1.511624,1.841987,5.435559,5.408008,29.520554,36559,2.857128
119736:ApriltagsCameraLog(1):,7,-6.470191,-5.615000,-6.470191,-5.615000,-6.503122,1.656405,1.676319,5.342273,5.414769,14.323127,36566,2.024341
119738:ApriltagsCameraLog(1):,8,-6.470191,-4.666000,-6.470191,-4.666000,-6.490929,1.666946,1.666086,5.343422,5.378598,15.225167,36566,1.987263
119739:ApriltagsCameraLog(1):,13,-6.490929,5.693000,-6.490929,-6.490929,-6.467303,2.049862,1.666240,5.448238,5.361005,150.784331,36561,8.871259
119741:ApriltagsCameraLog(1):,15,-6.490929,-11.355000,-6.490929,-11.355000,-6.467334,1.511566,1.858042,5.435367,5.404661,29.515623,36561,2.857128
119776:ApriltagsCameraLog(1):,7,-6.467334,-5.628000,-6.467334,-5.628000,-6.500231,1.656415,1.684257,5.342358,5.412665,14.302204,36568,2.024341
119779:ApriltagsCameraLog(1):,8,-6.467334,-4.749000,-6.467334,-4.749000,-6.488202,1.669452,1.670072,5.343221,5.377617,15.137894,36568,1.989766
119780:ApriltagsCameraLog(1):,13,-6.488202,2.544000,-6.488202,-6.488202,-6.465523,1.951660,1.669504,5.461519,5.360425,130.870741,36563,8.970350
119782:ApriltagsCameraLog(1):,15,-6.488202,-11.361000,-6.488202,-11.361000,-6.465558,1.511521,1.810572,5.435218,5.411000,29.532953,36563,2.857128
119799:ApriltagsCameraLog(1):,7,-6.465558,-5.613000,-6.465558,-5.613000,-6.495741,1.656421,1.660622,5.342410,5.416757,14.319652,36570,2.024341
119801:ApriltagsCameraLog(1):,8,-6.465558,-4.645000,-6.465558,-4.645000,-6.483543,1.666917,1.658238,5.343560,5.379600,15.246277,36570,1.987263
119817:ApriltagsCameraLog(1):,13,-6.483543,6.981000,-6.483543,-6.483543,-6.459702,2.032023,1.662291,5.449064,5.361513,159.822376,36565,8.889036
119823:ApriltagsCameraLog(1):,15,-6.483543,-11.371000,-6.483543,-11.371000,-6.459729,1.511445,1.847149,5.434963,5.405322,29.562060,36565,2.857128
119836:ApriltagsCameraLog(1):,7,-6.459729,-5.655000,-6.459729,-5.655000,-6.492714,1.656442,1.678767,5.342583,5.412992,14.256543,36572,2.024341
119838:ApriltagsCameraLog(1):,8,-6.459729,-4.661000,-6.459729,-4.661000,-6.481086,1.669404,1.667350,5.343448,5.377869,15.241748,36572,1.989766
119840:ApriltagsCameraLog(1):,13,-6.481086,6.618000,-6.481086,-6.481086,-6.457477,2.034489,1.668107,5.448383,5.360644,157.286235,36566,8.886497
119841:ApriltagsCameraLog(1):,15,-6.481086,-11.356000,-6.481086,-11.356000,-6.457504,1.511405,1.851290,5.434829,5.404547,29.537154,36566,2.857128
119877:ApriltagsCameraLog(1):,7,-6.457504,-5.719000,-6.457504,-5.719000,-6.490431,1.656450,1.680806,5.342648,5.412467,14.169161,36573,2.024341
119879:ApriltagsCameraLog(1):,8,-6.457504,-4.624000,-6.457504,-4.624000,-6.479687,1.666866,1.668396,5.343800,5.377639,15.262975,36573,1.987263
119881:ApriltagsCameraLog(1):,13,-6.479687,6.646000,-6.479687,-6.479687,-6.455680,2.042027,1.667361,5.447299,5.360733,157.326418,36568,8.878878
119882:ApriltagsCameraLog(1):,15,-6.479687,-11.424000,-6.479687,-11.424000,-6.455710,1.511382,1.854685,5.434753,5.404055,29.674959,36568,2.857128
119896:ApriltagsCameraLog(1):,7,-6.455710,-5.638000,-6.455710,-5.638000,-6.488971,1.656457,1.682478,5.342701,5.412002,14.273671,36575,2.024341
119898:ApriltagsCameraLog(1):,8,-6.455710,-4.539000,-6.455710,-4.539000,-6.477212,1.666855,1.669214,5.343853,5.377448,15.370295,36575,1.987263
119915:ApriltagsCameraLog(1):,13,-6.477212,5.898000,-6.477212,-6.477212,-6.452315,2.036922,1.667754,5.447475,5.360672,152.311772,36570,8.883957
119918:ApriltagsCameraLog(1):,15,-6.477212,-11.426000,-6.477212,-11.426000,-6.452348,1.511342,1.852328,5.434618,5.404114,29.683847,36570,2.857128
119936:ApriltagsCameraLog(1):,7,-6.452348,-5.692000,-6.452348,-5.692000,-6.485635,1.656469,1.681282,5.342801,5.412006,14.197984,36577,2.024341
119939:ApriltagsCameraLog(1):,8,-6.452348,-4.710000,-6.452348,-4.710000,-6.474610,1.666834,1.668639,5.343953,5.377489,15.145401,36577,1.987263
119941:ApriltagsCameraLog(1):,13,-6.474610,5.968000,-6.474610,-6.474610,-6.451612,2.026766,1.667482,5.448204,5.360736,152.952947,36572,8.894115
119942:ApriltagsCameraLog(1):,15,-6.474610,-11.379000,-6.474610,-11.379000,-6.451642,1.511299,1.847115,5.434475,5.404506,29.595684,36572,2.857128
119982:ApriltagsCameraLog(1):,7,-6.474610,-5.665000,-6.474610,-5.665000,-6.487463,1.656389,1.678669,5.342142,5.412310,14.262984,36578,2.024341
119984:ApriltagsCameraLog(1):,8,-6.474610,-4.728000,-6.474610,-4.728000,-6.443481,1.666974,1.661872,5.343291,5.351477,15.150899,36578,1.987263
119986:ApriltagsCameraLog(1):,13,-6.443481,7.403000,-6.443481,-6.443481,-6.421166,2.036133,1.664363,5.442069,5.347346,162.326945,36573,8.883957
119988:ApriltagsCameraLog(1):,15,-6.443481,-11.376000,-6.443481,-11.376000,-6.421197,1.510791,1.850238,5.432775,5.394748,29.651541,36573,2.857128
119996:ApriltagsCameraLog(1):,7,-6.421197,-5.597000,-6.421197,-5.597000,-6.451665,1.656580,1.679801,5.343722,5.406456,14.282231,36580,2.024341
119998:ApriltagsCameraLog(1):,8,-6.421197,-4.746000,-6.421197,-4.746000,-6.439862,1.666637,1.667960,5.344880,5.375175,15.058789,36580,1.987263
120016:ApriltagsCameraLog(1):,13,-6.439862,7.425000,-6.439862,-6.439862,-6.417661,2.036049,1.667077,5.441489,5.360038,162.452071,36575,8.883957
120017:ApriltagsCameraLog(1):,15,-6.439862,-11.410000,-6.439862,-11.410000,-6.417688,1.510732,1.851555,5.432577,5.400799,29.726240,36575,2.857128
120036:ApriltagsCameraLog(1):,7,-6.417688,-5.619000,-6.417688,-5.619000,-6.451051,1.656592,1.680562,5.343826,5.409304,14.248572,36582,2.024341
120039:ApriltagsCameraLog(1):,8,-6.417688,-4.552000,-6.417688,-4.552000,-6.439501,1.666615,1.668342,5.344984,5.376651,15.304486,36582,1.987263
120041:ApriltagsCameraLog(1):,13,-6.439501,7.406000,-6.439501,-6.439501,-6.415123,2.025944,1.667221,5.442570,5.360833,162.514058,36577,8.894115
120043:ApriltagsCameraLog(1):,15,-6.439501,-11.366000,-6.439501,-11.366000,-6.415153,1.510726,1.846574,5.432557,5.401740,29.639586,36577,2.857128
120057:ApriltagsCameraLog(1):,7,-6.415153,-5.677000,-6.415153,-5.677000,-6.448336,1.656601,1.678091,5.343901,5.409933,14.168698,36584,2.024341
120058:ApriltagsCameraLog(1):,8,-6.415153,-4.688000,-6.415153,-4.688000,-6.437600,1.669123,1.667127,5.344776,5.376989,15.149286,36584,1.989766
120076:ApriltagsCameraLog(1):,13,-6.437600,6.783000,-6.437600,-6.437600,-6.414803,2.023376,1.667882,5.442550,5.360869,158.302349,36578,8.896655
120078:ApriltagsCameraLog(1):,15,-6.437600,-11.359000,-6.437600,-11.359000,-6.414832,1.510695,1.845621,5.432453,5.401745,29.629462,36578,2.857128
120096:ApriltagsCameraLog(1):,7,-6.414832,-5.576000,-6.414832,-5.576000,-6.447981,1.656603,1.677602,5.343910,5.409913,14.301541,36585,2.024341
120098:ApriltagsCameraLog(1):,8,-6.414832,-4.606000,-6.414832,-4.606000,-6.435955,1.666597,1.666855,5.345069,5.376991,15.231152,36585,1.987263
120116:ApriltagsCameraLog(1):,13,-6.435955,6.323000,-6.435955,-6.435955,-6.412237,2.016050,1.666474,5.445664,5.361034,155.294758,36580,8.904322
120118:ApriltagsCameraLog(1):,15,-6.435955,-11.390000,-6.435955,-11.390000,-6.412268,1.510668,1.841254,5.432364,5.403385,29.694285,36580,2.857128
120136:ApriltagsCameraLog(1):,7,-6.412268,-5.596000,-6.412268,-5.596000,-6.445570,1.656612,1.675438,5.343986,5.410733,14.271768,36587,2.024341
120138:ApriltagsCameraLog(1):,8,-6.412268,-4.850000,-6.412268,-4.850000,-6.433829,1.669105,1.665781,5.344862,5.377429,14.936285,36587,1.989766
120157:ApriltagsCameraLog(1):,13,-6.433829,5.439000,-6.433829,-6.433829,-6.412902,2.005905,1.667220,5.446461,5.361124,149.426065,36581,8.914480
120159:ApriltagsCameraLog(1):,15,-6.433829,-11.367000,-6.433829,-11.367000,-6.412930,1.510634,1.836555,5.432247,5.403823,29.652835,36581,2.857128
120176:ApriltagsCameraLog(1):,7,-6.412930,-5.723000,-6.412930,-5.723000,-6.446119,1.656609,1.673083,5.343967,5.411029,14.105068,36589,2.024341
120178:ApriltagsCameraLog(1):,8,-6.412930,-4.669000,-6.412930,-4.669000,-6.436009,1.666585,1.664638,5.345126,5.377549,15.147441,36589,1.987263
120179:ApriltagsCameraLog(1):,13,-6.436009,1.963000,-6.436009,-6.436009,-6.412983,1.975668,1.665364,5.450228,5.361324,126.142935,36583,8.944954
120182:ApriltagsCameraLog(1):,15,-6.436009,-11.373000,-6.436009,-11.373000,-6.413019,1.513193,1.820507,5.432082,5.405807,29.630442,36583,2.854619
